weight: 2319
vertices-order: 
1
40
41
53
42
43
55
58
76
77
75
74
73
69
61
85
97
130
96
129
128
127
126
125
124
123
122
132
121
120
119
118
144
143
142
156
171
172
173
182
183
192
229
228
184
185
193
230
231
232
236
186
187
188
189
196
197
198
199
174
175
190
176
152
153
133
134
135
136
137
145
138
139
147
150
166
167
194
239
165
164
163
162
159
161
158
148
151
149
141
140
157
117
116
114
131
154
170
180
226
227
225
224
223
222
221
235
220
219
218
217
216
215
214
213
212
234
211
210
195
237
242
247
248
302
323
339
352
365
336
256
270
257
258
271
284
285
338
357
369
376
286
287
288
289
290
320
325
321
326
329
350
351
359
370
379
360
361
371
362
363
380
364
372
366
367
373
349
378
348
358
377
327
330
328
324
291
292
308
293
294
295
296
297
298
299
300
301
309
303
304
305
306
307
278
279
310
331
354
374
375
353
311
312
313
314
280
281
315
332
344
355
343
341
342
340
333
345
346
347
356
335
334
316
317
318
282
269
254
255
283
319
337
368
277
244
241
208
209
207
206
205
204
203
202
233
201
200
253
252
268
251
243
240
249
250
267
275
276
274
266
322
259
260
261
272
262
263
273
264
265
246
245
238
178
168
191
179
169
155
113
94
89
82
93
111
112
110
109
108
107
106
105
104
146
160
181
177
101
115
87
72
84
70
54
51
15
16
20
36
21
22
2
3
4
5
6
7
23
37
24
25
8
88
81
98
99
100
102
103
56
59
57
62
45
17
18
46
63
78
79
80
86
65
71
64
47
48
19
44
14
13
12
35
60
68
92
91
90
34
33
32
31
52
50
49
66
95
83
67
11
30
39
29
10
28
27
38
26
9

