0.5 0.95 0.2 0.1 1685 1730.36 3.27967
366
367
373
353
354
375
374
380
371
361
360
370
359
379
378
377
357
338
369
376
365
352
339
323
302
336
284
285
286
287
288
289
290
320
325
358
348
349
350
351
328
330
327
329
326
321
322
324
291
292
308
293
294
295
296
297
298
274
266
275
276
249
250
267
311
312
313
314
280
281
315
316
332
333
334
317
318
282
335
283
241
244
255
254
269
253
252
268
251
243
240
200
201
233
202
203
204
205
206
207
208
209
165
164
163
162
159
161
158
153
152
176
190
175
198
199
197
196
174
189
188
187
186
232
236
231
230
193
185
184
192
229
228
183
182
173
172
171
157
156
155
154
170
180
225
224
223
226
227
246
265
264
273
263
262
272
261
260
259
271
258
257
270
256
248
247
242
245
238
237
195
210
211
234
212
213
214
215
216
217
218
219
220
235
221
222
191
179
169
178
168
177
160
181
146
115
101
104
105
72
84
70
54
51
15
16
20
36
21
2
3
22
4
5
6
7
23
37
24
8
25
26
38
27
9
28
10
29
39
30
11
49
50
52
67
66
95
83
94
89
82
93
88
81
87
106
107
108
109
110
111
112
113
131
114
116
117
142
143
144
118
119
120
121
132
122
123
124
125
126
90
91
92
68
60
31
32
33
34
35
12
13
14
1
40
61
69
53
41
42
43
55
58
56
44
45
17
18
46
47
48
19
65
71
86
80
79
78
64
63
62
57
59
77
76
75
74
73
85
128
127
129
96
130
97
98
99
100
102
103
133
134
135
136
137
145
138
139
140
141
149
151
148
147
150
166
167
194
239
277
319
337
368
356
347
346
345
355
344
343
341
342
340
331
310
279
278
307
306
305
304
303
309
301
300
299
362
363
364
372
