mst-weight: 1444
improvements: 71
initial-cycle-weight: 2328
final-cycle-weight: 1749
178
168
107
106
105
104
101
115
146
181
160
177
210
211
234
212
213
214
215
216
217
218
219
220
235
221
222
223
224
225
226
227
180
170
154
155
156
157
171
172
173
182
183
228
229
192
184
185
193
230
231
232
236
186
187
188
189
196
197
198
199
174
175
190
176
152
153
133
134
135
136
137
138
145
159
158
161
162
163
164
165
209
244
241
208
207
206
205
204
203
202
233
201
200
253
252
268
251
243
240
267
250
249
279
278
307
306
305
304
303
309
301
300
276
275
266
274
299
298
297
296
295
294
293
308
292
291
324
328
330
327
322
265
246
264
273
263
262
272
261
260
259
271
258
257
270
256
247
242
195
237
238
245
248
302
323
339
352
365
336
376
369
357
338
284
285
286
287
288
289
290
325
320
321
326
329
349
348
358
377
378
350
351
359
379
370
360
361
371
362
363
364
380
372
366
367
373
374
375
353
354
331
310
311
312
313
340
342
341
343
344
355
345
346
347
356
335
334
333
332
314
280
281
315
316
317
318
282
269
254
255
283
368
337
319
277
239
194
167
166
150
147
139
148
151
149
141
140
71
65
86
80
79
78
63
64
19
48
47
46
18
17
45
44
59
57
62
77
76
75
56
58
55
43
42
53
41
40
1
14
13
12
35
34
33
32
31
52
50
49
11
30
39
29
10
28
27
38
26
9
83
95
66
67
90
91
92
68
60
85
61
69
73
74
103
102
100
99
98
97
130
96
129
128
127
126
125
124
123
122
132
121
120
119
118
144
143
142
117
116
114
131
94
89
82
93
88
81
25
8
24
37
23
7
6
5
4
3
2
22
21
36
20
16
15
51
54
70
84
72
87
108
109
110
111
112
113
191
179
169

improvements: 66
initial-cycle-weight: 2340
final-cycle-weight: 1749
140
147
139
138
145
137
78
63
64
79
80
86
71
65
19
48
47
46
18
17
45
62
57
59
56
44
43
55
58
77
76
75
74
73
69
53
42
41
40
1
14
13
12
35
34
33
32
31
52
50
49
11
30
39
29
10
28
27
9
26
38
88
81
25
8
24
37
23
7
6
5
4
3
2
22
21
36
20
16
15
51
54
70
84
72
87
115
101
104
105
106
107
108
109
110
111
112
93
82
89
94
113
131
114
116
117
83
95
66
67
90
91
92
68
60
61
85
103
102
100
99
98
97
130
96
129
128
127
126
125
124
123
122
132
121
120
119
118
144
143
142
157
156
171
172
173
182
183
228
229
192
184
185
193
230
231
232
236
186
187
188
189
196
197
198
199
174
175
190
176
152
153
133
134
135
136
158
161
159
162
163
164
165
209
244
241
208
207
206
205
204
203
202
233
201
200
253
252
268
251
243
240
267
250
249
279
278
307
306
305
304
303
309
301
300
276
275
266
274
299
298
297
296
295
294
293
308
292
291
324
328
330
327
322
265
246
264
273
263
262
272
261
260
259
271
258
257
270
256
247
242
237
195
210
211
234
212
213
214
215
216
217
218
219
220
235
221
222
223
224
225
226
227
180
170
155
154
191
179
169
178
168
177
160
146
181
238
245
248
302
323
339
352
365
336
376
369
357
338
284
285
286
287
288
289
290
325
320
321
326
329
349
348
358
377
378
350
351
359
379
370
360
361
371
362
363
364
380
372
366
367
373
374
375
353
354
331
310
311
312
313
340
342
341
343
344
355
345
346
347
356
335
334
333
332
314
280
281
315
316
317
318
282
269
254
255
283
368
337
319
277
239
194
167
166
150
148
151
149
141

improvements: 67
initial-cycle-weight: 2285
final-cycle-weight: 1714
177
160
181
146
115
101
104
105
106
107
108
109
87
72
84
70
54
51
15
16
20
36
21
22
2
3
4
5
6
7
23
37
24
8
25
81
88
93
110
111
112
82
89
94
113
131
114
116
117
142
143
144
118
119
120
121
132
122
123
124
125
126
127
128
129
96
130
97
98
99
100
102
103
74
73
69
61
85
60
68
92
91
90
67
66
95
83
9
26
38
27
28
10
29
39
30
11
49
50
52
31
32
33
34
35
12
13
14
1
40
41
53
42
43
55
58
75
76
77
62
57
59
56
44
45
17
18
46
47
48
19
64
63
78
79
80
86
65
71
140
141
149
151
148
139
147
150
166
167
194
239
277
319
337
368
283
255
254
269
282
318
317
316
315
281
280
314
333
334
335
356
347
346
345
332
355
344
343
341
342
340
313
312
311
310
331
354
353
375
374
373
367
366
372
380
364
363
362
371
361
360
370
379
359
351
350
349
348
358
378
377
376
369
357
338
284
285
286
287
288
289
290
325
320
321
326
329
322
327
330
328
324
291
292
308
293
294
295
296
297
298
299
274
266
275
276
300
301
309
303
304
305
306
307
278
279
249
250
267
240
243
251
268
252
253
200
201
233
202
203
204
205
206
207
208
241
244
209
165
164
163
162
161
158
159
145
138
137
136
135
134
133
153
152
176
190
175
174
199
198
197
196
189
188
187
186
236
232
231
230
193
185
184
192
229
228
183
182
173
172
171
157
156
155
154
170
180
226
227
246
265
264
273
263
262
272
261
260
259
271
258
257
270
256
336
365
352
339
323
302
248
247
242
245
238
237
195
210
211
234
212
213
214
215
216
217
218
219
220
235
221
222
223
224
225
191
179
169
178
168

improvements: 64
initial-cycle-weight: 2236
final-cycle-weight: 1711
200
201
233
202
203
204
205
206
207
208
209
165
164
163
162
161
158
159
145
138
137
136
135
134
133
153
152
176
190
175
174
199
198
197
196
189
188
187
186
236
232
231
230
193
185
184
192
229
228
183
182
173
172
171
157
156
155
154
170
180
227
226
225
224
223
222
221
235
220
219
218
217
259
260
261
272
262
263
273
264
265
246
274
266
275
276
249
250
267
279
278
307
306
305
304
303
309
301
300
299
298
297
296
295
294
293
308
292
291
324
322
328
330
327
329
350
351
359
370
360
361
371
362
363
364
372
366
367
373
353
354
375
374
380
379
378
377
358
348
349
326
321
320
325
290
289
288
287
286
285
338
357
369
376
336
365
352
339
323
302
284
271
258
257
270
256
248
247
242
245
238
237
195
210
211
234
212
213
214
215
216
178
168
169
179
191
113
112
111
110
109
108
107
177
160
181
146
115
101
104
105
106
87
72
84
70
54
51
15
16
20
36
21
22
2
3
4
5
6
7
23
37
24
8
25
81
88
93
82
89
94
131
114
116
117
142
143
144
118
119
120
121
132
122
123
124
125
126
127
128
129
96
130
97
98
99
100
102
103
74
73
69
61
85
60
68
92
91
90
67
66
95
83
9
26
38
27
28
10
29
39
30
11
49
50
52
31
32
33
34
35
12
13
14
1
40
41
53
42
43
55
58
75
76
77
62
57
59
56
44
45
17
18
46
47
48
19
64
63
78
79
80
86
65
71
140
141
149
151
148
139
147
150
166
167
194
239
241
244
255
283
277
319
337
368
335
356
347
346
345
334
333
332
355
344
343
341
342
340
331
310
311
312
313
314
280
281
315
316
317
318
282
254
269
253
252
268
251
243
240

improvements: 65
initial-cycle-weight: 2331
final-cycle-weight: 1791
58
55
43
42
53
41
40
1
14
13
12
35
60
68
92
91
90
34
33
32
31
52
50
67
95
83
66
49
11
30
39
29
10
28
27
9
26
38
88
81
25
8
24
37
23
7
6
5
4
3
2
22
21
36
20
16
15
51
54
70
84
72
87
115
101
104
105
106
107
108
109
110
111
112
93
82
89
94
113
131
114
116
117
142
143
144
118
119
120
121
132
122
123
124
125
126
157
156
171
172
173
182
183
228
229
192
184
185
193
230
231
232
236
186
187
188
189
196
197
198
199
174
175
190
176
152
153
133
134
135
136
158
161
159
162
163
164
145
137
138
139
147
150
165
209
244
241
208
207
206
205
204
203
202
233
201
200
253
252
268
251
243
240
267
250
249
279
278
307
306
305
304
303
309
301
300
276
275
266
274
299
298
297
296
295
294
293
308
292
291
324
328
330
327
322
265
246
264
273
263
262
272
261
260
259
271
258
257
270
256
247
242
237
195
210
211
234
212
213
214
215
216
217
218
219
220
235
221
222
223
224
225
226
227
180
170
155
154
191
179
169
178
168
177
160
146
181
238
245
248
302
323
339
352
365
336
376
369
357
338
284
285
286
287
288
289
290
325
320
321
326
329
349
348
358
377
378
350
351
359
379
370
360
361
371
362
363
364
380
372
366
367
373
374
375
353
354
331
310
311
312
313
340
342
341
343
344
355
345
346
347
356
335
334
333
332
314
280
281
315
316
317
318
282
269
254
255
283
368
337
319
277
239
194
167
166
148
151
149
141
140
71
65
86
80
79
78
64
47
48
19
17
18
46
63
77
76
103
102
100
99
98
97
130
96
129
128
127
85
61
69
73
74
75
56
59
57
62
45
44

improvements: 58
initial-cycle-weight: 2211
final-cycle-weight: 1738
279
278
307
306
305
304
303
309
301
300
299
298
297
296
295
294
293
308
292
291
324
322
328
330
327
329
350
351
359
370
360
361
371
362
363
364
372
366
367
373
353
354
375
374
380
379
378
377
358
348
349
326
321
320
325
290
289
288
287
286
285
338
357
369
376
336
365
352
339
323
302
284
271
258
257
270
256
248
247
242
245
238
237
195
210
211
234
212
213
214
215
216
178
168
169
179
191
113
112
111
110
109
108
107
177
160
181
146
115
101
104
105
106
87
72
84
70
54
51
15
16
20
36
21
22
2
3
4
5
6
7
23
37
24
8
25
81
88
93
82
89
94
131
114
116
117
142
143
144
118
119
120
121
132
122
123
124
125
126
127
128
129
96
130
97
98
99
100
102
103
74
73
69
61
85
60
68
92
91
90
67
66
95
83
9
26
38
27
28
10
29
39
30
11
49
50
52
31
32
33
34
35
12
13
14
1
40
41
53
42
43
55
58
75
76
77
62
57
59
56
44
45
17
18
46
47
48
19
64
63
78
79
80
86
65
71
140
141
149
151
148
139
147
150
166
167
194
239
277
319
337
368
283
255
254
269
282
318
317
316
315
334
335
356
347
346
345
333
332
355
344
343
342
341
340
331
310
311
312
313
314
280
281
253
252
268
251
243
240
200
201
233
202
203
204
205
206
207
208
241
244
209
165
164
163
162
161
158
159
145
138
137
136
135
134
133
153
152
176
190
175
174
199
198
197
196
189
188
187
186
236
232
231
230
193
185
184
192
229
228
183
182
173
172
171
157
156
155
154
170
180
227
226
225
224
223
222
221
235
220
219
218
217
259
260
261
272
262
263
273
264
265
246
274
266
275
276
249
250
267

improvements: 55
initial-cycle-weight: 2242
final-cycle-weight: 1758
353
354
375
374
380
379
378
377
358
348
349
321
320
325
290
289
288
287
286
285
338
357
369
376
336
365
352
339
323
302
284
271
258
257
270
256
248
247
242
245
238
237
195
210
211
234
212
213
214
215
216
178
168
169
179
191
113
112
111
110
109
108
107
177
160
181
146
115
101
104
105
106
87
72
84
70
54
51
15
16
20
36
21
22
2
3
4
5
6
7
23
37
24
8
25
81
88
93
82
89
94
131
114
116
117
142
156
155
154
170
180
227
226
225
224
223
222
221
235
220
219
218
217
259
260
261
272
262
263
273
264
265
246
274
266
275
276
249
250
267
240
243
251
268
252
253
200
201
233
202
203
204
205
206
207
208
241
244
209
165
164
163
162
161
158
159
145
138
137
136
135
134
133
153
152
176
190
175
174
199
198
197
196
189
188
187
186
236
232
231
230
193
185
184
192
229
228
183
182
173
172
171
157
143
144
118
119
120
121
132
122
123
124
125
126
127
128
129
96
130
97
98
99
100
102
103
74
73
69
61
85
60
68
92
91
90
67
66
95
83
9
26
38
27
28
10
29
39
30
11
49
50
52
31
32
33
34
35
12
13
14
1
40
41
53
42
43
55
58
75
76
77
62
57
59
56
44
45
17
18
46
47
48
19
64
63
78
79
80
86
65
71
140
141
149
151
148
139
147
150
166
167
194
239
277
319
337
368
283
255
254
269
282
318
317
316
315
281
280
314
333
334
335
356
347
346
345
332
355
344
343
341
342
340
313
312
311
331
310
279
278
307
306
305
304
303
309
301
300
299
298
297
296
295
294
293
308
292
291
324
328
330
327
322
326
329
350
351
359
370
360
361
371
362
363
364
372
366
367
373

improvements: 62
initial-cycle-weight: 2339
final-cycle-weight: 1752
25
8
24
37
23
7
6
5
4
3
2
22
21
36
20
16
15
51
54
70
84
72
87
115
101
104
105
106
107
108
109
110
111
112
93
82
89
94
113
131
114
116
117
83
95
66
67
90
91
92
68
60
85
61
69
73
74
75
76
77
103
102
100
99
98
97
130
96
129
128
127
126
125
124
123
122
132
121
120
119
118
144
143
142
157
156
171
172
173
182
183
228
229
192
184
185
193
230
231
232
236
186
187
188
189
196
197
198
199
174
175
190
176
152
153
133
134
135
136
137
138
145
159
158
161
162
163
164
165
209
244
241
208
207
206
205
204
203
202
233
201
200
253
252
268
251
243
240
267
250
249
279
278
307
306
305
304
303
309
301
300
276
275
266
274
299
298
297
296
295
294
293
308
292
291
324
328
330
327
322
265
246
264
273
263
262
272
261
260
259
271
258
257
270
256
247
242
237
195
210
211
234
212
213
214
215
216
217
218
219
220
235
221
222
223
224
225
226
227
180
170
155
154
191
179
169
178
168
177
160
146
181
238
245
248
302
323
339
352
365
336
376
369
357
338
284
285
286
287
288
289
290
325
320
321
326
329
349
348
358
377
378
350
351
359
379
370
360
361
371
362
363
364
380
372
366
367
373
374
375
353
354
331
310
311
312
313
340
342
341
343
344
355
345
346
347
356
335
334
333
332
314
280
281
315
316
317
318
282
269
254
255
283
368
337
319
277
239
194
167
166
150
147
139
148
151
149
141
140
71
65
19
48
47
64
86
80
79
78
63
46
18
17
45
62
57
59
56
44
58
55
43
42
53
41
40
1
14
13
12
35
34
33
32
31
52
50
49
11
30
39
29
10
28
27
9
26
38
88
81

improvements: 58
initial-cycle-weight: 2247
final-cycle-weight: 1770
329
327
330
328
324
291
292
308
293
294
295
296
297
360
361
371
362
363
364
372
366
367
373
353
354
375
374
380
379
370
359
351
350
349
378
377
358
348
326
321
320
325
290
289
288
287
286
285
338
357
369
376
336
365
352
339
323
302
284
271
258
257
270
256
248
247
242
245
238
237
195
210
211
234
212
213
214
215
216
178
168
169
179
191
113
112
111
110
109
108
107
177
160
181
146
115
101
104
105
106
87
72
84
70
54
51
15
16
20
36
21
22
2
3
4
5
6
7
23
37
24
8
25
81
88
93
82
89
94
131
114
116
117
142
143
144
118
119
120
121
132
122
123
124
125
126
127
128
129
96
130
97
98
99
100
102
103
74
73
69
61
85
60
68
92
91
90
67
66
95
83
9
26
38
27
28
10
29
39
30
11
49
50
52
31
32
33
34
35
12
13
14
1
40
41
53
42
43
55
58
75
76
77
62
57
59
56
44
45
17
18
46
47
48
19
64
63
78
79
80
86
65
71
140
141
149
151
148
139
147
150
166
167
194
239
277
319
337
368
283
255
254
269
282
318
317
316
315
281
280
314
333
334
335
356
347
346
345
332
355
344
343
341
342
340
313
312
311
331
310
279
278
307
306
305
304
303
309
301
300
299
298
274
266
275
276
249
250
267
240
243
251
268
252
253
200
201
233
202
203
204
205
206
207
208
241
244
209
165
164
163
162
161
158
159
145
138
137
136
135
134
133
153
152
176
190
175
174
199
198
197
196
189
188
187
186
236
232
231
230
193
185
184
192
229
228
183
182
173
172
171
157
156
155
154
170
180
227
226
225
224
223
222
221
235
220
219
218
217
259
260
261
272
262
263
273
264
246
265
322

improvements: 55
initial-cycle-weight: 2242
final-cycle-weight: 1779
249
250
267
240
243
251
268
252
253
200
201
233
202
203
204
205
206
207
208
241
244
209
165
150
147
139
138
137
145
164
163
162
159
161
158
136
135
134
133
153
152
176
190
175
174
199
198
197
196
189
188
187
186
236
232
231
230
193
185
184
192
229
228
183
182
173
172
171
157
156
155
154
113
112
111
110
109
108
107
106
177
160
181
146
115
101
104
105
87
72
84
70
54
51
15
16
20
36
21
22
2
3
4
5
6
7
23
37
24
8
25
81
88
93
82
89
94
131
114
116
117
142
143
144
118
119
120
121
132
122
123
124
125
126
127
128
129
96
130
97
98
99
100
102
103
74
73
69
61
85
60
68
92
91
90
67
66
95
83
9
26
38
27
28
10
29
39
30
11
49
50
52
31
32
33
34
35
12
13
14
1
40
41
53
42
43
55
58
56
75
76
77
62
57
59
44
45
17
18
46
47
48
19
64
63
78
79
80
86
65
71
140
141
149
151
148
166
167
194
239
277
319
337
368
283
255
254
269
282
318
317
316
315
281
280
314
333
334
335
356
347
346
345
332
355
344
343
341
342
340
313
312
311
310
279
278
331
354
353
375
374
373
367
366
372
380
364
363
362
371
361
360
370
379
359
351
350
349
378
377
358
348
326
321
320
325
290
289
288
287
286
285
338
357
369
376
336
365
352
339
323
302
284
271
258
257
270
256
248
247
242
245
238
237
195
210
211
234
212
213
214
215
216
178
168
169
179
191
170
180
227
226
225
224
223
222
221
235
220
219
218
217
259
260
261
272
262
263
273
264
246
265
322
329
327
330
328
324
291
292
308
293
294
295
296
297
298
299
300
301
309
303
304
305
306
307
274
266
275
276

improvements: 72
initial-cycle-weight: 2334
final-cycle-weight: 1737
229
192
184
185
193
230
231
232
236
186
187
188
189
196
197
198
199
174
175
190
176
152
153
133
134
135
136
137
138
145
159
158
161
162
163
164
165
209
244
241
208
207
206
205
204
203
202
233
201
200
253
252
268
251
243
240
267
250
249
279
278
307
306
305
304
303
309
301
300
276
275
266
274
299
298
297
296
295
294
293
308
292
291
324
328
330
327
329
326
321
322
265
246
264
273
263
262
272
261
260
259
271
258
257
270
256
248
302
323
339
352
365
336
376
369
357
338
284
285
286
287
288
289
290
320
325
349
348
358
377
378
350
351
359
379
370
360
361
371
362
363
364
380
372
366
367
373
374
375
353
354
331
310
311
312
313
340
342
341
343
344
355
345
346
347
356
335
334
333
332
314
280
281
315
316
317
318
282
269
254
255
283
368
337
319
277
239
194
167
166
150
147
139
148
151
149
141
140
71
65
86
80
79
78
63
64
19
48
47
46
18
17
45
44
59
57
62
77
76
75
56
58
55
43
42
53
41
40
1
14
13
12
35
34
33
32
31
52
50
49
11
30
39
29
10
28
27
38
26
9
83
95
66
67
90
91
92
68
60
85
61
69
73
74
103
102
100
99
98
97
130
96
129
128
127
126
125
124
123
122
132
121
120
119
118
144
143
142
117
116
114
131
113
94
89
82
93
88
81
25
8
24
37
23
7
6
5
4
3
2
22
21
36
20
16
15
51
54
70
84
72
87
115
101
104
105
106
107
108
109
110
111
112
191
179
169
178
168
177
160
146
181
238
245
247
242
237
195
210
211
234
212
213
214
215
216
217
218
219
220
235
221
222
223
224
225
226
227
180
170
154
155
156
157
171
172
173
182
183
228

improvements: 63
initial-cycle-weight: 2254
final-cycle-weight: 1737
273
263
262
272
261
260
259
217
218
219
220
235
221
222
223
224
225
226
227
180
170
154
155
156
157
171
172
173
182
183
228
229
192
184
185
193
230
231
232
236
186
187
188
189
196
197
198
199
174
175
190
176
152
153
133
134
135
136
137
145
138
139
147
150
165
164
163
162
159
158
161
200
201
233
202
203
204
205
206
207
208
209
241
244
254
255
283
368
337
319
277
239
194
167
166
148
151
149
141
140
71
65
86
80
79
78
63
64
19
48
47
46
18
17
45
44
56
59
57
62
77
76
75
58
55
43
42
53
41
40
1
14
13
12
35
34
33
32
31
52
50
49
11
30
39
29
10
28
27
38
26
9
83
95
66
67
90
91
92
68
60
85
61
69
73
74
103
102
100
99
98
97
130
96
129
128
127
126
125
124
123
122
132
121
120
119
118
144
143
142
117
116
114
131
94
89
82
93
88
81
25
8
24
37
23
7
6
5
4
3
2
22
21
36
20
16
15
51
54
70
84
72
87
106
105
104
101
115
146
181
160
177
107
108
109
110
111
112
113
191
179
169
168
178
216
215
214
213
212
234
211
210
195
237
238
245
242
247
248
256
270
257
258
271
284
302
323
339
352
365
336
376
369
357
338
285
286
287
288
289
290
320
325
348
358
377
378
349
350
351
359
379
370
360
361
371
362
363
364
380
372
366
367
373
374
375
353
354
331
310
311
312
313
340
342
341
343
344
355
345
346
347
356
335
334
333
332
314
280
281
315
316
317
318
282
269
253
252
268
251
243
240
267
250
249
279
278
307
306
305
304
303
309
301
300
276
275
266
274
299
298
297
296
295
294
293
308
292
291
324
328
330
327
322
329
326
321
264
265
246

improvements: 65
initial-cycle-weight: 2330
final-cycle-weight: 1763
25
8
24
37
23
7
6
5
4
3
2
22
21
36
20
16
15
51
54
70
84
72
87
115
101
104
105
106
107
108
109
110
111
112
93
82
89
94
114
113
131
154
191
179
169
178
168
177
160
146
181
238
245
247
242
237
195
210
211
234
212
213
214
215
216
217
218
219
220
235
221
222
223
224
225
226
227
180
170
155
156
142
117
116
83
95
66
67
90
91
92
68
60
85
61
69
73
74
75
103
102
100
99
98
97
130
96
129
128
127
126
125
124
123
122
132
121
120
119
118
144
143
157
171
172
173
182
183
228
229
192
184
185
193
230
231
232
236
186
187
188
189
196
197
198
199
174
175
190
176
152
153
133
134
135
136
137
138
145
159
158
161
162
163
164
165
209
244
241
208
207
206
205
204
203
202
233
201
200
253
252
268
251
243
240
267
250
249
279
278
307
306
305
304
303
309
301
300
276
275
266
274
299
298
297
296
295
294
293
308
292
291
324
328
330
327
329
326
321
322
265
246
264
273
263
262
272
261
260
259
271
258
257
270
256
248
302
323
339
352
365
336
376
369
357
338
284
285
286
287
288
289
290
320
325
349
348
358
377
378
350
351
359
379
370
360
361
371
362
363
364
380
372
366
367
373
374
375
353
354
331
310
311
312
313
340
342
341
343
344
355
345
346
347
356
335
334
333
332
314
280
281
315
316
317
318
282
269
254
255
283
368
337
319
277
239
194
167
166
150
147
139
148
151
149
141
140
71
65
86
80
79
78
64
47
48
19
17
18
46
63
77
76
56
59
57
62
45
44
58
55
43
42
53
41
40
1
14
13
12
35
34
33
32
31
52
50
49
11
30
39
29
10
28
27
9
26
38
88
81

improvements: 66
initial-cycle-weight: 2322
final-cycle-weight: 1778
85
61
69
73
74
75
76
77
58
55
53
40
13
14
1
41
42
43
44
56
59
57
62
45
17
18
46
63
78
79
80
86
64
47
48
19
65
71
140
141
149
151
148
139
147
150
166
167
194
239
277
319
337
368
283
255
254
269
282
318
317
316
315
281
280
314
333
334
335
356
347
346
345
332
355
344
343
341
342
340
313
312
311
310
331
354
353
375
374
373
367
366
372
380
364
363
362
371
361
360
370
379
359
351
350
378
377
358
348
349
325
320
290
289
288
287
286
285
284
338
357
369
376
336
365
352
339
323
302
248
245
238
181
146
160
177
168
178
169
179
191
154
155
170
180
227
226
225
224
223
222
221
235
220
219
218
217
216
215
214
213
212
234
211
210
195
237
242
247
256
270
257
258
271
259
260
261
272
262
263
273
264
246
265
322
321
326
329
327
330
328
324
291
292
308
293
294
295
296
297
298
299
274
266
275
276
300
301
309
303
304
305
306
307
278
279
249
250
267
240
243
251
268
252
253
200
201
233
202
203
204
205
206
207
208
241
244
209
165
164
163
162
161
158
159
145
138
137
136
135
134
133
153
152
176
190
175
174
199
198
197
196
189
188
187
186
236
232
231
230
193
185
184
192
229
228
183
182
173
172
171
156
157
144
143
142
117
116
114
131
113
94
89
82
93
112
111
110
109
108
107
106
105
104
101
115
87
72
84
70
54
51
15
16
20
36
21
22
2
3
4
5
6
7
23
37
24
8
25
81
88
38
26
9
27
28
10
29
39
30
11
49
66
83
95
67
50
52
31
32
33
34
35
12
60
68
92
91
90
118
119
120
121
132
122
123
124
125
126
127
128
129
96
130
97
98
99
100
102
103

improvements: 62
initial-cycle-weight: 2246
final-cycle-weight: 1756
324
328
330
327
329
350
351
359
370
360
361
371
362
363
364
372
366
367
373
353
354
375
374
380
379
378
377
358
348
349
326
321
320
325
290
289
288
287
286
285
338
357
369
376
336
365
352
339
323
302
284
271
258
257
270
256
248
247
242
245
238
237
195
210
211
234
212
213
214
215
216
178
168
169
179
191
113
112
111
110
109
108
107
177
160
181
146
115
101
104
105
106
87
72
84
70
54
51
15
16
20
36
21
22
2
3
4
5
6
7
23
37
24
8
25
81
88
93
82
89
94
131
114
116
117
142
143
144
118
119
120
121
132
122
123
124
125
126
127
128
129
96
130
97
98
99
100
102
103
74
73
69
61
85
60
68
92
91
90
67
66
95
83
9
26
38
27
28
10
29
39
30
11
49
50
52
31
32
33
34
35
12
13
14
1
40
41
53
42
43
55
58
75
76
77
62
57
59
56
44
45
17
18
46
47
48
19
64
63
78
79
80
86
65
71
140
141
149
151
148
139
147
150
166
167
194
239
277
319
337
368
283
255
254
269
282
318
317
316
315
281
280
314
333
334
335
356
347
346
345
332
355
344
343
341
342
340
313
312
311
331
310
279
278
307
306
305
304
303
309
301
300
299
298
297
296
295
294
291
292
308
293
274
266
275
276
249
250
267
240
243
251
268
252
253
200
201
233
202
203
204
205
206
207
208
241
244
209
165
164
163
162
161
158
159
145
138
137
136
135
134
133
153
152
176
190
175
174
199
198
197
196
189
188
187
186
236
232
231
230
193
185
184
192
229
228
183
182
173
172
171
157
156
155
154
170
180
227
226
225
224
223
222
221
235
220
219
218
217
259
260
261
272
262
263
273
264
246
265
322

improvements: 59
initial-cycle-weight: 2281
final-cycle-weight: 1776
264
273
263
262
272
261
260
259
217
218
219
220
235
221
222
223
224
225
226
227
180
170
154
155
156
142
117
116
114
131
94
89
82
93
88
81
25
8
24
37
23
7
6
5
4
3
2
22
21
36
20
16
15
51
54
70
84
72
87
106
105
104
101
115
146
181
160
177
107
108
109
110
111
112
113
191
179
169
168
178
216
215
214
213
212
234
211
210
195
237
238
245
242
247
248
256
270
257
258
271
284
302
323
339
352
365
336
376
369
357
338
285
286
287
288
289
290
320
325
348
358
377
378
349
350
351
359
379
370
360
361
371
362
363
364
380
372
366
367
373
374
375
353
354
331
278
279
310
311
312
313
340
342
341
343
344
355
345
346
347
356
335
334
333
332
314
280
281
315
316
317
318
282
269
254
255
283
368
337
319
277
239
194
167
166
150
147
139
148
151
149
141
140
71
65
86
80
79
78
63
64
19
48
47
46
18
17
45
44
56
59
57
62
77
76
75
58
55
43
42
53
41
40
1
14
13
12
35
34
33
32
31
52
50
49
11
30
39
29
10
28
27
38
26
9
83
95
66
67
90
91
92
68
60
85
61
69
73
74
103
102
100
99
98
97
130
96
129
128
127
126
125
124
123
122
132
121
120
119
118
144
143
157
171
172
173
182
183
228
229
192
184
185
193
230
231
232
236
186
187
188
189
196
197
198
199
174
175
190
176
152
153
133
134
135
136
137
138
145
159
158
161
162
163
164
165
209
244
241
208
207
206
205
204
203
202
233
201
200
253
252
268
251
243
240
267
250
249
276
275
266
274
307
306
305
304
303
309
301
300
299
298
297
296
295
294
293
308
292
291
324
328
330
327
329
326
321
322
265
246

improvements: 58
initial-cycle-weight: 2249
final-cycle-weight: 1724
353
354
375
374
380
379
378
377
358
348
349
321
320
325
290
289
288
287
286
285
338
357
369
376
336
365
352
339
323
302
284
271
258
257
270
256
248
247
242
245
238
237
195
210
211
234
212
213
214
215
216
178
168
169
179
191
113
112
111
110
109
108
107
177
160
181
146
115
101
104
105
106
87
72
84
70
54
51
15
16
20
36
21
22
2
3
4
5
6
7
23
37
24
8
25
81
88
93
82
89
94
131
114
116
117
142
143
144
118
119
120
121
132
122
123
124
125
126
127
128
129
96
130
97
98
99
100
102
103
74
73
69
61
85
60
68
92
91
90
67
66
95
83
9
26
38
27
28
10
29
39
30
11
49
50
52
31
32
33
34
35
12
13
14
1
40
41
53
42
43
55
58
75
76
77
62
57
59
56
44
45
17
18
46
47
48
19
64
63
78
79
80
86
65
71
140
141
149
151
148
166
167
194
239
277
319
337
368
283
255
254
244
241
209
208
207
206
205
204
203
202
233
201
200
161
158
159
162
163
164
165
150
147
139
138
145
137
136
135
134
133
153
152
176
190
175
174
199
198
197
196
189
188
187
186
236
232
231
230
193
185
184
192
229
228
183
182
173
172
171
157
156
155
154
170
180
227
226
225
224
223
222
221
235
220
219
218
217
259
260
261
272
262
263
273
264
265
246
274
266
275
276
249
250
267
240
243
251
268
252
253
269
282
318
317
316
315
281
280
314
333
334
335
356
347
346
345
332
355
344
343
341
342
340
313
312
311
331
310
279
278
307
306
305
304
303
309
301
300
299
298
297
296
295
294
293
308
292
291
324
328
330
327
322
326
329
350
351
359
370
360
361
371
362
363
364
372
366
367
373

improvements: 61
initial-cycle-weight: 2252
final-cycle-weight: 1744
329
327
330
328
324
291
292
308
293
294
295
296
297
298
299
274
266
275
276
300
301
309
303
304
305
306
307
278
279
249
250
267
240
243
251
268
252
253
269
282
318
317
316
315
281
280
314
333
334
335
356
347
346
345
332
355
344
343
341
342
340
313
312
311
310
331
354
353
375
374
373
367
366
372
380
364
363
362
371
361
360
370
379
359
351
350
349
378
377
358
348
326
321
320
325
290
289
288
287
286
285
338
357
369
376
336
365
352
339
323
302
284
271
258
257
270
256
248
247
242
245
238
237
195
210
211
234
212
213
214
215
216
178
168
169
179
191
113
112
111
110
109
108
107
177
160
181
146
115
101
104
105
106
87
72
84
70
54
51
15
16
20
36
21
22
2
3
4
5
6
7
23
37
24
8
25
81
88
93
82
89
94
131
114
116
117
142
143
144
118
119
120
121
132
122
123
124
125
126
127
128
129
96
130
97
98
99
100
102
103
74
73
69
61
85
60
68
92
91
90
67
66
95
83
9
26
38
27
28
10
29
39
30
11
49
50
52
31
32
33
34
35
12
13
14
1
40
41
53
42
43
55
58
75
76
77
62
57
59
56
44
45
17
18
46
47
48
19
64
63
78
79
80
86
65
71
140
141
149
151
148
166
167
194
239
277
319
337
368
283
255
254
244
241
209
208
207
206
205
204
203
202
233
201
200
161
158
159
162
163
164
165
150
147
139
138
145
137
136
135
134
133
153
152
176
190
175
174
199
198
197
196
189
188
187
186
236
232
231
230
193
185
184
192
229
228
183
182
173
172
171
157
156
155
154
170
180
227
226
225
224
223
222
221
235
220
219
218
217
259
260
261
272
262
263
273
264
246
265
322

improvements: 64
initial-cycle-weight: 2236
final-cycle-weight: 1711
200
201
233
202
203
204
205
206
207
208
209
165
164
163
162
161
158
159
145
138
137
136
135
134
133
153
152
176
190
175
174
199
198
197
196
189
188
187
186
236
232
231
230
193
185
184
192
229
228
183
182
173
172
171
157
156
155
154
170
180
227
226
225
224
223
222
221
235
220
219
218
217
259
260
261
272
262
263
273
264
265
246
274
266
275
276
249
250
267
279
278
307
306
305
304
303
309
301
300
299
298
297
296
295
294
293
308
292
291
324
322
328
330
327
329
350
351
359
370
360
361
371
362
363
364
372
366
367
373
353
354
375
374
380
379
378
377
358
348
349
326
321
320
325
290
289
288
287
286
285
338
357
369
376
336
365
352
339
323
302
284
271
258
257
270
256
248
247
242
245
238
237
195
210
211
234
212
213
214
215
216
178
168
169
179
191
113
112
111
110
109
108
107
177
160
181
146
115
101
104
105
106
87
72
84
70
54
51
15
16
20
36
21
22
2
3
4
5
6
7
23
37
24
8
25
81
88
93
82
89
94
131
114
116
117
142
143
144
118
119
120
121
132
122
123
124
125
126
127
128
129
96
130
97
98
99
100
102
103
74
73
69
61
85
60
68
92
91
90
67
66
95
83
9
26
38
27
28
10
29
39
30
11
49
50
52
31
32
33
34
35
12
13
14
1
40
41
53
42
43
55
58
75
76
77
62
57
59
56
44
45
17
18
46
47
48
19
64
63
78
79
80
86
65
71
140
141
149
151
148
139
147
150
166
167
194
239
241
244
255
283
277
319
337
368
335
356
347
346
345
334
333
332
355
344
343
341
342
340
331
310
311
312
313
314
280
281
315
316
317
318
282
254
269
253
252
268
251
243
240

