25937
24766
24435
25542
25475
25958
24975
25457
25545
26241
26400
26264
25781
26450
25793
25007
24674
26407
24723
25676
25741
25247
25435
24898
25667
25909
25125
25452
25968
26289
25470
25947
25191
25253
25952
26199
25938
25885
25860
25059
25889
25376
25391
24683
25874
26259
25190
24117
24558
26273
25316
25091
25871
25966
24840
25021
25489
25484
24815
25120
25230
25765
24082
25045
25216
26550
25262
24851
25562
24945
26188
26402
24686
26146
26241
26198
25609
25189
25823
25193
24399
24277
25343
26507
26251
25401
24504
25889
25158
24846
25174
24622
25591
25914
24279
25522
25790
25289
26043
26399
25574
24364
25187
24833
24509
24810
25425
26019
24632
25283
26529
25909
26047
25883
24944
25180
25272
25666
25328
25851
24929
24910
25446
24614
24286
25331
25134
25656
25308
25390
26175
26326
25762
25581
25616
24665
25463
25680
25965
25735
25269
25441
25273
24765
25555
26339
24764
25788
24665
26033
26454
25936
25016
25638
24737
25907
25375
25535
24858
26044
25202
26557
25852
25960
25973
25037
25568
24953
25805
25545
25364
25655
25486
25439
25843
25909
25628
25163
25477
25620
25822
26848
25881
24840
25639
24828
26446
26404
26040
25066
24577
26234
25563
25168
24315
26520
25825
24240
24390
24960
25032
24575
25464
25870
25669
25246
26567
25830
25489
25708
25620
26871
25478
25261
25360
25394
25636
25300
25544
25752
24987
25530
26044
25542
25199
25690
26065
26067
25685
25837
25771
26033
25737
25777
25367
24884
25247
25777
25508
25738
25623
25910
24618
24955
26224
26081
25500
25617
25419
26233
25509
25102
25545
25475
25748
26074
25320
25160
25864
25899
25740
25246
25530
25818
25993
25297
25245
26024
24713
26058
26180
26048
25441
25372
26409
26096
25861
25627
25466
25469
24755
25781
25237
25344
25091
24771
25735
24461
24599
26524
25568
25340
25825
25613
25438
24778
26625
24878
24170
26127
25378
26252
24611
25043
25035
24740
26373
25561
25125
25023
26082
24389
26445
25732
25147
25195
26032
25978
25529
26374
25507
26037
25171
25391
24926
26563
25880
23908
25713
25220
25307
25366
25101
25581
25040
25969
25936
25591
26288
25442
24834
25801
25606
25452
25393
26409
25177
25029
25988
24179
25907
24913
26181
26046
26120
25271
25538
25068
24074
25025
26518
24946
24753
25785
25558
25338
25898
24227
25161
25863
25498
25863
25289
25434
25862
25086
26735
25718
26010
26022
25711
25667
25528
25601
26359
26458
26048
26036
25695
25584
25619
25391
25002
25772
25721
24803
25673
24934
24630
25314
25383
23884
26258
25416
25716
25365
25656
25308
24539
25390
26808
25321
26307
26218
25148
26164
24553
26907
26078
25415
25646
25962
25560
26336
26159
25039
25977
25072
25532
26660
25180
26293
25843
24727
25900
25568
26388
26708
25212
25338
26801
24919
25559
25959
25795
25378
25536
25012
25646
26057
25638
25312
26060
25376
26346
24947
26063
25222
25781
25570
25040
26231
25210
25883
25017
25460
26152
25812
24870
25818
26600
26303
25134
25752
26260
25643
26521
24837
24952
25557
25793
25290
25911
25647
25762
25218
26825
25471
25703
26281
26422
25900
24375
25936
25732
26218
25827
25512
25219
25428
26296
24846
25391
25008
25420
26033
25573
24891
26187
26896
25628
25097
25876
25405
26163
25633
25295
26444
25308
25086
25518
25243
25504
25071
25257
25276
24951
24916
25955
24838
24554
25367
25738
25634
25165
26023
25739
25568
25153
25594
24829
25931
25213
26355
26092
25180
26977
25901
25462
26167
26001
25381
25656
25233
26107
25428
25906
25914
25787
26282
25943
25751
25123
25997
25205
26379
25336
25904
26399
25208
25012
26002
24786
24528
26213
24771
25440
25361
24458
25703
26245
24748
25501
26094
24854
25409
25051
24753
26067
25391
26140
26410
25730
25882
23965
25578
24802
25826
25150
25374
24902
26360
25007
26300
25116
24887
25475
26006
25038
25920
25738
25845
24477
25648
26413
25899
25266
24910
24819
25268
25214
25222
26019
25265
25465
25006
25507
25588
25505
25366
25767
24720
24381
25812
26361
25746
24474
25951
25400
24985
25629
26111
25706
25521
25493
25341
24752
24648
25157
25083
24611
25836
25667
26641
25745
24397
24600
24650
26582
25207
25486
25111
25389
25705
25086
24963
25508
25160
25489
25174
25356
26239
25897
25722
26322
25592
26090
26749
26133
25853
26666
25704
25144
25216
26111
25074
24843
25338
26213
25520
25829
26047
25592
25684
26443
25393
25063
24669
26047
24835
26033
24668
24748
26263
25793
26346
25557
25342
26657
25373
25198
26290
24635
25943
25016
24655
26324
26126
25662
25887
24564
25641
25393
25639
25033
25340
25137
26421
25951
24106
24403
25664
25477
25623
26246
25573
25549
25674
26191
25989
25817
25580
26035
25944
25619
26317
25722
24792
25680
25170
25347
25668
26101
26010
26037
24222
26426
24130
26803
24841
26524
25141
25670
24638
25116
25399
25295
24540
25660
25781
26207
25897
26426
25958
24978
25606
25465
26111
26870
25290
25591
25077
25631
25257
25783
25319
24657
25935
24780
25087
25960
26219
24740
25867
25840
25333
25276
25457
25381
25467
26510
25044
26082
25809
26798
26436
25579
25573
26380
25612
24794
26557
25704
25747
25002
25672
25010
25516
24777
25556
25768
26228
26632
24596
26319
25100
24455
25128
25736
26540
25984
26131
25381
26217
24928
25327
25235
26225
27305
24814
25664
26379
25343
25654
25770
25516
24828
24973
25498
25505
25933
25638
25158
25528
25872
26485
24438
25537
24716
24766
25745
25035
25306
26655
25844
25457
25643
25457
25699
25075
25955
25563
24996
25405
25970
25863
25186
24643
26554
26257
25888
24920
25157
25390
26004
24649
26127
24811
26268
26070
25924
25564
26154
25456
26076
25005
25369
27109
26092
25528
25848
24936
25377
25535
25423
25449
25694
25521
25167
24813
25573
26266
25065
25523
26463
25456
25137
25030
24014
25005
25721
24674
25505
25759
25481
24674
25099
26376
25397
25193
24917
24345
25018
26023
25878
25955
25528
25091
24461
26113
24594
25946
26094
24604
25388
24501
26109
24626
25807
25915
25549
25485
24951
26135
25131
26184
23613
25379
26518
24656
25726
25993
26208
26169
25001
25369
25929
25403
25888
26720
25758
25352
25185
25351
25932
24833
25492
24962
24653
26005
26657
26125
26798
26017
26236
25744
25636
25289
25396
26194
24877
25913
25669
24999
25606
25096
25745
24833
25692
25262
