weight: 1444
edges: 
1 14
1 40
2 21
2 3
3 2
3 4
4 3
4 5
5 4
5 6
6 5
6 7
7 6
7 23
8 24
9 27
10 29
10 28
11 49
11 30
12 13
12 35
13 12
13 14
14 13
14 1
15 51
15 16
16 15
16 20
17 45
17 18
18 17
18 46
19 48
20 16
20 36
21 2
21 36
21 22
22 21
23 7
23 37
24 8
24 37
24 25
25 24
26 38
27 9
27 28
27 38
28 27
28 10
29 10
29 39
30 11
30 39
31 32
31 52
32 31
32 33
33 32
33 34
34 33
34 35
35 34
35 12
35 60
36 21
36 20
37 24
37 23
38 26
38 27
39 29
39 30
40 1
40 41
41 40
41 42
41 53
42 41
42 43
43 42
43 55
44 56
45 17
45 57
46 18
46 47
46 63
47 46
47 48
48 19
48 47
49 11
49 50
49 66
50 49
50 52
51 15
51 54
52 50
52 31
53 41
54 51
54 72
55 43
55 58
56 44
56 58
56 59
57 45
57 59
57 62
58 56
58 55
58 76
59 57
59 56
60 35
60 68
61 69
61 85
62 57
63 46
63 64
63 78
64 63
65 86
65 71
66 49
66 67
66 95
67 66
68 60
68 92
69 61
69 73
70 84
71 65
72 54
72 87
72 84
73 69
73 74
74 73
74 75
75 74
75 76
76 75
76 58
76 77
77 76
78 63
78 79
79 78
79 80
80 79
80 86
81 88
82 89
82 93
83 95
84 70
84 72
85 61
85 97
86 65
86 80
87 72
87 107
88 81
88 93
89 82
89 94
90 91
91 90
91 92
92 91
92 68
93 88
93 82
93 111
94 89
94 114
95 83
95 66
96 130
96 129
97 85
97 98
97 130
98 97
98 99
99 98
99 100
100 99
100 102
101 104
101 115
102 100
102 103
103 102
104 101
104 105
104 146
105 104
105 106
106 105
106 107
107 87
107 106
107 108
108 107
108 109
109 108
109 110
110 109
110 111
111 110
111 93
111 112
112 111
113 131
114 94
114 116
114 131
115 101
116 114
116 117
117 116
117 142
118 119
118 144
119 118
119 120
120 119
120 121
121 120
121 132
122 123
122 132
123 122
123 124
124 123
124 125
125 124
125 126
126 125
126 127
127 126
127 128
128 127
128 129
129 128
129 96
130 96
130 97
131 113
131 114
131 154
132 121
132 122
133 153
133 134
134 133
134 135
135 134
135 136
136 135
136 137
137 136
137 138
137 145
138 137
138 139
139 138
139 147
140 148
141 149
142 117
142 143
142 156
143 142
143 144
144 143
144 118
145 137
146 104
146 160
147 139
147 150
148 140
148 150
148 151
149 141
149 151
150 148
150 147
150 166
151 149
151 148
152 176
152 153
153 133
153 152
154 131
154 155
154 170
155 154
156 142
156 157
156 171
157 156
158 159
159 158
159 162
159 161
160 146
160 177
160 181
161 159
162 159
162 163
163 162
163 164
164 163
164 165
165 164
165 166
166 165
166 150
166 167
167 166
167 194
168 178
169 179
170 154
170 180
171 156
171 172
172 171
172 173
173 172
173 182
174 189
174 175
175 174
175 190
176 152
176 190
177 160
178 168
178 215
179 169
179 191
180 170
180 226
181 160
182 173
182 183
183 182
183 192
184 192
184 185
185 184
185 193
186 193
186 187
187 186
187 188
188 187
188 189
189 174
189 188
189 196
190 176
190 175
191 179
191 222
192 184
192 183
192 229
193 186
193 185
193 230
194 167
194 239
195 210
195 237
196 189
196 197
197 196
197 198
198 197
198 199
199 198
200 201
201 200
201 233
202 203
202 233
203 202
203 204
204 203
204 205
205 204
205 206
206 205
206 207
207 206
207 208
208 207
208 241
208 209
209 208
210 195
210 211
211 210
211 234
212 213
212 234
213 212
213 214
214 213
214 215
215 178
215 214
215 216
216 215
216 217
217 216
217 218
218 217
218 219
219 218
219 220
220 219
220 235
221 222
221 235
222 191
222 221
222 223
223 222
223 224
224 223
224 225
225 224
225 226
226 225
226 180
226 227
227 226
228 229
229 228
229 192
230 193
230 231
231 230
231 232
232 231
232 236
233 201
233 202
234 211
234 212
235 220
235 221
236 232
237 195
237 242
238 245
239 194
240 243
241 208
241 244
242 237
242 245
242 247
243 240
243 251
244 241
244 255
245 238
245 242
246 265
247 242
247 248
248 247
248 256
248 302
249 279
249 250
250 249
250 267
251 243
251 268
252 253
252 268
253 252
253 269
254 269
254 255
255 244
255 254
255 283
256 248
256 270
257 270
257 258
258 257
258 271
259 271
259 260
260 259
260 261
261 260
261 272
262 272
262 263
263 262
263 273
264 273
264 265
265 246
265 264
266 274
267 250
268 251
268 252
269 253
269 254
269 282
270 257
270 256
271 259
271 258
271 284
272 262
272 261
273 264
273 263
274 266
274 298
275 303
275 276
276 275
277 319
278 307
278 279
279 249
279 278
279 310
280 314
280 281
281 280
281 315
282 269
282 318
283 255
283 319
284 271
284 285
285 284
285 286
285 338
286 285
286 287
287 286
287 288
288 287
288 289
289 288
289 290
290 289
290 320
291 324
291 292
292 291
292 308
293 308
293 294
294 293
294 295
295 294
295 296
296 295
296 297
297 296
297 298
298 274
298 297
298 299
299 298
299 300
300 299
300 301
301 300
301 309
302 248
302 323
303 275
303 309
303 304
304 303
304 305
305 304
305 306
306 305
306 307
307 278
307 306
308 293
308 292
309 303
309 301
310 279
310 311
310 331
311 310
311 312
312 311
312 313
313 312
313 314
314 280
314 313
315 281
315 316
315 332
316 315
316 317
317 316
317 318
318 282
318 317
319 277
319 283
319 337
320 290
320 321
320 325
321 320
321 326
322 327
323 302
323 339
324 291
324 328
325 320
326 321
326 329
327 322
327 329
327 330
328 324
328 330
329 327
329 326
329 350
330 328
330 327
331 310
331 354
332 315
332 333
332 344
333 332
333 334
333 345
334 333
335 356
336 365
337 319
337 368
338 285
338 357
339 323
339 352
340 341
341 340
341 343
341 342
342 341
343 341
343 344
344 343
344 332
344 355
345 333
345 346
346 345
346 347
347 346
347 356
348 349
348 358
349 348
349 350
349 378
350 349
350 329
350 351
351 350
351 359
352 339
352 365
353 354
354 353
354 331
354 374
355 344
356 335
356 347
357 338
357 369
358 348
358 377
359 351
359 370
360 370
360 361
361 360
361 371
362 371
362 363
363 362
363 364
363 380
364 363
364 372
365 336
365 352
366 372
366 367
367 366
367 373
368 337
369 357
369 376
370 360
370 359
370 379
371 362
371 361
372 366
372 364
373 367
374 354
374 375
375 374
376 369
377 358
378 349
379 370
380 363

