0.1 0.2 1707 1750.03 2.76542
200
201
233
202
203
204
205
206
207
208
209
165
150
147
139
138
137
145
164
163
162
159
161
158
136
135
134
133
153
152
176
190
175
174
199
198
197
196
189
188
187
186
129
96
130
97
98
99
100
102
103
74
73
69
61
85
128
127
126
125
124
123
122
132
121
120
119
118
95
83
94
113
131
114
116
117
142
143
144
157
156
171
172
173
182
183
228
229
192
184
185
193
230
231
232
236
274
266
275
276
249
250
267
279
278
307
306
305
304
303
309
301
300
299
298
297
296
295
294
293
308
292
291
324
322
327
330
328
350
351
359
370
360
361
371
362
363
364
372
366
367
373
353
354
375
374
380
379
378
377
358
348
349
329
326
321
320
325
338
357
369
376
336
365
352
339
323
302
284
285
286
287
288
289
290
264
265
246
273
263
262
272
261
260
259
271
258
257
270
256
248
247
242
245
238
237
195
210
211
234
212
213
214
215
216
217
218
219
220
235
221
222
223
224
225
226
227
180
170
155
154
191
179
169
178
168
177
160
181
146
115
101
104
105
106
107
108
109
87
72
84
70
54
51
15
16
20
36
21
22
2
3
4
5
6
7
23
37
24
8
25
81
88
110
111
112
93
82
89
38
26
9
27
28
10
29
39
30
11
49
66
67
50
52
31
32
33
34
90
91
92
68
60
35
12
13
14
1
40
41
53
42
43
44
56
58
55
75
76
77
62
57
59
45
17
18
46
63
78
79
80
86
64
47
48
19
65
71
140
141
149
151
148
166
167
194
239
241
244
254
255
283
277
319
337
368
335
356
347
346
345
334
333
332
355
344
343
341
342
340
331
310
311
312
313
314
280
281
315
316
317
318
282
269
253
252
268
251
243
240
