267811
269361
269439
269325
269952
269394
267401
268201
274178
272966
267975
269152
270974
268633
267289
270724
269448
265391
262843
269894
271508
268345
271337
263752
263764
269101
271354
268672
272219
268735
268734
269226
265289
265512
270142
273095
273365
269906
264334
268410
266176
270090
265979
267409
268356
267236
266957
267409
266697
270807
269401
266532
268515
265030
268150
265582
272934
263166
270358
267560
268204
268814
267087
268459
271499
265816
269933
270210
265224
274532
264388
266710
268614
270307
272951
271202
270218
267412
265715
270243
270965
270649
269493
268960
263707
269037
267342
265464
267306
268798
266125
267703
269449
266338
266812
268433
264290
267928
266145
266788
271443
268171
268782
271148
262778
264629
266847
270421
267993
265896
271809
266730
273697
267085
268120
269777
267723
264811
270276
270920
265994
271082
266392
274531
266573
270516
269764
269435
266653
265305
264170
269040
271813
269049
270311
268700
262967
271182
268386
271026
268229
267822
269553
268468
268439
267041
268741
269116
269427
268462
264621
268747
269247
265528
262192
265317
265013
268468
267983
262018
267044
269961
264023
267074
265038
268543
267052
268004
265466
269331
263710
269362
268010
264760
267225
268539
267440
270703
272193
265715
271020
269292
272755
272118
266725
264876
271593
269834
269497
270258
269080
269913
264219
268021
272429
266237
269363
273317
270810
269580
270817
267590
268908
270680
271585
268233
270685
264892
268332
272330
265289
269030
267217
270542
270316
268339
265396
271007
268349
267608
264597
268225
270653
271127
272900
268543
265204
270787
267702
273139
265356
266369
268459
271090
266810
266927
270103
264650
268308
266425
263938
270683
270798
268710
270966
267876
273336
266612
266096
271457
267702
269852
269250
266520
270433
265286
263815
264965
267918
269171
269083
269159
269012
269456
268760
267636
269126
270541
268077
262972
269266
272293
269557
264862
273483
273008
267587
268162
272460
265248
267177
267213
268947
267973
272042
266527
265891
265300
272968
267464
266795
269691
269868
268102
268384
267417
265720
267605
266301
270691
266141
269060
269177
266781
268444
266106
270988
270042
269387
266255
270020
272695
269643
268323
267733
267404
269913
269704
271882
267357
268351
268761
265433
267153
267052
265500
268247
265345
270928
263874
274296
270145
273802
271876
262828
267936
267602
268983
272111
265421
265363
269995
262659
262716
268656
265438
264970
267298
267941
268925
267996
265197
269348
270121
267388
266281
267407
266966
267820
267278
267533
267910
270704
268017
268242
265354
264517
268835
266032
266523
267105
264780
263978
267098
266500
266529
266626
269467
271828
267384
269187
268204
267920
265078
270628
264443
269399
268087
267708
270393
265609
269560
267033
266868
268025
267983
268591
269496
264711
266997
265980
271969
265501
267450
270984
270615
268366
267131
268263
270513
269987
268595
270651
269342
266491
264352
270516
267803
268976
267444
265349
267399
269783
268174
266630
265073
266592
270714
267524
268493
268438
267960
272147
267219
267988
268894
268500
268097
272469
270999
265495
271563
267028
268533
266944
267683
271636
268174
268308
267243
269031
269742
270198
266777
267685
268086
270388
266184
271247
265617
269242
266245
266676
267780
268748
263625
268973
265992
266354
269078
266613
263511
268778
269614
273905
268318
272076
266624
266875
267995
270424
267869
267265
268352
265758
268863
261288
264195
265573
267124
268504
267412
275570
266296
272261
270830
263619
270293
270798
266769
268666
269116
270004
268287
269620
267559
265708
268709
267512
272504
267086
266831
270648
272207
264799
271597
265398
269091
269222
270884
267189
271450
267012
269553
270025
266863
268496
269236
266546
268936
269156
269339
265745
267385
266308
269321
269864
265670
264501
268614
267934
269864
263706
274015
264286
267171
267775
266729
264446
270128
266021
270808
266702
264339
265758
272671
265357
263850
271176
267770
272233
270579
268649
269450
269575
270083
272251
266204
267908
270747
270028
268317
269451
271779
263078
267434
268531
264227
267150
273837
268897
268617
270512
267317
268838
268156
271854
267585
266008
267827
274146
265885
268005
267248
271510
269022
272294
272299
267401
265900
264322
270824
268276
269658
270713
265869
273419
269674
266260
270810
268067
262884
268166
264602
266045
266987
264509
269972
271187
266425
265739
269046
268847
271176
267601
269304
268984
265159
263120
269262
270333
269895
265171
266952
268257
270927
267361
268256
270180
270311
271807
270191
268600
268877
266223
270615
274556
267601
267498
269539
270869
265655
273527
267051
268270
273169
268922
265596
273031
263839
267150
263645
268993
269889
268438
269477
268264
268595
266727
269400
267568
267565
264738
272950
271525
271571
270585
267398
267239
268732
269197
268839
270057
267316
266955
268936
261911
265945
269876
270659
267008
268950
267258
270377
267307
267227
269789
266215
265709
267739
264609
270404
271180
269984
262677
266307
261910
268570
269918
268677
269469
267055
271159
266405
267734
265600
266242
267219
270197
270980
267404
273150
268237
267172
270921
269793
269522
265589
265935
273253
266774
272883
271103
268344
275358
265498
266210
268029
266677
273148
269836
265365
268503
266668
268676
265845
267795
270753
269468
268835
266007
270940
265739
268681
268180
264988
269717
269354
270780
267229
266751
271153
269084
268976
266533
272313
269694
267571
274700
270592
271010
267951
268533
266714
270475
268243
267152
272320
269776
270403
267790
270928
266345
264678
269432
267195
270667
265636
269777
269052
264413
264346
265578
269742
266552
265414
267607
267912
267674
267027
267688
267408
271247
269028
269965
270031
267957
269142
265606
267300
268724
263636
266306
270949
269419
266898
264425
270575
271842
272069
267367
267891
267165
268468
267344
265978
268583
266851
269537
267571
267296
273300
266153
268583
264584
269267
264542
264903
270499
268365
269825
265569
266713
263389
269890
269280
270752
270339
267579
265971
269033
266803
266256
271452
271669
268139
269856
264525
269759
267021
268061
272172
269113
268411
269085
267348
268046
269946
270346
267338
265101
266428
270488
269094
268180
270740
263615
266401
266906
263054
269176
269516
268640
272699
265639
263797
268362
265878
270332
263433
266929
265146
270133
268044
273536
267482
267649
267754
268565
269308
267646
272032
271782
271908
267656
270629
270216
268375
265292
260363
267426
269314
264987
269581
263162
267535
266040
269804
263933
265942
271817
268537
268952
270751
265886
265009
270043
266864
268850
266958
264525
271007
269795
265222
272700
266191
274361
266944
272874
270050
269134
265761
267482
267301
265701
269592
264997
268885
267273
267602
271167
266614
271181
264727
269960
266579
270189
265726
266293
267240
265140
275121
269267
266138
265547
268682
271402
271273
265339
267893
275479
265146
271313
267975
268217
267650
266449
269335
271287
269763
265372
264570
268861
269732
262735
267590
268462
270751
268878
272113
268632
268709
266193
271942
267053
266763
269282
266576
267313
263378
