0.1 0.2 7153 7171.67 3279.88
33
34
125
35
36
37
38
39
40
41
42
43
44
45
46
140
141
47
142
48
49
50
51
53
154
54
56
57
159
58
60
61
62
63
160
207
242
283
243
285
371
370
369
368
367
366
336
335
333
282
213
241
281
280
240
212
239
279
332
362
361
406
405
389
388
331
322
276
237
323
277
211
206
205
204
158
157
156
155
203
202
321
236
275
320
330
359
360
403
404
484
485
409
410
411
412
413
414
415
416
417
418
419
488
489
512
524
546
569
604
621
641
642
622
570
525
421
422
423
424
425
426
427
373
372
337
286
244
165
79
78
77
6
5
4
68
67
3
2
64
65
66
161
163
164
69
70
71
72
73
74
75
76
7
8
9
80
81
82
10
83
214
374
391
392
375
376
215
87
86
85
84
11
88
13
89
90
91
14
92
93
94
95
15
96
97
98
169
99
17
100
18
19
20
102
103
104
105
21
106
107
108
109
22
23
110
24
25
26
27
115
116
117
186
187
118
119
29
30
31
121
364
380
402
401
378
348
305
261
227
260
304
347
303
259
226
302
258
185
184
114
113
183
112
111
180
182
225
257
301
328
346
400
399
345
344
398
397
343
300
256
327
299
255
224
179
178
177
176
175
174
173
222
252
295
223
254
298
326
342
297
253
296
341
294
251
293
250
221
172
101
171
170
220
249
292
325
340
395
396
339
324
291
248
219
218
247
290
338
289
246
217
208
167
216
245
288
377
394
393
428
429
430
431
432
433
434
526
435
436
437
438
527
628
627
647
646
680
681
648
649
629
630
607
572
547
528
493
439
440
441
442
443
444
446
447
448
450
451
452
453
454
455
457
494
529
548
573
595
650
651
632
633
634
652
653
608
636
654
655
609
575
596
574
549
530
458
459
495
496
497
665
740
739
789
816
815
814
788
738
697
696
787
785
764
751
737
695
694
693
692
691
690
689
735
734
733
688
687
686
685
684
683
682
732
731
730
729
728
679
678
677
727
750
760
779
761
780
762
782
783
763
784
833
832
831
813
812
830
829
828
827
811
810
809
808
778
759
777
807
851
806
776
758
775
757
726
676
717
675
626
645
625
624
644
623
643
670
671
672
673
774
826
849
848
867
868
869
870
871
872
873
912
913
914
915
916
874
875
905
876
877
878
879
880
881
882
883
884
918
951
990
991
959
974
952
919
886
885
887
888
920
921
922
954
953
975
976
977
1058
1078
1077
1111
1128
1129
1164
1253
1210
1127
1110
1076
1057
1056
1075
1109
1126
1163
1162
1123
1055
1054
1053
1052
1051
1050
1049
1068
1048
1047
1046
1045
1044
1043
1042
1041
1040
1067
1039
1038
1074
1037
1107
1100
1099
1106
1175
1124
1152
1153
1196
1195
1194
1193
1192
1191
1230
1190
1189
1233
1256
1272
1273
1296
1315
1331
1316
1317
1332
1318
1274
1275
1297
1298
1235
1236
1198
1199
1251
1257
1276
1263
1277
1293
1278
1264
1237
1238
1200
1202
1203
1204
1205
1206
1239
1252
1258
1265
1279
1294
1301
1300
1321
1320
1299
1335
1334
1333
1403
1402
1447
1456
1522
1521
1520
1519
1518
1563
1600
1674
1655
1643
1562
1517
1516
1561
1515
1514
1513
1512
1511
1597
1607
1622
1623
1608
1558
1559
1560
1599
1610
1625
1609
1624
1654
1653
1652
1692
1740
1739
1769
1771
1762
1756
1738
1690
1689
1687
1737
1751
1755
1761
1760
1750
1682
1648
1649
1650
1620
1606
1596
1556
1510
1509
1555
1554
1642
1619
1646
1673
1641
1640
1672
1671
1670
1639
1638
1617
1616
1590
1591
1592
1593
1594
1552
1508
1499
1472
1431
1422
1450
1451
1452
1453
1454
1455
1432
1426
1427
1433
1428
1437
1401
1400
1399
1398
1423
1397
1396
1330
1314
1313
1329
1328
1343
1342
1341
1340
1339
1391
1390
1389
1337
1327
1419
1420
1471
1498
1497
1470
1469
1449
1468
1467
1446
1418
1417
1388
1387
1386
1385
1384
1383
1382
1394
1381
1380
1416
1415
1424
1490
1489
1464
1445
1414
1376
1377
1378
1307
1306
1286
1305
1304
1303
1324
1323
1322
1284
1285
1268
1261
1254
1242
1243
1255
1262
1269
1287
1295
1308
1309
1326
1288
1289
1310
1311
1312
1290
1291
1250
1249
1248
1247
1226
1225
1246
1245
1244
1223
1222
1221
1220
1219
1218
1217
1216
1215
1214
1213
1212
1211
1209
1241
1260
1283
1319
1281
1267
1259
1208
1201
1197
1234
1232
1271
1292
1231
1224
1166
1119
1104
1073
1070
1069
1060
1093
1270
1325
1421
1379
1338
1344
1395
1345
1346
1347
1348
1355
1406
1407
1410
1372
1373
1413
1374
1375
1444
1463
1448
1488
1462
1460
1440
1434
1429
1438
1474
1473
1425
1430
1436
1491
1507
1542
1506
1645
1678
1725
1688
1736
1754
1759
1788
1770
1772
1764
1758
1752
1741
1691
1704
1744
1707
1711
1745
1716
1717
1748
1718
1719
1749
1786
1768
1722
1721
1720
1662
1656
1651
1647
1618
1605
1621
1626
1553
1557
1564
1570
1633
1614
1604
1581
1528
1529
1530
1582
1531
1532
1583
1533
1534
1584
1535
1536
1585
1537
1538
1586
1539
1540
1587
1541
1465
1466
1492
1504
1493
1494
1505
1495
1496
1550
1549
1548
1547
1546
1545
1551
1544
1543
1589
1588
1636
1637
1669
1679
1723
1724
1685
1680
1686
1727
1726
1728
1735
1681
1729
1730
1731
1732
1789
1790
1800
1890
1926
1891
1902
1892
1893
1894
1895
1896
1897
1979
2041
2055
2040
2039
2054
2038
2000
1977
1976
2037
2053
2036
2035
2052
2034
1999
1998
1940
1958
1939
1957
1975
1938
1930
1924
1925
1882
1883
1901
1884
1885
1886
1887
1888
1889
1799
1798
1787
1797
1881
1880
1879
1878
1877
1876
1875
1923
1922
1874
1873
1872
1921
1937
1956
1974
1997
2032
2033
1996
1973
1955
1972
1954
1920
1871
1870
1869
1868
1918
1860
1851
1917
1841
1828
1818
1908
1903
1927
1931
1941
1959
1978
1983
2001
1984
2056
2084
2057
2059
2066
2067
2068
2069
2070
2071
2072
2073
2074
2075
2076
2077
2078
2079
2080
2081
2082
2083
2085
2086
2058
2043
2006
2005
2042
2004
1985
2002
1980
1928
1904
1801
1802
1898
1803
1804
1805
1806
1807
1808
1809
1810
1811
1812
1813
1814
1815
1816
1817
1905
1943
1961
1986
1981
1960
1942
1932
2007
2008
2009
2010
2011
2012
2044
2045
2046
2047
1987
1962
1944
1988
1989
2013
2014
1990
1991
1992
2015
2016
2017
2018
1967
1949
1966
1948
1965
1947
1946
1964
1963
1945
1933
1906
1819
1820
1821
1907
1909
1822
1823
1910
1824
1825
1826
1827
1911
1912
1913
1829
1830
1831
1832
1833
1834
1835
1836
1837
1914
1934
1950
1968
1951
1969
1993
2060
2061
2062
2063
2064
2065
2003
1995
1982
2031
2030
2029
1994
1971
1953
1936
1929
2028
2027
2051
2026
2025
2050
2024
2023
2022
2049
2021
2020
2048
2019
1970
1952
1935
1915
1838
1839
1840
1842
1916
1843
1844
1899
1845
1846
1847
1848
1849
1850
1852
1853
1854
1900
1855
1856
1857
1858
1859
1861
1862
1863
1864
1865
1866
1867
1919
1776
1775
1767
1747
1746
1753
1766
1796
1785
1784
1795
1794
1783
1793
1765
1782
1781
1792
1780
1779
1791
1778
1777
1774
1773
1763
1757
1742
1743
1693
1694
1695
1696
1733
1697
1698
1699
1700
1701
1702
1703
1683
1684
1675
1657
1658
1659
1627
1565
1566
1598
1567
1568
1569
1571
1572
1628
1660
1705
1706
1661
1663
1629
1601
1611
1664
1665
1676
1708
1709
1710
1734
1712
1713
1714
1715
1631
1630
1603
1612
1602
1573
1574
1523
1575
1576
1577
1613
1632
1524
1503
1485
1484
1502
1483
1482
1481
1501
1480
1479
1500
1478
1477
1476
1475
1459
1458
1457
1439
1404
1405
1349
1350
1351
1352
1353
1392
1354
1356
1357
1358
1359
1360
1361
1362
1363
1393
1364
1365
1366
1367
1368
1369
1370
1371
1408
1435
1441
1487
1486
1525
1578
1615
1634
1666
1677
1635
1644
1667
1668
1595
1580
1579
1527
1526
1461
1442
1443
1409
1411
1412
1336
1282
1302
1280
1266
1240
1207
1181
1161
1160
1180
1159
1158
1157
1179
1156
1155
1178
1154
1177
1176
1125
1122
1108
1101
1095
1094
1072
1036
1035
1034
1033
1071
1032
1031
1004
965
945
937
926
930
938
946
966
967
968
969
970
972
973
984
1005
985
986
1006
987
988
989
950
958
949
942
948
940
947
939
931
927
911
910
866
865
864
908
944
964
983
936
982
1003
981
1002
980
934
979
1001
978
1000
999
1013
998
1012
997
996
1011
1063
1062
1061
1089
1088
1097
1103
1098
1120
1121
1090
1091
1092
1064
1014
1065
1015
1016
1017
1018
1019
1020
1021
1022
1023
1066
1024
1025
1026
1027
1028
1029
1030
1105
1151
1150
1174
1149
1148
1173
1188
1187
1186
1185
1147
1146
1145
1229
1184
1183
1182
1172
1144
1143
1171
1227
1228
1170
1142
1141
1140
1169
1168
1167
1139
1138
1137
1136
1135
1134
1133
1132
1131
1130
1165
1112
1113
1114
1115
1116
1117
1118
1102
1096
1087
1086
1085
1084
1083
1082
1081
1080
1079
1059
1007
992
1008
993
994
1009
995
1010
957
933
894
906
893
892
891
890
889
844
843
842
841
840
839
817
838
837
836
835
834
698
699
700
701
702
703
704
705
613
612
580
581
554
532
513
553
579
611
610
576
550
551
577
578
552
531
500
501
466
465
464
463
462
499
498
461
460
456
449
492
491
571
594
605
606
635
631
674
736
786
781
850
909
917
923
924
955
960
932
941
929
935
907
928
971
963
962
961
956
943
925
847
819
823
791
743
716
616
615
584
564
541
520
490
506
504
408
420
445
379
381
382
306
262
228
263
307
349
383
384
385
350
351
352
311
267
230
231
268
312
269
313
353
314
232
270
315
354
355
356
357
386
476
475
474
473
472
471
470
503
469
468
467
502
514
533
515
534
556
583
597
555
582
614
656
657
637
638
639
640
658
659
660
661
662
598
585
557
535
516
505
517
536
558
586
587
746
747
748
794
754
767
753
766
752
745
744
715
714
742
713
712
711
710
709
708
707
706
741
765
790
797
818
845
846
792
793
820
821
822
895
896
897
898
899
900
901
902
903
852
853
854
855
856
857
858
904
859
860
861
862
863
825
805
804
773
749
669
725
724
723
722
721
720
771
772
796
803
802
801
800
795
770
756
755
769
799
798
824
768
718
719
668
667
666
603
593
568
545
523
544
567
522
511
487
510
521
565
542
566
543
602
601
600
620
619
618
591
562
592
563
540
486
509
508
483
482
481
480
507
519
539
561
590
599
664
663
617
589
560
538
518
588
559
537
479
478
477
387
319
274
235
201
153
152
151
150
149
199
234
273
318
148
147
146
145
144
143
198
210
233
272
317
316
271
197
196
195
194
193
139
138
192
137
136
135
134
133
191
209
229
266
310
309
265
308
264
190
132
131
130
129
128
127
126
189
188
124
123
122
181
168
166
162
287
284
238
278
334
358
407
390
365
363
329
200
52
55
1
59
12
16
28
120
32
