weight: 5950
edges: 
1 12
1 55
1 59
2 63
2 3
3 2
4 68
5 73
5 6
6 5
7 76
7 8
7 77
8 7
9 79
10 83
11 84
12 1
12 16
13 88
13 89
14 91
15 96
16 12
17 98
17 100
18 101
18 19
19 18
19 20
19 102
20 19
21 105
22 109
23 110
24 112
24 25
25 24
26 114
26 27
27 26
28 120
29 118
29 30
29 119
30 29
30 31
31 30
31 121
32 122
33 124
33 34
34 33
34 35
34 125
35 34
35 36
35 126
36 35
37 128
38 132
38 39
39 38
39 40
40 39
40 41
40 134
41 40
41 42
42 41
42 43
42 135
43 42
43 44
44 43
44 45
45 44
45 46
45 137
46 45
47 141
48 143
49 146
49 50
50 49
51 151
52 55
53 153
54 155
55 52
55 1
56 156
57 158
57 58
57 159
58 57
58 60
59 1
59 162
60 58
60 61
61 60
61 62
62 61
62 63
63 2
63 62
63 64
63 160
64 63
64 65
65 64
65 66
66 65
66 67
66 161
67 66
67 68
68 4
68 67
68 69
69 68
69 70
70 69
70 71
71 70
71 72
72 71
72 73
73 5
73 72
73 74
74 73
74 75
75 74
75 76
76 7
76 75
77 7
77 78
78 77
78 79
79 9
79 78
79 80
79 165
80 79
80 81
81 80
81 82
82 81
82 83
83 10
83 82
83 84
84 11
84 83
84 85
85 84
85 86
86 85
86 87
87 86
87 88
87 215
88 13
88 87
89 13
89 90
90 89
90 91
91 14
91 90
91 92
92 91
92 93
93 92
93 94
94 93
94 95
94 167
95 94
95 96
96 15
96 95
96 97
97 96
97 98
98 17
98 97
98 99
98 169
99 98
100 17
100 101
100 170
101 18
101 100
101 171
102 19
102 103
102 172
103 102
103 104
103 173
104 103
104 105
105 21
105 104
105 106
106 105
106 107
106 175
107 106
107 108
108 107
108 109
108 176
109 22
109 108
109 177
110 23
110 179
110 111
111 110
111 112
111 180
112 24
112 111
112 113
113 112
113 114
113 183
114 26
114 113
114 115
114 184
115 114
115 116
116 115
116 117
117 116
117 118
117 186
118 29
118 117
119 29
120 28
120 181
120 122
121 31
122 32
122 120
122 123
123 122
123 124
124 33
124 123
125 34
126 35
126 127
126 188
127 126
127 128
128 37
128 127
128 129
129 128
129 130
130 129
130 131
131 130
131 132
132 38
132 131
132 133
132 190
133 132
134 40
135 42
135 136
136 135
137 45
137 138
137 192
138 137
138 139
139 138
139 140
139 193
140 139
140 141
141 47
141 140
141 142
142 141
142 195
143 48
143 198
143 144
144 143
144 145
145 144
145 146
146 49
146 145
146 147
147 146
147 148
148 147
148 149
149 148
149 150
149 199
150 149
150 151
151 51
151 150
151 152
152 151
152 153
153 53
153 152
153 154
153 201
154 153
154 202
155 54
155 203
155 156
156 56
156 155
156 157
157 156
157 158
158 57
158 157
159 57
159 204
160 63
160 207
161 66
161 163
162 59
162 166
162 200
162 238
163 161
163 164
164 163
165 79
165 214
165 244
166 162
166 168
167 94
167 208
168 166
168 181
169 98
170 100
171 101
172 102
172 221
173 103
173 174
174 173
175 106
176 108
177 109
177 178
178 177
178 179
179 110
179 178
179 224
180 111
180 182
181 120
181 168
182 180
182 225
183 113
183 226
184 114
184 185
185 184
186 117
186 187
187 186
188 126
188 189
188 228
189 188
190 132
190 191
191 190
191 209
192 137
193 139
193 194
194 193
195 142
195 196
196 195
196 197
197 196
197 198
198 143
198 197
198 210
199 149
199 234
200 162
201 153
201 235
202 154
202 203
203 155
203 202
204 159
204 205
205 204
205 206
206 205
206 211
207 160
207 213
207 242
208 167
208 216
208 217
209 191
209 229
210 198
210 233
211 206
211 239
211 277
212 239
212 240
213 207
213 241
214 165
215 87
216 208
216 245
217 208
217 246
218 246
218 219
218 247
219 218
219 220
219 248
220 219
220 249
221 172
221 250
221 251
222 251
222 223
222 252
223 222
223 253
223 254
224 179
224 255
225 182
225 256
225 257
226 183
226 258
226 259
227 259
227 260
227 261
228 188
228 262
228 263
229 209
229 265
229 266
230 266
230 231
230 267
231 230
231 268
231 269
232 269
232 270
233 210
233 271
233 272
234 199
234 273
235 201
235 236
235 274
236 235
236 275
236 321
237 277
237 276
238 162
238 278
238 284
239 212
239 211
239 279
240 212
240 280
241 213
241 281
242 207
242 243
242 282
243 242
243 283
244 165
244 286
245 216
245 288
246 218
246 217
246 289
247 218
247 290
248 219
248 291
249 220
249 292
250 221
250 293
251 222
251 221
251 294
252 222
252 295
253 223
253 296
254 223
254 297
254 298
255 224
255 299
256 225
256 300
257 225
257 301
258 226
258 302
259 227
259 226
259 303
260 227
260 304
261 227
261 305
262 228
262 306
263 228
263 307
264 265
264 308
265 264
265 229
265 309
266 230
266 229
266 310
267 230
267 311
268 231
268 312
269 232
269 231
269 313
270 232
270 314
270 315
271 233
271 316
272 233
272 317
273 234
273 318
274 235
274 319
275 236
275 320
276 237
276 322
277 237
277 211
277 323
278 238
278 334
279 239
279 332
280 240
281 241
282 242
282 333
283 243
284 238
284 287
285 371
286 244
286 337
287 284
288 245
288 377
289 246
289 338
290 247
291 248
291 324
292 249
292 325
293 250
294 251
294 341
295 252
296 253
297 254
297 342
298 254
298 326
299 255
299 327
300 256
301 257
301 328
302 258
303 259
303 347
304 260
305 261
305 348
306 262
306 382
307 263
307 349
308 264
309 265
309 350
310 266
311 267
312 268
313 269
313 353
314 270
315 270
315 354
316 271
317 272
318 273
319 274
319 387
320 275
320 330
321 236
322 276
322 331
323 277
324 291
324 339
325 292
325 340
326 298
327 299
327 343
328 301
328 345
328 346
329 358
329 363
330 320
330 359
331 322
332 279
332 362
333 282
333 335
334 278
334 358
335 333
335 336
336 335
336 366
337 286
337 372
338 289
339 324
339 396
340 325
341 294
342 297
343 327
344 345
344 398
345 344
345 328
346 328
346 400
347 303
348 305
348 378
349 307
349 383
350 309
350 351
351 350
351 352
352 351
353 313
354 315
354 355
355 354
355 356
356 355
356 357
357 356
357 386
358 329
358 334
359 330
359 360
359 404
360 359
361 362
361 406
362 361
362 332
363 329
363 365
364 401
364 380
365 363
365 390
366 336
366 367
367 366
367 368
368 367
368 369
369 368
369 370
370 369
370 371
371 285
371 370
372 337
372 373
373 372
373 374
374 373
375 376
375 392
376 375
376 393
377 288
377 394
378 348
378 401
379 381
379 456
380 364
380 402
381 379
381 382
382 381
382 306
383 349
383 384
384 383
384 385
385 384
386 357
387 319
388 389
389 388
389 405
390 365
390 407
391 392
392 391
392 375
393 376
393 394
393 428
394 393
394 377
395 396
396 395
396 339
397 398
398 397
398 344
399 400
400 399
400 346
401 364
401 378
402 380
403 404
404 403
404 359
404 479
405 389
405 406
406 405
406 361
407 390
408 420
409 485
409 410
409 486
410 409
410 411
411 410
411 412
412 411
412 413
413 412
413 414
414 413
414 415
415 414
415 416
415 487
416 415
416 417
417 416
417 418
418 417
418 419
419 418
419 488
420 408
420 490
421 489
421 422
422 421
422 423
423 422
423 424
424 423
424 425
425 424
425 426
426 425
426 427
427 426
428 393
428 429
429 428
429 430
430 429
430 431
431 430
431 432
432 431
432 433
433 432
433 434
434 433
434 435
434 526
435 434
435 436
436 435
436 437
437 436
437 438
438 437
438 439
438 527
439 438
439 440
440 439
440 441
441 440
441 442
442 441
442 443
443 442
443 444
444 443
444 446
444 493
445 449
446 444
446 447
447 446
447 448
448 447
448 450
449 445
449 456
449 492
450 448
450 451
451 450
451 452
452 451
452 453
453 452
453 454
454 453
454 455
455 454
455 457
456 449
456 379
456 460
457 455
457 458
457 494
458 457
458 459
459 458
459 495
460 456
460 461
460 498
461 460
461 462
462 461
462 463
463 462
463 464
463 500
464 463
464 465
465 464
465 466
466 465
466 502
467 502
467 468
468 467
468 469
469 468
469 503
470 503
470 471
471 470
471 472
472 471
472 473
473 472
473 474
474 473
474 475
475 474
475 476
476 475
477 478
478 477
478 479
479 478
479 404
479 480
480 479
480 481
480 507
481 480
481 482
482 481
482 483
483 482
483 508
484 509
485 409
485 509
486 409
486 540
487 415
487 511
488 419
488 489
489 421
489 488
489 512
490 420
490 491
490 506
490 520
491 490
491 492
492 491
492 449
493 444
493 528
494 457
494 529
495 459
495 496
496 495
496 497
497 496
498 460
498 499
499 498
500 463
500 501
501 500
501 513
502 467
502 466
502 514
503 470
503 469
504 506
505 516
505 517
506 504
506 490
507 480
507 518
508 483
508 509
509 484
509 485
509 508
510 521
511 487
511 522
512 489
512 524
513 501
513 532
514 502
514 533
515 534
516 505
516 535
517 505
517 536
518 507
518 537
518 538
519 539
520 490
520 541
521 510
521 542
522 511
522 543
522 544
523 544
523 545
524 512
524 546
525 546
526 434
527 438
528 493
528 547
529 494
529 548
530 575
530 549
531 553
531 551
531 552
532 513
532 553
532 554
533 514
533 555
534 515
534 555
534 556
535 516
535 557
536 517
536 558
537 518
537 559
538 518
538 560
539 519
539 560
539 561
540 486
540 562
540 563
541 520
541 564
542 521
542 543
542 565
543 542
543 522
543 566
544 523
544 522
544 567
545 523
545 568
546 525
546 524
546 569
547 528
547 572
548 529
548 573
549 530
549 574
550 551
550 576
551 550
551 531
551 577
552 531
552 578
553 531
553 532
553 579
554 532
554 580
554 581
555 534
555 533
555 582
556 534
556 583
557 535
557 585
558 536
558 586
559 537
559 588
560 539
560 538
560 589
561 539
561 590
562 540
562 591
563 540
563 592
564 541
564 594
564 616
565 542
566 543
566 600
567 544
568 545
568 593
569 546
569 604
570 622
571 594
572 547
572 607
573 548
573 595
574 549
574 596
575 530
575 609
576 550
577 551
577 610
578 552
579 553
580 554
580 612
581 554
582 555
582 614
583 556
583 597
584 615
585 557
585 598
586 558
586 587
587 586
588 559
589 560
590 561
590 599
591 562
591 618
592 563
593 568
593 603
594 571
594 564
594 605
595 573
595 608
596 574
597 583
598 585
598 640
599 590
599 617
600 566
600 601
600 620
601 600
601 602
602 601
603 593
604 569
604 621
605 594
605 606
606 605
606 631
607 572
607 629
607 630
608 595
608 636
608 653
609 575
609 655
610 577
610 611
611 610
612 580
612 613
613 612
614 582
614 656
615 584
615 616
616 615
616 564
617 599
617 663
618 591
619 620
620 619
620 600
621 604
621 641
622 570
622 642
623 644
623 643
624 625
624 644
625 624
625 645
626 646
626 645
627 628
627 647
628 627
628 648
629 607
629 649
630 607
631 606
631 635
631 674
632 633
632 651
633 632
633 634
634 633
634 652
635 631
636 608
636 654
637 657
637 638
638 637
638 639
639 638
639 640
640 598
640 639
640 658
641 621
641 642
642 622
642 641
643 623
643 670
644 623
644 624
645 625
645 626
645 675
646 626
646 647
647 646
647 627
648 628
648 649
649 648
649 629
650 651
651 650
651 632
652 634
652 653
653 652
653 608
654 636
654 655
655 609
655 654
656 614
656 657
656 707
657 637
657 656
658 640
658 659
659 658
659 660
660 659
660 661
661 660
661 662
662 661
663 617
663 664
664 663
665 740
666 667
667 666
667 718
668 719
669 670
669 725
670 669
670 643
670 671
671 670
671 672
672 671
672 673
673 672
674 631
674 716
674 736
675 645
675 717
676 717
676 677
676 726
677 676
677 678
677 727
678 677
678 679
679 678
679 680
679 728
680 679
680 681
681 680
682 732
682 683
683 682
683 684
684 683
684 685
685 684
685 686
686 685
686 687
687 686
687 688
688 687
688 733
689 734
689 690
690 689
690 691
691 690
691 692
692 691
692 693
693 692
693 694
694 693
694 695
695 694
695 696
695 737
696 695
696 697
697 696
697 738
698 699
699 698
699 700
700 699
700 701
701 700
701 702
702 701
702 703
703 702
703 704
704 703
704 705
705 704
705 706
706 705
706 707
706 741
707 706
707 656
707 708
708 707
708 709
709 708
709 710
710 709
710 711
711 710
711 712
712 711
712 713
713 712
713 742
714 742
714 715
715 714
715 744
716 674
716 743
717 676
717 675
718 667
718 719
718 755
719 668
719 718
719 720
720 719
720 721
721 720
721 722
722 721
722 723
723 722
723 724
724 723
724 725
725 724
725 669
725 749
726 676
727 677
727 750
728 679
728 729
729 728
729 730
730 729
730 731
731 730
731 732
732 682
732 731
733 688
733 734
734 689
734 733
734 735
735 734
736 674
736 781
737 695
737 751
738 697
738 739
738 788
739 738
739 740
740 665
740 739
741 706
741 765
742 714
742 713
743 716
743 791
744 715
744 745
745 744
745 746
745 752
746 745
746 747
747 746
747 748
748 747
749 725
750 727
750 758
750 759
750 760
751 737
751 764
752 745
752 766
752 793
753 766
753 767
754 767
754 794
755 718
755 756
755 768
755 769
756 755
756 770
757 758
757 775
758 757
758 750
758 776
759 750
759 777
760 750
760 761
760 778
761 760
761 779
761 780
762 782
763 783
763 784
764 751
764 785
764 787
765 741
765 790
766 753
766 752
767 754
767 753
768 755
769 755
769 798
770 756
770 795
771 801
771 772
772 771
772 796
773 804
774 826
775 757
776 758
776 806
777 759
778 760
778 808
779 761
780 761
781 736
781 786
782 762
782 812
782 783
783 763
783 782
784 763
784 813
785 764
786 781
787 764
788 738
788 789
788 814
789 788
790 765
790 817
791 743
791 819
792 793
793 792
793 752
793 820
794 754
795 770
795 800
796 772
796 802
796 803
797 844
797 818
798 769
798 799
798 824
799 798
800 795
800 801
801 771
801 800
802 796
803 796
803 804
804 773
804 803
804 805
805 804
805 825
806 776
806 807
806 851
807 806
808 778
808 809
809 808
809 810
810 809
810 811
811 810
811 827
812 782
812 829
813 784
813 831
814 788
814 815
815 814
815 816
816 815
817 790
817 837
817 839
818 797
818 845
819 791
819 823
819 847
820 793
820 821
821 820
821 822
822 821
823 819
824 798
825 805
825 848
826 774
826 849
827 811
827 828
828 827
828 829
829 812
829 828
829 830
830 829
831 813
831 832
832 831
832 833
833 832
834 835
835 834
835 836
836 835
836 837
837 836
837 817
837 838
838 837
839 817
839 840
840 839
840 841
841 840
841 842
842 841
842 843
843 842
843 844
844 797
844 843
844 889
845 818
845 846
846 845
847 819
847 850
848 825
848 849
848 865
849 826
849 848
850 847
850 909
851 806
852 853
852 903
853 852
853 854
854 853
854 855
855 854
855 856
856 855
856 934
857 858
858 857
858 904
859 860
859 904
860 859
860 861
861 860
861 862
862 861
862 863
863 862
863 936
864 865
864 908
865 864
865 848
865 866
866 865
866 867
866 910
867 866
867 868
868 867
868 869
869 868
869 870
869 911
870 869
870 871
871 870
871 872
872 871
872 873
872 912
873 872
874 916
874 875
875 874
875 905
876 905
876 877
877 876
877 878
878 877
878 879
879 878
879 880
880 879
880 881
881 880
881 882
882 881
882 883
883 882
883 884
884 883
884 885
884 918
885 884
885 886
886 885
886 919
887 919
887 888
888 887
888 920
889 844
889 890
890 889
890 891
891 890
891 892
892 891
892 893
893 892
893 906
894 906
895 896
896 895
896 897
897 896
897 898
898 897
898 899
899 898
899 900
900 899
900 901
901 900
901 902
902 901
902 903
903 902
903 852
904 858
904 859
905 876
905 875
906 894
906 893
907 909
907 925
907 928
908 864
908 944
909 907
909 850
909 917
910 866
910 926
911 869
911 927
912 872
912 913
913 912
913 914
914 913
914 915
915 914
915 916
916 874
916 915
917 909
917 923
918 884
918 951
919 887
919 886
919 952
920 888
920 921
920 953
921 920
921 922
922 921
923 917
923 924
924 923
924 955
925 907
926 910
926 930
927 911
927 931
928 907
928 935
928 961
929 935
929 941
930 926
930 937
930 938
931 927
931 939
932 941
932 960
933 957
934 856
934 979
935 929
935 928
936 863
936 944
936 982
937 930
937 945
938 930
938 946
939 931
939 940
939 947
940 939
940 942
940 948
941 932
941 929
942 940
942 949
943 956
944 936
944 908
944 964
945 937
946 938
946 965
947 939
948 940
949 942
949 958
950 972
951 918
952 919
952 959
952 974
953 920
953 954
953 975
954 953
955 924
956 943
956 961
957 933
957 995
958 949
958 969
958 970
959 952
959 991
960 932
961 956
961 928
961 962
962 961
962 963
963 962
963 971
964 944
964 983
965 946
965 1004
966 967
967 966
967 968
968 967
968 969
969 968
969 958
970 958
970 972
971 963
972 950
972 970
972 973
973 972
973 984
974 952
975 953
975 976
976 975
976 977
977 976
978 1000
978 1001
979 934
979 1001
980 1002
981 1003
981 1002
982 936
982 1003
983 964
984 973
984 1005
985 1005
985 986
986 985
986 1006
987 1006
987 988
988 987
988 989
989 988
990 991
991 990
991 959
992 1007
992 1008
993 1008
993 994
994 993
994 1009
995 957
995 1009
995 1010
996 997
996 1011
997 996
997 1012
998 1013
998 1012
999 1000
999 1013
1000 978
1000 999
1000 1014
1001 979
1001 978
1002 980
1002 981
1002 1024
1003 981
1003 982
1004 965
1004 1032
1005 985
1005 984
1006 987
1006 986
1007 992
1007 1059
1008 993
1008 992
1009 995
1009 994
1010 995
1011 996
1012 997
1012 998
1013 998
1013 999
1014 1000
1014 1065
1014 1064
1015 1016
1015 1065
1016 1015
1016 1017
1017 1016
1017 1018
1018 1017
1018 1019
1019 1018
1019 1020
1020 1019
1020 1021
1021 1020
1021 1022
1022 1021
1022 1023
1023 1022
1023 1066
1024 1002
1024 1025
1024 1066
1025 1024
1025 1026
1026 1025
1026 1027
1027 1026
1027 1028
1028 1027
1028 1029
1029 1028
1029 1030
1030 1029
1031 1032
1032 1031
1032 1004
1032 1033
1032 1071
1033 1032
1033 1034
1034 1033
1034 1035
1035 1034
1035 1036
1036 1035
1036 1037
1036 1072
1037 1036
1037 1074
1038 1074
1038 1039
1039 1038
1039 1067
1040 1067
1040 1041
1041 1040
1041 1042
1042 1041
1042 1043
1043 1042
1043 1044
1044 1043
1044 1045
1045 1044
1045 1046
1046 1045
1046 1047
1047 1046
1047 1048
1048 1047
1048 1068
1049 1068
1049 1050
1050 1049
1050 1051
1051 1050
1051 1052
1052 1051
1052 1053
1053 1052
1053 1054
1054 1053
1054 1055
1055 1054
1055 1075
1056 1075
1056 1057
1057 1056
1057 1076
1058 1078
1059 1007
1059 1079
1060 1069
1060 1093
1061 1062
1061 1089
1062 1061
1062 1063
1063 1062
1063 1090
1064 1014
1064 1092
1065 1014
1065 1015
1066 1023
1066 1024
1067 1040
1067 1039
1068 1049
1068 1048
1069 1060
1069 1119
1069 1070
1070 1069
1070 1073
1071 1032
1072 1036
1072 1094
1073 1070
1074 1038
1074 1037
1075 1056
1075 1055
1075 1109
1076 1057
1076 1077
1076 1110
1077 1076
1077 1078
1078 1058
1078 1077
1079 1059
1079 1080
1080 1079
1080 1081
1081 1080
1081 1082
1082 1081
1082 1083
1083 1082
1083 1084
1084 1083
1084 1085
1085 1084
1085 1086
1086 1085
1086 1087
1087 1086
1087 1096
1088 1089
1088 1097
1089 1088
1089 1061
1090 1063
1090 1091
1091 1090
1091 1092
1092 1091
1092 1064
1093 1060
1094 1072
1094 1095
1095 1094
1095 1100
1095 1101
1096 1087
1096 1102
1096 1118
1097 1088
1097 1102
1097 1103
1098 1103
1099 1106
1100 1095
1100 1107
1101 1095
1101 1108
1102 1096
1102 1097
1103 1098
1103 1097
1104 1119
1105 1151
1106 1099
1106 1124
1107 1100
1108 1101
1108 1122
1109 1075
1109 1123
1109 1126
1110 1076
1110 1111
1110 1127
1111 1110
1112 1113
1113 1112
1113 1130
1114 1132
1115 1116
1115 1133
1116 1115
1116 1117
1117 1116
1117 1118
1118 1117
1118 1096
1118 1135
1119 1069
1119 1104
1119 1166
1120 1140
1120 1121
1121 1120
1122 1108
1122 1125
1123 1109
1123 1163
1124 1106
1124 1152
1124 1175
1125 1122
1125 1152
1125 1176
1126 1109
1127 1110
1127 1128
1128 1127
1128 1129
1129 1128
1129 1164
1130 1113
1130 1131
1130 1165
1131 1130
1131 1132
1132 1114
1132 1131
1132 1133
1133 1132
1133 1115
1133 1134
1134 1133
1135 1118
1135 1136
1136 1135
1136 1137
1137 1136
1137 1138
1138 1137
1138 1139
1139 1138
1139 1167
1140 1120
1140 1168
1140 1141
1141 1140
1141 1142
1142 1141
1142 1170
1143 1171
1143 1144
1144 1143
1144 1172
1145 1172
1145 1146
1146 1145
1146 1147
1147 1146
1147 1173
1148 1173
1148 1149
1149 1148
1149 1174
1150 1174
1150 1151
1151 1105
1151 1150
1152 1124
1152 1125
1152 1153
1153 1152
1154 1177
1154 1178
1155 1178
1155 1156
1156 1155
1156 1179
1157 1179
1157 1158
1158 1157
1158 1159
1159 1158
1159 1180
1160 1180
1160 1161
1161 1160
1161 1181
1162 1163
1163 1162
1163 1123
1164 1129
1164 1210
1165 1130
1166 1119
1166 1224
1167 1139
1167 1168
1168 1140
1168 1167
1168 1169
1169 1168
1170 1142
1170 1171
1170 1228
1171 1143
1171 1170
1172 1145
1172 1144
1172 1182
1173 1148
1173 1147
1173 1185
1174 1150
1174 1149
1175 1124
1175 1190
1176 1125
1176 1177
1177 1154
1177 1176
1178 1155
1178 1154
1179 1157
1179 1156
1180 1160
1180 1159
1181 1161
1182 1172
1182 1183
1183 1182
1183 1184
1184 1183
1184 1229
1185 1173
1185 1186
1186 1185
1186 1187
1187 1186
1187 1188
1188 1187
1189 1190
1190 1189
1190 1175
1190 1230
1190 1233
1191 1230
1191 1192
1192 1191
1192 1193
1193 1192
1193 1194
1194 1193
1194 1195
1195 1194
1195 1196
1196 1195
1197 1201
1197 1234
1198 1236
1198 1199
1199 1198
1199 1200
1200 1199
1200 1202
1200 1237
1201 1197
1201 1208
1202 1200
1202 1203
1203 1202
1203 1204
1204 1203
1204 1205
1205 1204
1205 1206
1206 1205
1206 1239
1207 1240
1208 1201
1208 1209
1209 1208
1209 1241
1209 1211
1210 1164
1210 1253
1211 1209
1211 1212
1212 1211
1212 1213
1213 1212
1213 1214
1214 1213
1214 1215
1215 1214
1215 1216
1216 1215
1216 1217
1217 1216
1217 1218
1218 1217
1218 1219
1219 1218
1219 1220
1220 1219
1220 1221
1221 1220
1221 1242
1222 1243
1222 1223
1223 1222
1223 1244
1224 1166
1224 1231
1225 1246
1225 1226
1226 1225
1226 1247
1227 1228
1228 1227
1228 1170
1229 1184
1230 1191
1230 1190
1231 1224
1231 1232
1232 1231
1232 1234
1232 1271
1233 1190
1233 1273
1234 1232
1234 1197
1235 1275
1235 1236
1236 1198
1236 1235
1237 1200
1237 1238
1237 1251
1237 1264
1238 1237
1239 1206
1239 1240
1240 1207
1240 1239
1240 1266
1241 1209
1241 1259
1242 1221
1242 1243
1243 1222
1243 1242
1243 1255
1244 1223
1244 1245
1245 1244
1245 1246
1246 1225
1246 1245
1247 1226
1247 1248
1247 1288
1248 1247
1248 1249
1249 1248
1249 1250
1250 1249
1251 1237
1251 1257
1252 1258
1253 1210
1254 1261
1255 1243
1255 1262
1256 1273
1256 1272
1257 1251
1257 1263
1257 1276
1258 1252
1258 1265
1259 1241
1259 1267
1260 1267
1260 1283
1261 1254
1261 1268
1262 1255
1262 1269
1263 1257
1263 1277
1264 1237
1264 1278
1265 1258
1265 1294
1265 1279
1266 1240
1266 1280
1267 1259
1267 1260
1267 1281
1268 1261
1268 1284
1268 1285
1269 1262
1269 1286
1269 1287
1270 1292
1271 1232
1271 1292
1272 1256
1273 1256
1273 1233
1273 1296
1274 1318
1274 1275
1275 1235
1275 1274
1275 1297
1276 1257
1277 1263
1277 1293
1278 1264
1278 1299
1279 1265
1280 1266
1280 1302
1281 1267
1281 1319
1282 1336
1283 1260
1284 1268
1284 1303
1285 1268
1286 1269
1286 1305
1286 1306
1287 1269
1287 1295
1288 1247
1288 1289
1289 1288
1289 1310
1290 1311
1290 1291
1291 1290
1292 1270
1292 1271
1292 1325
1293 1277
1294 1265
1294 1300
1295 1287
1295 1308
1296 1273
1296 1315
1297 1275
1297 1298
1298 1297
1299 1278
1299 1320
1299 1335
1300 1294
1300 1321
1300 1301
1301 1300
1302 1280
1303 1284
1303 1304
1303 1324
1304 1303
1304 1305
1305 1304
1305 1286
1306 1286
1306 1307
1307 1306
1308 1295
1308 1309
1309 1308
1309 1326
1310 1289
1310 1311
1311 1290
1311 1310
1311 1312
1312 1311
1313 1329
1313 1314
1314 1313
1314 1330
1315 1296
1315 1331
1316 1331
1316 1317
1317 1316
1317 1332
1318 1274
1318 1332
1319 1281
1319 1355
1320 1299
1320 1321
1321 1300
1321 1320
1322 1323
1323 1322
1323 1324
1324 1323
1324 1303
1325 1292
1326 1309
1327 1337
1328 1341
1328 1329
1329 1313
1329 1328
1330 1314
1331 1316
1331 1315
1332 1318
1332 1317
1333 1334
1333 1349
1334 1333
1334 1335
1335 1334
1335 1299
1336 1282
1336 1411
1337 1327
1337 1389
1338 1344
1338 1379
1339 1391
1339 1340
1340 1339
1340 1341
1341 1328
1341 1340
1341 1342
1342 1341
1342 1343
1343 1342
1344 1338
1344 1345
1345 1344
1345 1346
1345 1395
1346 1345
1346 1347
1347 1346
1347 1348
1348 1347
1348 1355
1349 1333
1349 1350
1349 1405
1350 1349
1350 1351
1351 1350
1351 1352
1352 1351
1352 1353
1353 1352
1353 1392
1354 1392
1354 1356
1355 1319
1355 1348
1355 1406
1356 1354
1356 1357
1357 1356
1357 1358
1358 1357
1358 1359
1359 1358
1359 1360
1360 1359
1360 1361
1361 1360
1361 1362
1362 1361
1362 1363
1363 1362
1363 1393
1364 1393
1364 1365
1365 1364
1365 1366
1366 1365
1366 1367
1367 1366
1367 1368
1368 1367
1368 1369
1369 1368
1369 1370
1370 1369
1370 1371
1371 1370
1371 1408
1372 1373
1372 1410
1373 1372
1373 1413
1374 1375
1374 1413
1375 1374
1375 1414
1376 1377
1377 1376
1377 1378
1377 1414
1378 1377
1378 1415
1379 1338
1379 1421
1380 1381
1380 1416
1381 1380
1381 1394
1382 1383
1382 1394
1383 1382
1383 1384
1384 1383
1384 1385
1385 1384
1385 1386
1386 1385
1386 1387
1387 1386
1387 1388
1388 1387
1388 1417
1389 1337
1389 1420
1389 1390
1390 1389
1390 1391
1391 1339
1391 1390
1392 1354
1392 1353
1393 1364
1393 1363
1394 1381
1394 1382
1395 1345
1395 1425
1396 1422
1396 1397
1397 1396
1397 1423
1398 1423
1398 1399
1399 1398
1399 1426
1400 1427
1401 1428
1402 1403
1403 1402
1403 1404
1404 1403
1404 1405
1404 1439
1405 1404
1405 1349
1406 1355
1406 1407
1406 1429
1407 1406
1407 1410
1408 1371
1408 1409
1408 1435
1409 1408
1409 1411
1410 1407
1410 1372
1411 1336
1411 1409
1411 1412
1412 1411
1413 1373
1413 1374
1413 1444
1414 1375
1414 1377
1414 1445
1415 1378
1415 1416
1415 1424
1416 1415
1416 1380
1417 1388
1417 1446
1417 1418
1418 1417
1418 1419
1419 1418
1419 1420
1420 1389
1420 1419
1421 1379
1422 1396
1422 1431
1423 1398
1423 1397
1424 1415
1425 1395
1425 1430
1426 1399
1426 1432
1427 1400
1427 1432
1427 1433
1428 1401
1428 1433
1428 1437
1429 1406
1429 1434
1430 1425
1430 1436
1431 1422
1431 1472
1432 1427
1432 1426
1432 1454
1433 1428
1433 1427
1434 1429
1434 1438
1434 1440
1435 1408
1435 1441
1435 1442
1436 1430
1436 1491
1437 1428
1438 1434
1438 1474
1439 1404
1439 1457
1440 1434
1440 1460
1441 1435
1441 1461
1442 1435
1442 1443
1443 1442
1444 1413
1444 1448
1444 1463
1445 1414
1445 1464
1446 1417
1446 1467
1447 1456
1448 1444
1449 1469
1449 1468
1450 1451
1451 1450
1451 1452
1452 1451
1452 1453
1453 1452
1453 1454
1454 1453
1454 1432
1454 1455
1455 1454
1456 1447
1456 1457
1457 1456
1457 1439
1457 1458
1458 1457
1458 1459
1459 1458
1459 1475
1460 1440
1460 1462
1461 1441
1461 1487
1462 1460
1462 1488
1463 1444
1464 1445
1464 1489
1465 1490
1465 1466
1466 1465
1466 1492
1467 1446
1467 1468
1467 1496
1468 1467
1468 1449
1469 1449
1469 1470
1470 1469
1470 1497
1471 1499
1471 1498
1472 1431
1472 1499
1473 1474
1474 1473
1474 1438
1475 1459
1475 1476
1476 1475
1476 1477
1477 1476
1477 1478
1478 1477
1478 1500
1479 1500
1479 1480
1480 1479
1480 1501
1481 1501
1481 1482
1482 1481
1482 1483
1483 1482
1483 1502
1484 1502
1484 1485
1485 1484
1485 1503
1486 1487
1487 1486
1487 1461
1487 1525
1488 1462
1489 1464
1489 1490
1490 1465
1490 1489
1491 1436
1492 1466
1492 1504
1493 1504
1493 1494
1494 1493
1494 1505
1495 1496
1496 1495
1496 1467
1497 1470
1497 1498
1498 1497
1498 1471
1499 1471
1499 1472
1499 1508
1500 1479
1500 1478
1501 1481
1501 1480
1501 1523
1502 1484
1502 1483
1503 1485
1504 1493
1504 1492
1504 1545
1505 1494
1506 1542
1507 1553
1507 1542
1508 1499
1508 1552
1509 1555
1510 1511
1510 1556
1511 1510
1511 1512
1511 1597
1512 1511
1512 1513
1513 1512
1513 1514
1513 1558
1514 1513
1514 1515
1515 1514
1515 1516
1516 1515
1516 1517
1516 1561
1517 1516
1517 1562
1518 1519
1518 1563
1519 1518
1519 1520
1520 1519
1520 1521
1521 1520
1521 1522
1522 1521
1522 1565
1523 1501
1523 1574
1523 1575
1524 1577
1525 1487
1525 1526
1525 1578
1526 1525
1526 1527
1527 1526
1527 1579
1528 1529
1528 1570
1529 1528
1529 1530
1529 1581
1530 1529
1530 1531
1531 1530
1531 1532
1531 1582
1532 1531
1532 1533
1533 1532
1533 1534
1533 1583
1534 1533
1534 1535
1535 1534
1535 1536
1535 1584
1536 1535
1536 1537
1537 1536
1537 1538
1537 1585
1538 1537
1538 1539
1539 1538
1539 1540
1539 1586
1540 1539
1540 1541
1541 1540
1541 1588
1541 1587
1542 1506
1542 1507
1543 1544
1543 1589
1544 1543
1544 1551
1545 1504
1545 1546
1545 1551
1546 1545
1546 1547
1547 1546
1547 1548
1548 1547
1548 1549
1549 1548
1550 1590
1551 1544
1551 1545
1552 1508
1552 1594
1553 1507
1553 1557
1553 1605
1554 1555
1555 1509
1555 1554
1555 1556
1556 1555
1556 1510
1556 1596
1557 1553
1557 1564
1558 1513
1558 1559
1559 1558
1559 1560
1560 1559
1560 1599
1561 1516
1562 1517
1562 1563
1563 1562
1563 1518
1563 1600
1564 1557
1564 1570
1565 1522
1565 1566
1566 1565
1566 1598
1567 1568
1567 1598
1568 1567
1568 1569
1569 1568
1569 1571
1570 1564
1570 1528
1571 1569
1571 1572
1572 1571
1572 1601
1573 1574
1573 1602
1574 1573
1574 1523
1575 1523
1575 1576
1576 1575
1576 1577
1577 1524
1577 1576
1577 1613
1578 1525
1578 1615
1579 1527
1579 1580
1579 1635
1580 1579
1580 1595
1581 1529
1581 1604
1582 1531
1583 1533
1584 1535
1585 1537
1586 1539
1587 1541
1588 1541
1588 1589
1588 1636
1589 1588
1589 1543
1590 1550
1590 1617
1590 1591
1591 1590
1591 1592
1592 1591
1592 1593
1593 1592
1593 1594
1594 1552
1594 1593
1595 1580
1596 1556
1596 1606
1597 1511
1598 1566
1598 1567
1599 1560
1599 1609
1599 1610
1600 1563
1600 1643
1601 1572
1601 1611
1601 1629
1602 1573
1602 1611
1602 1612
1603 1612
1603 1630
1604 1581
1604 1614
1605 1553
1605 1618
1605 1621
1606 1596
1606 1620
1607 1608
1607 1622
1608 1607
1608 1609
1608 1623
1609 1608
1609 1599
1609 1624
1610 1599
1610 1625
1611 1601
1611 1602
1611 1664
1612 1603
1612 1602
1613 1577
1613 1632
1614 1604
1614 1633
1615 1578
1615 1634
1616 1638
1617 1590
1617 1638
1618 1605
1618 1647
1619 1642
1619 1646
1620 1606
1620 1648
1621 1605
1621 1626
1622 1607
1623 1608
1623 1652
1624 1609
1625 1610
1626 1621
1627 1657
1628 1661
1629 1601
1629 1663
1630 1603
1630 1631
1631 1630
1632 1613
1633 1614
1634 1615
1634 1666
1635 1579
1635 1644
1636 1588
1636 1637
1637 1636
1637 1669
1638 1616
1638 1617
1638 1670
1638 1639
1639 1638
1640 1641
1640 1672
1641 1640
1641 1673
1642 1619
1642 1648
1643 1600
1643 1655
1644 1635
1644 1667
1645 1678
1646 1619
1646 1673
1646 1682
1647 1618
1647 1651
1647 1678
1648 1642
1648 1620
1648 1649
1649 1648
1649 1650
1650 1649
1651 1647
1651 1656
1652 1623
1652 1653
1653 1652
1653 1654
1654 1653
1655 1643
1655 1674
1656 1651
1656 1662
1657 1627
1657 1658
1657 1675
1658 1657
1658 1659
1659 1658
1659 1660
1660 1659
1660 1661
1661 1628
1661 1660
1661 1663
1662 1656
1663 1661
1663 1629
1663 1705
1664 1611
1664 1665
1665 1664
1665 1676
1666 1634
1666 1677
1667 1644
1667 1668
1668 1667
1669 1637
1669 1679
1670 1638
1670 1671
1670 1729
1671 1670
1671 1672
1672 1671
1672 1640
1673 1641
1673 1646
1674 1655
1675 1657
1675 1684
1676 1665
1676 1710
1676 1712
1677 1666
1678 1645
1678 1647
1678 1725
1679 1669
1679 1685
1679 1723
1680 1685
1680 1686
1681 1686
1682 1646
1682 1687
1683 1684
1683 1703
1684 1683
1684 1675
1685 1680
1685 1679
1686 1681
1686 1680
1686 1727
1687 1682
1687 1689
1687 1737
1688 1725
1688 1691
1688 1736
1689 1687
1689 1690
1690 1689
1690 1738
1691 1688
1691 1704
1692 1693
1692 1742
1693 1692
1693 1694
1694 1693
1694 1695
1695 1694
1695 1696
1696 1695
1696 1733
1697 1698
1697 1733
1698 1697
1698 1699
1699 1698
1699 1700
1700 1699
1700 1701
1701 1700
1701 1702
1702 1701
1702 1703
1703 1702
1703 1683
1704 1691
1704 1707
1704 1744
1705 1663
1705 1706
1706 1705
1707 1704
1707 1711
1708 1709
1709 1708
1709 1710
1710 1709
1710 1676
1710 1734
1711 1707
1711 1716
1711 1745
1712 1676
1712 1713
1713 1712
1713 1714
1714 1713
1714 1715
1715 1714
1716 1711
1716 1717
1717 1716
1717 1718
1717 1748
1718 1717
1718 1719
1719 1718
1719 1720
1719 1749
1720 1719
1720 1721
1721 1720
1721 1722
1722 1721
1723 1679
1723 1724
1724 1723
1725 1688
1725 1678
1726 1727
1727 1726
1727 1686
1727 1728
1728 1727
1728 1735
1729 1670
1729 1730
1730 1729
1730 1731
1731 1730
1731 1732
1732 1731
1733 1696
1733 1697
1734 1710
1735 1728
1736 1688
1736 1741
1737 1687
1737 1751
1738 1690
1738 1739
1738 1756
1739 1738
1740 1742
1741 1736
1741 1752
1742 1740
1742 1692
1742 1743
1742 1757
1743 1742
1744 1704
1745 1711
1746 1767
1746 1747
1747 1746
1748 1717
1749 1719
1749 1768
1750 1751
1750 1760
1751 1750
1751 1737
1751 1755
1752 1741
1752 1758
1753 1767
1753 1766
1754 1759
1755 1751
1755 1761
1756 1738
1756 1762
1757 1742
1757 1763
1758 1752
1758 1764
1759 1754
1759 1770
1760 1750
1761 1755
1762 1756
1762 1769
1762 1771
1763 1757
1763 1773
1764 1758
1764 1772
1765 1782
1766 1753
1767 1746
1767 1753
1767 1775
1768 1749
1768 1786
1769 1762
1770 1759
1770 1772
1770 1788
1771 1762
1772 1770
1772 1764
1773 1763
1773 1774
1774 1773
1774 1777
1775 1767
1775 1865
1775 1776
1776 1775
1777 1774
1777 1778
1778 1777
1778 1791
1779 1791
1779 1780
1780 1779
1780 1792
1781 1792
1781 1782
1782 1765
1782 1781
1783 1793
1784 1785
1785 1784
1785 1796
1786 1768
1787 1797
1788 1770
1789 1790
1790 1789
1790 1800
1791 1779
1791 1778
1792 1781
1792 1780
1792 1820
1793 1783
1793 1838
1794 1845
1794 1795
1795 1794
1796 1785
1796 1854
1797 1787
1797 1884
1798 1889
1798 1799
1799 1798
1800 1790
1800 1894
1801 1802
1801 1904
1802 1801
1802 1898
1803 1804
1803 1898
1804 1803
1804 1805
1805 1804
1805 1806
1806 1805
1806 1807
1807 1806
1807 1808
1808 1807
1808 1809
1809 1808
1809 1810
1810 1809
1810 1811
1811 1810
1811 1812
1812 1811
1812 1813
1813 1812
1813 1814
1814 1813
1814 1815
1815 1814
1815 1816
1816 1815
1816 1817
1817 1816
1817 1905
1818 1828
1818 1903
1819 1820
1819 1905
1820 1819
1820 1792
1820 1821
1820 1906
1821 1820
1821 1822
1821 1907
1822 1821
1822 1823
1823 1822
1823 1824
1823 1910
1824 1823
1824 1825
1825 1824
1825 1826
1826 1825
1826 1827
1827 1826
1827 1829
1827 1911
1828 1818
1828 1841
1828 1908
1829 1827
1829 1830
1830 1829
1830 1831
1831 1830
1831 1832
1832 1831
1832 1833
1833 1832
1833 1834
1834 1833
1834 1835
1835 1834
1835 1836
1836 1835
1836 1837
1837 1836
1837 1838
1837 1914
1838 1793
1838 1837
1838 1839
1839 1838
1839 1840
1839 1915
1840 1839
1840 1842
1841 1828
1841 1851
1842 1840
1842 1843
1842 1916
1843 1842
1843 1844
1844 1843
1844 1899
1845 1794
1845 1899
1845 1846
1846 1845
1846 1847
1847 1846
1847 1848
1848 1847
1848 1849
1849 1848
1849 1850
1850 1849
1850 1852
1851 1841
1851 1860
1851 1917
1852 1850
1852 1853
1853 1852
1853 1854
1854 1796
1854 1853
1854 1900
1855 1900
1855 1856
1856 1855
1856 1857
1857 1856
1857 1858
1858 1857
1858 1859
1859 1858
1859 1861
1860 1851
1860 1868
1861 1859
1861 1862
1862 1861
1862 1863
1862 1929
1863 1862
1863 1864
1864 1863
1864 1865
1865 1775
1865 1864
1865 1866
1866 1865
1866 1867
1867 1866
1867 1919
1868 1860
1868 1869
1868 1918
1869 1868
1869 1870
1870 1869
1870 1871
1870 1920
1871 1870
1871 1872
1872 1871
1872 1873
1872 1921
1873 1872
1873 1874
1874 1873
1874 1875
1874 1922
1875 1874
1875 1876
1876 1875
1876 1877
1877 1876
1877 1878
1878 1877
1878 1924
1878 1879
1879 1878
1879 1880
1880 1879
1880 1881
1880 1925
1881 1880
1881 1882
1882 1881
1882 1883
1883 1882
1883 1901
1884 1797
1884 1901
1884 1885
1885 1884
1885 1886
1886 1885
1886 1887
1887 1886
1887 1888
1888 1887
1888 1889
1889 1798
1889 1888
1890 1926
1890 1891
1891 1890
1891 1902
1892 1902
1892 1893
1893 1892
1893 1894
1894 1800
1894 1893
1894 1895
1895 1894
1895 1896
1896 1895
1896 1897
1897 1896
1898 1802
1898 1803
1899 1845
1899 1844
1900 1855
1900 1854
1901 1884
1901 1883
1902 1892
1902 1891
1903 1818
1903 1927
1904 1801
1904 1928
1905 1817
1905 1819
1906 1820
1906 1933
1907 1821
1907 1909
1908 1828
1908 1931
1909 1907
1910 1823
1911 1827
1911 1912
1912 1911
1912 1913
1913 1912
1914 1837
1914 1934
1915 1839
1915 1935
1916 1842
1917 1851
1918 1868
1919 1867
1920 1870
1921 1872
1921 1937
1922 1874
1922 1923
1923 1922
1924 1878
1924 1930
1925 1880
1926 1890
1926 1977
1927 1903
1928 1904
1928 1980
1929 1862
1929 1936
1930 1924
1930 1938
1931 1908
1931 1941
1931 1978
1932 1942
1933 1906
1933 1943
1933 1944
1933 1945
1934 1914
1934 1950
1935 1915
1935 1951
1935 1952
1936 1929
1936 1953
1937 1921
1937 1954
1937 1955
1937 1956
1938 1930
1938 1957
1939 1957
1939 1958
1940 1958
1941 1931
1941 1959
1942 1932
1942 1960
1943 1933
1943 1961
1944 1933
1944 1962
1945 1933
1945 1946
1945 1963
1946 1945
1946 1964
1947 1965
1948 1965
1948 1949
1948 1966
1949 1948
1949 1967
1950 1934
1950 1968
1951 1935
1951 1969
1952 1935
1952 1970
1953 1936
1953 1971
1954 1937
1954 1972
1955 1937
1955 1973
1956 1937
1956 1974
1957 1938
1957 1939
1957 1975
1958 1940
1958 1939
1959 1941
1960 1942
1960 1981
1961 1943
1962 1944
1962 1987
1963 1945
1963 1988
1964 1946
1965 1947
1965 1948
1965 1990
1966 1948
1967 1949
1968 1950
1969 1951
1970 1952
1970 1993
1971 1953
1971 1994
1972 1954
1973 1955
1973 1996
1974 1956
1974 1997
1975 1957
1975 1998
1976 1977
1976 2037
1977 1926
1977 1976
1977 2000
1978 1931
1978 1983
1978 1984
1979 1980
1979 2041
1980 1979
1980 1928
1980 2002
1981 1960
1981 1986
1982 2031
1982 1995
1983 1978
1984 1978
1984 2001
1984 2056
1985 2002
1985 2004
1986 1981
1986 2046
1987 1962
1987 2047
1988 1963
1988 1989
1989 1988
1989 2013
1990 1965
1990 2013
1990 1991
1991 1990
1991 1992
1992 1991
1992 2015
1993 1970
1993 2019
1994 1971
1994 2028
1994 2029
1995 1982
1995 2003
1996 1973
1997 1974
1997 2032
1998 1975
1998 1999
1999 1998
1999 2034
2000 1977
2000 2038
2001 1984
2002 1985
2002 1980
2003 1995
2004 1985
2004 2042
2005 2042
2005 2006
2006 2005
2006 2043
2007 2008
2008 2007
2008 2009
2009 2008
2009 2010
2010 2009
2010 2011
2011 2010
2011 2012
2012 2011
2012 2044
2013 1990
2013 1989
2013 2014
2014 2013
2015 1992
2015 2016
2016 2015
2016 2017
2017 2016
2017 2018
2018 2017
2019 1993
2019 2048
2020 2048
2020 2021
2021 2020
2021 2049
2022 2049
2022 2023
2023 2022
2023 2024
2024 2023
2024 2050
2025 2050
2025 2026
2026 2025
2026 2051
2027 2028
2028 2027
2028 1994
2029 1994
2029 2030
2030 2029
2030 2031
2031 1982
2031 2030
2032 1997
2032 2033
2033 2032
2034 1999
2034 2052
2035 2036
2035 2052
2036 2035
2036 2053
2037 1976
2037 2053
2038 2000
2038 2054
2039 2040
2039 2054
2040 2039
2040 2055
2041 1979
2041 2055
2042 2005
2042 2004
2043 2006
2044 2012
2044 2045
2045 2044
2045 2046
2046 1986
2046 2045
2046 2047
2047 2046
2047 1987
2048 2020
2048 2019
2049 2022
2049 2021
2049 2060
2050 2025
2050 2024
2051 2026
2052 2034
2052 2035
2053 2036
2053 2037
2054 2038
2054 2039
2055 2040
2055 2041
2056 1984
2056 2084
2057 2084
2057 2059
2058 2086
2059 2057
2059 2066
2060 2049
2060 2061
2061 2060
2061 2062
2062 2061
2062 2063
2063 2062
2063 2064
2064 2063
2064 2065
2065 2064
2066 2059
2066 2067
2067 2066
2067 2068
2068 2067
2068 2069
2069 2068
2069 2070
2070 2069
2070 2071
2071 2070
2071 2072
2072 2071
2072 2073
2073 2072
2073 2074
2074 2073
2074 2075
2075 2074
2075 2076
2076 2075
2076 2077
2077 2076
2077 2078
2078 2077
2078 2079
2079 2078
2079 2080
2080 2079
2080 2081
2081 2080
2081 2082
2082 2081
2082 2083
2083 2082
2083 2085
2084 2057
2084 2056
2085 2083
2085 2086
2086 2058
2086 2085

