0.5 0.95 0.2 0.1 7074 7129.6 282.134
2041
2055
2040
2039
2054
2038
2000
1977
1926
1890
1891
1902
1892
1893
1894
1895
1896
1897
1800
1790
1789
1799
1798
1787
1797
1882
1883
1901
1884
1885
1886
1887
1888
1889
1976
2037
2053
2036
2035
2052
2034
1999
1998
2033
2032
1997
1996
1972
1954
1937
1955
1973
1974
1956
1930
1938
1975
1957
1939
1958
1940
1925
1881
1880
1924
1879
1878
1877
1876
1875
1768
1786
1873
1874
1923
1922
1921
1872
1871
1870
1920
1869
1868
1860
1918
1917
1851
1841
1828
1818
1908
1903
1927
1931
1941
1959
1978
1983
2001
1984
2056
2084
2057
2059
2066
2067
2068
2069
2070
2071
2072
2073
2074
2075
2076
2077
2078
2079
2080
2081
2082
2083
2085
2086
2058
2004
2042
2005
2006
2043
2007
2008
2009
2010
2011
2012
1981
1960
1942
1932
1986
2044
2045
2046
2047
1987
1961
1943
1962
1945
1963
1944
1933
1906
1820
1821
1907
1909
1910
1822
1823
1824
1825
1826
1827
1829
1911
1912
1830
1831
1832
1834
1833
1913
1949
1967
1948
1966
1947
1965
1946
1964
1988
1989
2013
2014
1990
1991
1992
2015
2016
2017
2018
1968
1950
1934
1969
1951
1935
1952
1970
1993
2019
2048
2020
2021
2049
2060
2061
2062
2063
2064
2065
2003
1995
2031
2030
2029
1994
1982
1919
1867
1866
1865
1775
1776
1767
1747
1746
1753
1766
1857
1858
1859
1861
1862
1863
1864
1929
1936
1953
1971
2028
2027
2051
2026
2025
2050
2024
2023
2022
1850
1852
1853
1854
1900
1856
1855
1796
1785
1784
1795
1794
1849
1848
1847
1846
1845
1899
1844
1843
1842
1916
1915
1914
1836
1835
1837
1838
1839
1840
1793
1783
1705
1706
1661
1663
1629
1628
1660
1659
1658
1657
1675
1684
1683
1674
1655
1643
1600
1563
1518
1519
1520
1521
1522
1565
1566
1627
1598
1567
1568
1569
1571
1572
1601
1611
1602
1612
1603
1630
1676
1665
1664
1708
1709
1710
1734
1712
1713
1714
1715
1631
1576
1575
1523
1574
1573
1477
1475
1459
1476
1478
1500
1479
1480
1501
1481
1482
1483
1393
1364
1365
1366
1367
1368
1369
1370
1371
1408
1435
1441
1487
1486
1503
1485
1484
1502
1524
1577
1613
1632
1578
1615
1634
1666
1677
1635
1644
1667
1668
1595
1580
1579
1527
1526
1525
1461
1442
1443
1409
1411
1412
1336
1253
1210
1164
1129
1128
1111
1058
1078
1077
1076
1057
1056
1075
1123
1126
1109
1110
1127
1282
1280
1266
1240
1207
1163
1162
1181
1161
1160
1180
1159
1158
1157
1179
1156
1155
1178
1154
1177
1176
1196
1195
1194
1193
1192
1191
1230
1190
1189
1233
1151
1150
1174
1149
1148
1173
1188
1187
1186
1185
1147
1146
1145
1229
1184
1183
1182
1172
1144
1143
1171
1227
1228
1170
1142
1141
1140
1121
1092
1091
1090
1120
1169
1168
1167
1139
1098
1103
1097
1102
1096
1138
1137
1136
1135
1118
1117
1116
1115
1134
1133
1132
1226
1225
1246
1288
1289
1247
1248
1249
1250
1290
1291
1312
1311
1310
1326
1309
1308
1295
1307
1306
1305
1304
1303
1324
1323
1322
1374
1375
1376
1377
1378
1414
1445
1424
1415
1416
1380
1381
1394
1382
1383
1384
1385
1386
1387
1388
1417
1418
1419
1337
1327
1328
1329
1313
1314
1330
1343
1342
1341
1340
1339
1391
1390
1389
1420
1497
1470
1469
1449
1468
1467
1446
1496
1495
1549
1616
1548
1547
1546
1545
1551
1589
1543
1544
1505
1494
1493
1504
1492
1466
1465
1490
1489
1464
1463
1448
1444
1413
1373
1372
1410
1407
1406
1429
1434
1440
1438
1436
1430
1425
1395
1338
1344
1345
1346
1347
1348
1355
1319
1281
1267
1259
1283
1260
1241
1234
1197
1201
1208
1209
1211
1212
1213
1214
1215
1216
1217
1218
1219
1220
1221
1243
1242
1254
1261
1284
1268
1285
1286
1262
1255
1269
1287
1245
1244
1223
1222
1165
1112
1113
1130
1131
1114
1082
1081
1080
1079
1059
1007
992
1008
993
994
1009
995
1010
1083
1084
1085
1086
1087
1088
1089
1061
1062
1063
1012
997
996
1011
957
933
895
896
897
898
899
900
901
902
903
852
853
854
855
856
824
798
799
857
858
904
859
860
861
862
863
804
805
825
848
849
826
774
749
773
803
802
796
772
771
801
800
795
770
756
769
755
768
666
667
668
718
719
720
721
722
723
724
725
669
670
671
673
672
643
623
644
624
625
645
626
526
434
433
432
431
430
429
428
393
394
377
288
245
216
208
217
218
247
290
246
289
338
395
396
339
324
291
248
219
169
170
171
220
249
292
325
340
293
250
221
172
173
174
175
223
253
296
295
252
222
251
294
341
443
442
441
440
439
438
437
435
436
527
646
647
627
628
648
629
649
682
732
683
684
685
686
687
688
689
690
735
734
733
762
782
783
763
784
813
831
785
764
751
737
787
833
832
886
885
884
883
918
951
989
988
987
1006
986
985
1005
984
973
972
950
915
916
874
875
905
876
877
878
879
880
881
882
812
830
829
828
827
811
810
809
808
779
780
761
760
778
777
759
750
728
729
730
731
681
680
679
678
677
676
717
675
726
727
757
775
758
776
807
806
851
914
913
873
871
872
912
927
931
939
947
948
940
942
949
958
970
969
968
967
966
965
945
937
946
938
930
926
910
911
870
869
868
867
866
865
864
908
944
936
982
1003
981
1002
980
934
979
1001
978
1000
999
998
1013
1064
1014
1065
1015
1016
1017
1018
1019
1020
1021
1022
1023
1066
1024
1025
1026
1027
1028
1029
1030
1105
1031
983
964
1004
1032
1033
1071
1099
1106
1175
1124
1152
1153
1125
1122
1107
1100
1108
1101
1095
1094
1072
1035
1034
1036
1037
1074
1038
1039
1067
1040
1041
1042
1043
1044
1045
1046
1047
1048
1068
1049
1050
1051
1052
1053
1054
1055
990
991
959
974
952
919
887
888
920
953
975
976
977
954
921
922
816
815
814
788
789
740
665
739
738
697
696
695
694
693
691
692
652
653
608
636
654
655
609
575
596
574
549
530
529
548
573
595
634
633
632
651
650
630
607
572
547
528
493
444
446
447
448
450
451
452
453
454
455
494
457
458
459
495
496
497
402
380
364
401
378
348
347
346
400
399
398
397
344
345
328
300
256
301
257
225
226
258
302
303
259
227
260
304
305
261
186
187
119
121
31
30
29
118
117
116
27
26
114
115
185
184
183
113
25
24
112
111
182
180
23
110
179
224
255
299
327
343
326
342
298
297
254
176
177
178
22
109
108
107
106
21
105
104
103
102
20
19
18
101
100
17
99
98
97
15
96
95
94
167
93
14
92
91
90
89
13
88
215
376
375
392
391
374
373
372
337
286
244
214
84
85
87
86
11
10
83
82
81
80
9
79
165
78
77
8
7
76
75
74
6
5
73
72
71
70
69
4
68
164
163
161
67
66
65
64
2
3
63
160
62
61
60
58
159
57
158
204
205
206
211
277
237
276
322
331
323
279
239
280
240
212
207
213
241
281
332
362
361
406
405
389
388
360
404
403
359
321
236
275
320
330
319
274
235
201
202
203
155
156
157
56
54
154
153
53
152
51
151
150
149
148
147
146
145
48
143
144
49
50
199
234
273
318
387
386
357
356
355
354
476
475
474
473
472
471
470
503
469
468
467
385
384
383
349
382
379
381
306
262
228
263
307
264
308
350
351
352
311
267
230
266
310
309
265
229
209
191
190
133
134
135
136
137
192
194
193
231
268
312
313
269
232
270
314
353
315
316
271
317
272
233
210
198
197
196
195
142
47
141
140
139
138
46
45
44
43
42
41
40
39
38
132
131
130
129
37
128
189
188
126
127
36
35
125
34
33
124
32
123
122
120
28
16
12
1
52
55
59
200
162
166
168
181
287
284
238
278
334
358
329
363
365
390
407
504
506
408
420
445
449
456
492
491
490
520
541
564
584
615
616
716
743
791
823
819
847
925
943
956
961
928
935
929
907
909
917
850
781
786
736
674
605
594
571
606
635
631
610
611
576
550
577
551
531
552
578
579
553
580
554
532
513
501
500
499
498
460
461
462
463
464
465
466
502
514
515
534
556
583
597
614
582
555
533
581
613
612
698
699
700
701
702
703
704
705
656
657
637
638
639
640
658
659
660
661
662
598
585
557
535
516
505
517
536
558
586
587
477
478
479
480
481
482
483
507
537
559
588
518
538
560
589
617
599
590
561
539
519
508
509
484
485
486
409
410
411
412
413
414
415
416
417
418
419
488
489
368
367
366
336
335
333
282
242
283
243
285
371
370
369
421
422
423
424
425
426
427
570
622
642
641
621
604
525
512
524
546
569
603
593
568
545
523
544
522
511
487
510
521
542
565
566
543
567
602
601
600
620
619
592
563
540
562
591
618
664
663
748
794
822
821
820
894
906
893
892
891
890
889
844
843
797
818
845
846
792
793
752
766
753
767
754
747
746
745
744
715
714
742
713
712
711
710
709
708
707
706
741
765
790
817
841
842
840
839
838
837
836
835
834
924
955
923
960
932
941
971
963
962
1060
1093
1069
1070
1073
1104
1119
1166
1224
1231
1232
1271
1292
1270
1325
1379
1421
1491
1506
1542
1507
1473
1474
1460
1462
1488
1529
1528
1570
1564
1557
1553
1605
1618
1621
1626
1651
1647
1678
1645
1725
1688
1736
1754
1759
1788
1770
1772
1764
1758
1752
1741
1744
1745
1748
1749
1721
1722
1720
1719
1718
1717
1716
1711
1707
1704
1691
1656
1662
1633
1614
1604
1581
1582
1530
1531
1532
1533
1583
1584
1534
1535
1536
1537
1585
1586
1538
1539
1540
1541
1587
1588
1636
1637
1669
1679
1685
1680
1724
1723
1726
1727
1728
1735
1686
1681
1729
1730
1731
1732
1670
1671
1672
1639
1638
1617
1590
1550
1591
1592
1593
1640
1641
1673
1646
1682
1687
1689
1737
1751
1755
1760
1750
1761
1771
1769
1762
1756
1738
1690
1650
1649
1648
1620
1606
1596
1556
1555
1509
1554
1642
1619
1594
1552
1508
1498
1471
1499
1472
1431
1422
1396
1397
1423
1398
1399
1272
1256
1273
1296
1315
1331
1316
1317
1332
1318
1274
1275
1235
1236
1198
1199
1200
1202
1203
1204
1205
1206
1239
1294
1279
1265
1258
1252
1238
1237
1264
1278
1299
1293
1277
1263
1251
1257
1276
1297
1298
1333
1334
1335
1320
1321
1300
1301
1302
1363
1362
1361
1360
1359
1358
1357
1356
1354
1392
1353
1352
1351
1350
1349
1405
1404
1403
1439
1458
1457
1456
1447
1402
1401
1400
1426
1432
1427
1433
1428
1437
1455
1454
1453
1452
1451
1450
1510
1597
1511
1512
1513
1558
1559
1560
1514
1515
1516
1517
1562
1561
1599
1610
1625
1609
1624
1623
1608
1607
1622
1652
1653
1654
1694
1693
1692
1743
1742
1740
1739
1757
1763
1773
1774
1777
1778
1695
1696
1733
1697
1698
1699
1700
1701
1702
1703
1765
1782
1781
1792
1780
1779
1791
1819
1905
1817
1816
1815
1814
1813
1812
1811
1810
1809
1808
1807
1806
1805
1804
1803
1898
1802
1801
1904
1928
1980
1985
2002
1979
