weight: 9777
vertices-order: 
1
59
162
238
284
287
278
334
358
329
363
365
390
407
200
166
168
181
120
122
123
124
33
34
125
35
126
188
228
263
307
349
383
384
385
262
306
382
381
379
456
460
498
499
461
462
463
500
501
513
532
554
581
580
612
613
553
579
531
552
578
551
577
610
611
550
576
464
465
466
502
514
533
555
582
614
656
707
708
709
710
711
712
713
742
714
715
744
745
752
793
820
821
822
792
766
753
767
754
794
746
747
748
706
741
765
790
817
839
840
841
842
843
844
889
890
891
892
893
906
894
797
818
845
846
837
838
836
835
834
705
704
703
702
701
700
699
698
657
637
638
639
640
658
659
660
661
662
598
585
557
535
516
505
517
536
558
586
587
534
556
583
597
515
467
468
469
503
470
471
472
473
474
475
476
449
492
491
490
520
541
564
616
615
584
594
605
606
631
674
736
781
786
716
743
791
819
847
850
909
917
923
924
955
907
928
961
962
963
971
956
943
935
929
941
932
960
925
823
635
571
506
504
420
408
445
189
127
128
129
130
131
132
190
191
209
229
266
310
230
267
311
231
269
313
353
232
270
315
354
355
356
357
386
314
268
312
265
309
350
351
352
264
308
133
38
39
40
134
41
42
135
136
43
44
45
137
192
138
139
193
194
140
141
142
195
196
197
198
210
233
272
317
271
316
143
144
145
146
147
148
149
199
234
273
318
150
151
152
153
201
235
274
319
387
236
321
275
320
330
359
404
479
480
507
518
538
560
589
539
561
590
599
617
663
664
519
537
559
588
481
482
483
508
509
485
409
486
540
563
592
562
591
618
410
411
412
413
414
415
487
511
522
544
567
523
545
568
593
603
543
566
600
620
619
601
602
542
565
521
510
416
417
418
419
488
489
512
524
546
569
604
621
641
642
622
570
525
421
422
423
424
425
426
427
484
478
477
403
360
154
202
203
155
156
157
158
57
159
204
205
206
211
277
323
237
276
322
331
239
279
332
362
361
406
405
389
388
212
240
280
58
60
61
62
63
160
207
242
282
333
335
336
366
367
368
369
370
371
285
243
283
213
241
281
64
65
66
161
163
164
67
68
69
70
71
72
73
74
75
76
7
77
78
79
165
244
286
337
372
373
374
214
80
81
82
83
84
85
86
87
215
88
13
89
90
91
92
93
94
167
208
217
246
289
338
218
247
290
219
248
291
324
339
396
395
220
249
292
325
340
216
245
288
377
394
393
428
429
430
431
432
433
434
526
435
436
437
438
527
439
440
441
442
443
444
493
528
547
572
607
630
629
649
648
628
627
647
646
626
645
675
717
676
726
677
727
750
760
778
808
809
810
811
827
828
829
830
812
782
783
763
784
813
831
832
833
762
761
780
779
759
777
758
776
806
851
807
757
775
678
679
728
729
730
731
732
682
683
684
685
686
687
688
733
734
735
689
690
691
692
693
694
695
737
751
764
787
785
696
697
738
788
814
815
816
789
739
740
665
680
681
625
624
644
623
643
670
671
672
673
669
725
749
724
723
722
721
720
719
718
755
769
798
824
799
768
756
770
795
800
801
771
772
796
803
804
805
825
848
865
866
910
926
930
938
946
965
1004
1032
1071
1033
1034
1035
1036
1072
1094
1095
1101
1108
1122
1125
1176
1177
1154
1178
1155
1156
1179
1157
1158
1159
1180
1160
1161
1181
1152
1153
1124
1175
1190
1233
1273
1296
1315
1331
1316
1317
1332
1318
1274
1275
1297
1298
1235
1236
1198
1199
1200
1237
1264
1278
1299
1335
1334
1333
1349
1405
1404
1439
1457
1458
1459
1475
1476
1477
1478
1500
1479
1480
1501
1523
1575
1576
1577
1613
1632
1524
1574
1573
1602
1612
1603
1630
1631
1611
1664
1665
1676
1712
1713
1714
1715
1710
1734
1709
1708
1601
1629
1663
1705
1706
1661
1660
1659
1658
1657
1675
1684
1683
1703
1702
1701
1700
1699
1698
1697
1733
1696
1695
1694
1693
1692
1742
1757
1763
1773
1774
1777
1778
1791
1779
1780
1792
1820
1906
1933
1945
1963
1988
1989
2013
2014
1990
1991
1992
2015
2016
2017
2018
1965
1948
1966
1949
1967
1947
1946
1964
1944
1962
1987
2047
2046
2045
2044
2012
2011
2010
2009
2008
2007
1986
1981
1960
1942
1932
1943
1961
1821
1907
1909
1822
1823
1910
1824
1825
1826
1827
1911
1912
1913
1829
1830
1831
1832
1833
1834
1835
1836
1837
1914
1934
1950
1968
1838
1839
1915
1935
1952
1970
1993
2019
2048
2020
2021
2049
2060
2061
2062
2063
2064
2065
2022
2023
2024
2050
2025
2026
2051
1951
1969
1840
1842
1916
1843
1844
1899
1845
1846
1847
1848
1849
1850
1852
1853
1854
1900
1855
1856
1857
1858
1859
1861
1862
1929
1936
1953
1971
1994
2029
2030
2031
1982
1995
2003
2028
2027
1863
1864
1865
1866
1867
1919
1775
1776
1767
1753
1766
1746
1747
1796
1785
1784
1794
1795
1793
1783
1819
1905
1817
1816
1815
1814
1813
1812
1811
1810
1809
1808
1807
1806
1805
1804
1803
1898
1802
1801
1904
1928
1980
2002
1985
2004
2042
2005
2006
2043
1979
2041
2055
2040
2039
2054
2038
2000
1977
1976
2037
2053
2036
2035
2052
2034
1999
1998
1975
1957
1939
1958
1940
1938
1930
1924
1878
1879
1880
1925
1881
1882
1883
1901
1884
1885
1886
1887
1888
1889
1798
1799
1797
1787
1877
1876
1875
1874
1922
1923
1873
1872
1921
1937
1956
1974
1997
2032
2033
1955
1973
1996
1954
1972
1871
1870
1920
1869
1868
1918
1860
1851
1917
1841
1828
1908
1931
1978
1984
2056
2084
2057
2059
2066
2067
2068
2069
2070
2071
2072
2073
2074
2075
2076
2077
2078
2079
2080
2081
2082
2083
2085
2086
2058
2001
1983
1941
1959
1818
1903
1927
1926
1890
1891
1902
1892
1893
1894
1895
1896
1897
1800
1790
1789
1781
1782
1765
1743
1740
1627
1628
1572
1571
1569
1568
1567
1598
1566
1565
1522
1521
1520
1519
1518
1563
1600
1643
1655
1674
1562
1517
1516
1561
1515
1514
1513
1558
1559
1560
1599
1610
1625
1609
1624
1608
1623
1652
1653
1654
1607
1622
1512
1511
1597
1510
1556
1596
1606
1620
1648
1649
1650
1642
1619
1646
1682
1687
1737
1751
1755
1761
1750
1760
1689
1690
1738
1756
1762
1771
1769
1739
1673
1641
1640
1672
1671
1670
1729
1730
1731
1732
1638
1639
1617
1590
1591
1592
1593
1594
1552
1508
1499
1472
1431
1422
1396
1397
1423
1398
1399
1426
1432
1454
1455
1453
1452
1451
1450
1427
1433
1428
1437
1401
1400
1471
1498
1497
1470
1469
1449
1468
1467
1496
1495
1446
1417
1418
1419
1420
1389
1390
1391
1339
1340
1341
1342
1343
1328
1329
1313
1314
1330
1337
1327
1388
1387
1386
1385
1384
1383
1382
1394
1381
1380
1416
1415
1424
1378
1377
1414
1445
1464
1489
1490
1465
1466
1492
1504
1545
1551
1544
1543
1589
1588
1636
1637
1669
1679
1723
1724
1685
1680
1686
1727
1728
1735
1726
1681
1541
1587
1540
1539
1586
1538
1537
1585
1536
1535
1584
1534
1533
1583
1532
1531
1582
1530
1529
1581
1604
1614
1633
1528
1570
1564
1557
1553
1605
1621
1626
1618
1647
1678
1725
1688
1736
1741
1752
1758
1764
1772
1770
1788
1759
1754
1691
1704
1744
1707
1711
1745
1716
1717
1748
1718
1719
1749
1768
1786
1720
1721
1722
1645
1651
1656
1662
1507
1542
1506
1546
1547
1548
1549
1493
1494
1505
1375
1374
1413
1444
1463
1448
1373
1372
1410
1407
1406
1429
1434
1440
1460
1462
1488
1438
1474
1473
1355
1348
1347
1346
1345
1395
1425
1430
1436
1491
1344
1338
1379
1421
1319
1281
1267
1260
1283
1259
1241
1209
1211
1212
1213
1214
1215
1216
1217
1218
1219
1220
1221
1242
1243
1255
1262
1269
1287
1295
1308
1309
1326
1286
1306
1307
1305
1304
1303
1324
1323
1322
1284
1268
1285
1261
1254
1222
1223
1244
1245
1246
1225
1226
1247
1288
1289
1310
1311
1312
1290
1291
1248
1249
1250
1208
1201
1197
1234
1232
1271
1292
1325
1270
1231
1224
1166
1119
1104
1069
1070
1073
1060
1093
1376
1550
1616
1555
1554
1509
1481
1482
1483
1502
1484
1485
1503
1456
1447
1403
1402
1350
1351
1352
1353
1392
1354
1356
1357
1358
1359
1360
1361
1362
1363
1393
1364
1365
1366
1367
1368
1369
1370
1371
1408
1435
1442
1443
1441
1461
1487
1525
1578
1615
1634
1666
1677
1526
1527
1579
1635
1644
1667
1668
1580
1595
1486
1409
1411
1412
1336
1282
1320
1321
1300
1301
1294
1265
1279
1258
1252
1251
1257
1276
1263
1277
1293
1238
1202
1203
1204
1205
1206
1239
1240
1266
1280
1302
1207
1256
1272
1230
1191
1192
1193
1194
1195
1196
1189
1106
1099
1100
1107
1037
1074
1038
1039
1067
1040
1041
1042
1043
1044
1045
1046
1047
1048
1068
1049
1050
1051
1052
1053
1054
1055
1075
1109
1126
1123
1163
1162
1056
1057
1076
1110
1127
1128
1129
1164
1210
1253
1111
1077
1078
1058
1031
937
945
867
868
869
911
927
931
939
947
940
948
942
949
958
970
972
973
984
1005
985
986
1006
987
988
989
950
969
968
967
966
870
871
872
912
913
914
915
916
874
875
905
876
877
878
879
880
881
882
883
884
918
951
885
886
919
952
974
959
991
990
887
888
920
953
975
976
977
954
921
922
873
864
908
944
964
983
936
982
1003
981
1002
1024
1066
1023
1022
1021
1020
1019
1018
1017
1016
1015
1065
1014
1064
1092
1091
1090
1063
1062
1061
1089
1088
1097
1103
1098
1102
1096
1118
1135
1136
1137
1138
1139
1167
1168
1169
1140
1141
1142
1170
1228
1227
1171
1143
1144
1172
1182
1183
1184
1229
1145
1146
1147
1173
1185
1186
1187
1188
1148
1149
1174
1150
1151
1105
1120
1121
1117
1116
1115
1133
1134
1132
1131
1130
1165
1113
1112
1114
1087
1086
1085
1084
1083
1082
1081
1080
1079
1059
1007
992
1008
993
994
1009
995
1010
957
933
1000
999
1013
998
1012
997
996
1011
978
1001
979
934
856
855
854
853
852
903
902
901
900
899
898
897
896
895
1025
1026
1027
1028
1029
1030
980
863
862
861
860
859
904
858
857
849
826
774
773
802
667
666
668
446
447
448
450
451
452
453
454
455
457
494
529
548
573
595
608
653
652
634
633
632
651
650
636
654
655
609
575
530
549
574
596
458
459
495
496
497
376
375
392
391
95
96
97
98
169
99
17
100
170
101
171
18
19
102
172
221
251
294
341
222
252
295
223
254
298
326
297
342
253
296
250
293
103
173
174
104
105
106
175
107
108
176
109
177
178
179
224
255
299
327
343
110
111
180
182
225
257
301
328
346
400
399
345
344
398
397
256
300
112
113
183
226
259
303
347
227
261
305
348
378
401
364
380
402
260
304
258
302
114
184
185
115
116
117
186
187
118
29
119
30
31
121
26
27
24
25
23
22
21
20
15
14
11
10
9
8
5
6
4
2
3
56
54
53
51
49
50
48
47
46
37
36
32
28
55
52
12
16

