0.1 0.2 6450 6470.67 2193.79
612
583
571
572
573
574
576
577
578
592
602
638
639
640
605
604
594
603
593
579
580
553
554
555
509
531
507
530
542
529
528
541
527
476
452
451
450
449
448
447
458
446
445
390
359
358
389
357
302
356
388
355
354
387
438
439
457
440
441
442
443
444
485
526
540
525
539
524
484
523
538
522
537
521
520
519
552
568
600
591
601
611
629
625
598
622
635
582
575
559
586
590
565
536
518
514
535
508
543
495
473
393
398
455
409
414
426
427
428
429
430
431
432
456
433
434
435
436
437
353
352
349
254
180
175
181
182
176
177
183
186
185
184
225
224
223
222
221
220
227
219
218
217
216
215
214
213
212
226
211
210
209
208
207
253
252
266
279
300
326
301
327
348
386
385
384
383
382
381
380
379
347
346
345
343
321
305
336
333
328
334
255
229
194
195
247
296
322
323
297
264
277
298
324
332
325
299
278
265
251
250
249
248
205
206
159
160
146
128
114
127
113
126
145
112
105
98
111
125
144
158
141
123
95
90
108
118
136
162
151
150
103
2
28
35
41
51
58
14
60
97
61
62
63
99
64
15
65
66
67
100
68
16
17
69
70
101
115
129
147
161
149
148
130
102
71
18
19
20
72
73
21
22
74
75
76
82
23
77
78
79
80
1
3
106
131
4
24
25
81
26
27
5
29
30
31
32
6
33
34
7
8
36
37
38
9
10
11
45
46
47
48
49
50
52
12
13
96
94
93
92
59
57
56
55
54
53
91
121
139
104
110
140
122
124
142
143
157
156
155
154
174
173
153
172
171
170
169
152
138
120
137
119
109
88
89
44
43
42
87
86
135
168
134
85
40
39
84
83
107
117
133
116
132
167
166
179
165
164
178
163
193
233
306
282
232
192
191
190
189
231
188
187
228
230
267
281
304
280
303
337
335
330
351
350
329
360
391
392
453
394
395
396
397
399
459
400
401
454
402
403
404
405
406
370
369
368
367
366
365
364
363
362
361
338
331
307
283
308
284
268
256
234
257
269
285
309
235
258
270
286
310
236
259
271
287
311
237
260
272
288
312
238
261
273
289
313
371
372
373
374
375
376
377
378
339
315
314
290
274
262
239
291
316
292
275
241
240
196
197
198
199
242
293
317
318
340
341
342
320
295
319
294
276
263
243
200
201
202
203
204
244
245
246
344
472
471
494
506
505
504
493
470
425
424
423
469
468
467
466
422
421
420
419
418
465
475
481
489
515
516
517
500
501
502
503
492
491
483
482
490
417
416
415
464
413
412
463
411
410
408
407
460
461
462
474
480
488
499
498
497
487
479
478
513
534
512
533
511
496
486
477
510
532
544
545
558
557
556
595
606
614
619
620
621
648
647
739
799
800
801
843
802
803
804
764
760
680
740
765
766
767
761
741
716
727
715
712
681
650
651
652
682
683
684
717
728
742
685
654
655
656
657
686
658
615
624
623
642
607
546
584
596
585
597
587
560
561
562
563
547
548
549
550
566
567
551
610
641
643
628
627
609
589
564
581
588
599
608
626
644
666
667
668
694
695
670
671
672
673
696
675
697
698
749
777
776
775
774
762
734
723
733
722
732
721
773
772
748
731
720
713
693
692
747
770
771
746
730
719
691
665
664
663
690
662
661
689
660
659
687
718
729
745
744
768
793
790
807
808
849
850
809
810
811
812
813
814
815
816
817
819
852
820
821
853
854
822
823
824
855
825
826
827
828
856
858
859
829
836
837
860
880
881
885
898
915
939
952
953
954
971
990
970
969
937
936
913
935
1003
934
896
912
933
967
932
911
931
910
895
909
930
966
1002
1001
1000
1025
1026
1027
1028
1029
1030
1032
1033
1068
1067
1110
1134
1164
1183
1163
1133
1096
1066
1132
1109
1095
1065
1024
1022
1021
1020
1019
1064
1108
1131
1162
1191
1192
1193
1213
1244
1214
1215
1245
1216
1218
1246
1298
1219
1220
1221
1222
1247
1248
1282
1299
1332
1300
1269
1283
1333
1334
1284
1270
1249
1250
1271
1344
1411
1410
1408
1407
1382
1406
1381
1380
1405
1379
1378
1377
1404
1428
1439
1458
1480
1509
1510
1511
1440
1459
1441
1460
1481
1482
1512
1513
1556
1631
1630
1629
1628
1578
1577
1576
1575
1574
1573
1624
1625
1626
1627
1702
1703
1676
1701
1675
1623
1572
1571
1570
1569
1568
1621
1622
1656
1673
1698
1697
1672
1620
1619
1567
1618
1617
1728
1727
1726
1719
1695
1670
1696
1671
1655
1616
1615
1566
1565
1564
1563
1562
1614
1530
1529
1528
1498
1471
1451
1433
1472
1452
1434
1391
1392
1473
1531
1524
1474
1453
1426
1365
1363
1362
1361
1360
1359
1393
1358
1357
1356
1355
1354
1352
1351
1389
1388
1425
1468
1432
1449
1469
1492
1527
1559
1611
1610
1558
1557
1608
1607
1606
1605
1650
1649
1604
1603
1554
1523
1497
1491
1424
1423
1386
1422
1467
1490
1522
1521
1553
1552
1551
1550
1549
1548
1547
1546
1518
1520
1421
1385
1384
1420
1418
1417
1416
1415
1414
1413
1431
1444
1463
1485
1445
1464
1446
1465
1447
1486
1488
1448
1466
1489
1496
1517
1516
1515
1545
1544
1543
1542
1541
1540
1539
1538
1537
1536
1579
1580
1632
1704
1770
1705
1677
1658
1633
1581
1582
1634
1583
1584
1585
1635
1636
1678
1706
1740
1707
1679
1659
1637
1586
1587
1588
1638
1680
1708
1741
1742
1709
1681
1660
1640
1639
1589
1590
1591
1641
1592
1594
1642
1643
1595
1596
1597
1644
1653
1661
1683
1711
1721
1682
1710
1743
1744
1745
1771
1772
1714
1686
1664
1663
1685
1713
1712
1684
1662
1645
1598
1599
1600
1646
1647
1601
1602
1648
1687
1715
1722
1746
1747
1716
1688
1665
1651
1652
1666
1689
1717
1718
1690
1667
1691
1692
1668
1654
1612
1560
1561
1613
1669
1693
1723
1724
1754
1748
1749
1725
1755
1756
1757
1758
1759
1760
1761
1762
1763
1764
1765
1729
1730
1731
1750
1751
1699
1657
1674
1700
1720
1732
1766
1767
1768
1769
1733
1734
1735
1736
1752
1737
1738
1739
1773
1775
1781
1780
1779
1778
1777
1785
1784
1783
1782
1776
1774
1753
1694
1593
1609
1555
1526
1519
1487
1450
1470
1499
1500
1502
1508
1514
1495
1483
1461
1442
1429
1462
1484
1443
1430
1412
1409
1402
1396
1394
1390
1419
1387
1353
1364
1367
1375
1383
1319
1288
1314
1343
1304
1254
1231
1208
1217
1251
1301
1335
1336
1337
1303
1302
1252
1253
1167
1166
1165
1135
1111
1097
1091
1126
1092
1104
1153
1176
1101
1116
1103
1084
1054
1023
1031
1034
1035
1004
1005
1006
1007
1008
1009
973
974
975
976
977
978
979
941
886
916
940
972
968
965
951
938
914
897
929
908
851
844
838
871
946
942
901
758
753
707
649
653
669
674
688
743
769
750
699
700
676
751
792
779
778
791
818
857
861
830
831
862
863
864
865
866
867
868
887
869
870
943
981
980
1044
1076
1075
1074
1073
1072
1043
1042
1041
1071
1040
1039
1070
1038
1037
1036
1069
1098
1112
1099
1113
1100
1114
1136
1137
1138
1168
1169
1170
1139
1115
1148
1171
1172
1173
1174
1175
1141
1118
1140
1117
1077
1078
1079
1080
1045
1046
1047
1081
1048
1049
1082
1119
1142
1177
1194
1195
1196
1197
1178
1149
1143
1120
1102
1083
1085
1086
1087
1050
1088
1089
1051
1010
1052
1011
1012
1013
1014
1056
1055
1053
1105
1123
1157
1156
1155
1182
1154
1122
1152
1181
1151
1145
1121
1144
1150
1179
1180
1227
1226
1258
1257
1256
1225
1224
1223
1255
1272
1305
1345
1306
1285
1307
1338
1339
1308
1309
1340
1350
1341
1342
1315
1310
1286
1259
1260
1228
1229
1230
1287
1316
1317
1318
1311
1320
1289
1261
1232
1198
1199
1200
1262
1273
1290
1312
1346
1347
1321
1322
1291
1274
1263
1292
1264
1275
1265
1276
1323
1324
1348
1349
1395
1366
1368
1397
1398
1399
1454
1476
1475
1501
1525
1503
1504
1505
1506
1477
1455
1435
1427
1436
1437
1456
1478
1493
1507
1532
1533
1534
1535
1494
1479
1457
1438
1403
1376
1374
1401
1400
1373
1372
1371
1370
1369
1330
1329
1328
1327
1326
1325
1313
1293
1277
1266
1267
1278
1294
1295
1279
1239
1240
1241
1242
1280
1296
1331
1297
1281
1268
1243
1212
1211
1210
1209
1207
1238
1237
1206
1236
1235
1205
1204
1203
1234
1233
1202
1201
1184
1185
1186
1187
1188
1189
1190
1159
1158
1146
1125
1106
1124
1093
1057
1058
1015
1016
1017
1060
1059
1090
1094
1107
1127
1160
1147
1161
1128
1129
1130
1061
1062
1063
1018
999
998
997
996
964
963
928
907
894
962
927
906
893
884
848
806
805
847
892
905
926
950
961
995
994
993
992
960
959
846
845
883
925
891
890
958
924
904
889
882
842
923
957
956
922
903
840
841
798
797
796
795
839
888
921
955
989
988
987
949
919
899
920
900
902
879
878
877
876
918
948
986
985
984
991
983
982
944
945
947
917
872
873
832
833
874
875
834
835
789
763
738
679
646
645
711
710
725
737
726
759
788
787
786
785
714
708
709
724
736
637
618
636
634
617
613
633
632
678
706
705
704
735
756
757
784
783
782
755
754
781
780
794
752
703
702
701
677
631
630
616
569
570
