weight: 5541
edges: 
1 3
1 80
2 28
3 1
3 4
3 106
4 3
4 24
5 27
5 29
6 33
7 34
7 8
8 7
8 36
9 39
10 86
11 43
12 52
13 59
14 60
14 58
15 65
16 17
16 67
16 68
17 16
17 69
18 19
18 71
19 18
19 20
20 19
20 72
21 74
21 72
22 75
23 77
23 76
24 4
24 25
25 24
25 81
26 81
26 27
27 5
27 26
28 2
28 35
28 103
29 5
29 30
30 29
30 31
31 30
31 32
32 31
32 33
33 6
33 32
33 34
33 116
34 7
34 33
35 28
35 41
36 8
36 37
36 83
37 36
37 38
38 37
38 39
38 84
39 9
39 38
39 40
40 39
40 85
41 35
41 51
42 87
42 43
43 11
43 42
43 44
43 88
44 43
44 45
45 44
45 46
46 45
46 47
47 46
47 48
48 47
48 49
49 48
49 50
50 49
50 52
51 41
51 58
52 12
52 50
52 53
52 91
53 52
53 54
54 53
54 55
55 54
55 56
56 55
56 57
57 56
57 59
58 51
58 14
58 90
59 13
59 57
59 92
60 14
60 61
61 60
61 62
61 97
62 61
62 63
63 62
63 64
63 98
64 63
64 65
65 15
65 64
65 66
65 99
66 65
66 67
67 66
67 16
67 100
68 16
69 17
69 70
70 69
70 71
70 101
71 70
71 18
71 102
72 20
72 21
72 73
73 72
74 21
74 75
75 22
75 74
75 76
76 75
76 23
76 82
77 23
77 78
78 77
78 79
79 78
79 80
80 79
80 1
81 26
81 25
82 76
83 36
83 107
84 38
85 40
85 86
85 134
86 10
86 85
86 87
87 42
87 86
88 43
88 89
88 109
89 88
90 58
90 95
90 108
91 52
92 59
92 93
93 92
93 94
94 93
94 96
95 90
96 94
97 61
98 63
98 105
99 65
100 67
101 70
101 115
102 71
102 130
103 28
103 150
104 110
105 98
105 112
106 3
106 131
107 83
107 117
108 90
108 118
108 123
109 88
109 119
109 120
110 104
110 122
111 123
111 125
112 105
112 126
113 126
113 127
114 127
114 128
115 101
115 129
116 33
116 132
117 107
117 133
118 108
118 136
119 109
119 137
120 109
120 138
121 139
122 110
122 140
122 124
123 111
123 108
123 141
124 122
124 142
124 143
125 111
125 144
126 113
126 112
126 145
127 114
127 113
128 114
128 146
129 115
129 147
130 102
130 148
130 149
131 106
132 116
132 167
133 117
134 85
134 135
134 168
135 134
136 118
137 119
138 120
138 152
139 121
139 153
140 122
140 154
141 123
141 158
142 124
143 124
144 125
145 126
145 159
146 128
146 160
147 129
148 130
148 161
149 130
150 103
150 151
150 162
151 150
152 138
152 169
153 139
153 171
153 173
154 140
154 174
154 155
155 154
155 156
156 155
156 157
157 156
158 141
159 145
160 146
161 148
162 150
163 178
163 192
164 165
164 178
165 164
165 179
166 167
166 179
167 166
167 132
168 134
169 152
169 170
170 169
170 171
171 153
171 170
171 172
172 171
173 153
173 174
174 154
174 173
175 180
176 225
176 177
177 176
177 183
178 163
178 164
179 165
179 166
179 193
180 175
180 217
181 219
181 182
182 181
183 177
184 185
184 225
185 184
185 186
186 185
186 187
187 186
187 188
187 228
188 187
188 189
189 188
189 190
189 231
190 189
190 191
191 190
191 192
191 232
192 191
192 163
193 179
193 233
194 195
194 229
195 194
195 247
196 240
196 197
197 196
197 198
198 197
198 199
199 198
199 200
199 242
200 199
200 201
201 200
201 202
201 243
202 201
202 203
203 202
203 204
204 203
204 244
205 248
206 250
207 208
207 253
208 207
208 209
209 208
209 210
210 209
210 211
211 210
211 226
212 213
212 226
213 212
213 214
214 213
214 215
215 214
215 216
216 215
216 217
217 180
217 216
217 218
218 217
218 219
219 181
219 218
219 227
220 221
220 227
221 220
221 222
222 221
222 223
223 222
223 224
224 223
224 225
225 176
225 224
225 184
226 211
226 212
227 219
227 220
228 187
228 230
229 194
229 255
229 305
230 228
230 267
231 189
232 191
232 282
233 193
233 234
233 256
234 233
234 257
235 257
235 258
236 258
236 259
237 259
237 260
238 260
238 261
239 274
240 196
240 275
240 241
241 240
242 199
243 201
243 263
244 204
244 245
245 244
245 246
246 245
246 344
247 195
247 248
248 205
248 247
248 249
249 248
249 250
250 206
250 249
250 264
251 264
251 265
252 266
253 207
253 254
253 266
254 253
255 229
256 233
256 268
257 235
257 234
257 269
258 236
258 235
258 270
259 237
259 236
259 271
260 238
260 237
260 272
261 238
261 273
262 274
263 243
263 276
264 250
264 251
264 277
265 251
265 278
266 252
266 253
266 279
267 230
267 280
267 281
268 256
268 283
268 284
269 257
269 285
270 258
270 286
271 259
271 287
272 260
272 288
273 261
273 289
274 239
274 262
274 290
275 240
275 291
275 292
276 263
276 293
276 294
277 264
277 298
278 265
278 299
279 266
279 300
280 267
280 303
280 330
281 267
281 304
282 232
282 306
283 268
283 307
284 268
284 308
285 269
285 309
286 270
286 310
287 271
287 311
288 272
288 312
289 273
289 313
290 274
290 314
291 275
291 315
292 275
292 316
293 276
293 317
294 276
294 295
294 318
295 294
295 319
295 320
296 321
296 322
297 324
297 323
298 277
298 324
299 278
299 325
300 279
300 326
301 326
301 327
302 356
303 280
303 335
304 281
305 229
305 333
305 336
306 282
307 283
308 284
308 331
309 285
310 286
311 287
312 288
313 289
314 290
314 315
315 291
315 314
315 339
316 292
317 293
318 294
318 340
319 295
320 295
321 296
321 343
322 296
323 297
324 297
324 298
324 332
325 299
326 301
326 300
327 301
327 348
328 333
328 334
329 360
330 280
330 351
331 308
331 338
332 324
332 347
333 328
333 305
334 328
335 303
335 337
336 305
337 335
338 331
338 361
339 315
339 378
340 318
340 341
341 340
341 342
342 341
343 321
343 345
344 246
345 343
345 346
346 345
346 347
347 332
347 346
347 380
348 327
348 349
348 386
349 348
349 352
350 351
350 360
351 350
351 330
352 349
352 353
353 352
353 387
354 387
354 355
355 354
355 388
356 302
356 388
357 389
358 359
358 389
359 358
359 390
360 329
360 350
360 390
361 338
361 362
361 400
362 361
362 363
363 362
363 364
364 363
364 365
365 364
365 366
366 365
366 367
367 366
367 368
368 367
368 369
369 368
369 370
370 369
370 371
370 407
371 370
371 372
372 371
372 373
373 372
373 374
374 373
374 375
375 374
375 376
376 375
376 377
377 376
377 378
378 339
378 377
379 380
379 430
380 347
380 379
380 381
381 380
381 382
382 381
382 383
383 382
383 384
384 383
384 385
385 384
385 386
386 385
386 348
387 354
387 353
387 438
388 356
388 355
389 357
389 358
389 445
390 359
390 360
391 452
391 392
392 391
392 453
393 398
393 473
394 453
394 395
395 394
395 396
396 395
396 397
397 396
397 399
398 393
398 455
399 397
400 361
400 401
400 459
401 400
401 454
402 454
402 403
403 402
403 404
404 403
404 405
405 404
405 406
406 405
407 370
407 408
407 460
408 407
408 410
409 414
409 455
410 408
410 411
411 410
411 412
411 463
412 411
412 413
413 412
413 415
413 464
414 409
414 426
415 413
415 416
416 415
416 417
417 416
417 418
418 417
418 419
418 465
419 418
419 420
420 419
420 421
421 420
421 422
422 421
422 466
423 468
424 469
424 425
425 424
425 470
426 414
426 427
427 426
427 428
428 427
428 429
429 428
429 430
430 429
430 379
430 431
431 430
431 432
432 431
432 456
433 456
433 434
434 433
434 435
435 434
435 436
436 435
436 437
437 436
437 484
438 387
438 439
439 438
439 457
440 457
440 441
441 440
441 442
442 441
442 443
443 442
443 444
444 443
444 485
445 389
445 446
446 445
446 458
447 458
447 448
448 447
448 449
449 448
449 450
450 449
450 451
451 450
451 452
452 391
452 451
453 394
453 392
454 402
454 401
455 398
455 409
456 433
456 432
457 440
457 439
458 447
458 446
459 400
459 486
460 407
460 461
461 460
461 462
462 461
462 474
463 411
464 413
465 418
465 475
466 422
466 467
466 482
467 466
467 468
468 423
468 467
468 469
469 424
469 468
470 425
470 471
470 493
471 470
471 472
472 471
473 393
473 495
474 462
474 480
475 465
475 481
476 530
477 486
477 510
478 487
479 487
480 474
480 488
481 475
481 489
482 466
482 483
482 490
483 482
483 491
483 492
484 437
484 523
485 444
485 526
486 477
486 459
486 496
487 478
487 479
487 497
488 480
488 499
489 481
489 515
490 482
490 500
491 483
492 483
493 470
493 494
493 504
494 493
495 473
495 543
496 486
496 511
497 487
497 498
498 497
498 499
499 498
499 488
500 490
500 501
500 516
501 500
501 502
502 501
502 503
503 502
504 493
504 505
505 504
505 506
506 505
507 531
507 530
508 535
509 532
509 531
510 477
510 532
511 496
511 533
512 533
512 534
513 534
514 518
514 535
515 489
516 500
516 517
516 547
517 516
518 514
518 536
519 520
519 536
519 552
520 519
520 521
521 520
521 537
522 538
522 537
523 484
523 538
524 539
525 540
525 539
526 485
526 540
527 541
528 529
528 541
529 528
529 542
530 476
530 507
530 542
531 507
531 509
532 509
532 510
532 544
533 512
533 511
534 513
534 512
535 508
535 514
536 518
536 519
537 521
537 522
538 522
538 523
539 524
539 525
540 525
540 526
541 527
541 528
542 529
542 530
543 495
544 532
544 545
544 557
545 544
546 560
547 516
547 548
547 563
548 547
548 549
549 548
549 550
549 564
550 549
551 567
552 519
552 568
553 554
553 580
554 553
554 555
555 554
555 556
556 555
556 557
557 556
557 544
557 558
557 595
558 557
559 586
559 575
560 546
560 561
560 585
561 560
561 562
562 561
562 563
563 562
563 547
564 549
564 566
564 581
565 568
565 590
566 564
566 567
567 551
567 566
568 565
568 552
569 616
569 570
570 569
571 572
571 583
572 571
572 573
573 572
573 574
573 613
574 573
574 576
575 559
575 582
576 574
576 577
577 576
577 578
578 577
578 579
578 592
579 578
579 580
580 579
580 553
581 564
581 588
582 575
583 571
583 612
584 596
584 607
585 560
585 596
585 597
586 559
586 598
587 597
588 581
588 599
589 599
589 609
590 565
590 598
590 600
591 600
591 601
592 578
592 602
593 602
593 603
594 603
594 604
595 557
595 606
595 614
596 584
596 585
597 587
597 585
597 615
598 586
598 590
598 625
599 589
599 588
599 608
600 591
600 590
601 591
601 611
602 593
602 592
602 638
603 594
603 593
604 594
604 605
605 604
606 595
606 619
607 584
608 599
608 626
609 589
609 627
610 643
610 641
611 601
612 583
612 631
613 573
613 617
613 633
614 595
615 597
615 624
616 569
616 630
617 613
617 634
618 636
618 637
619 606
619 620
620 619
620 621
621 620
622 625
622 635
623 624
623 642
624 623
624 615
625 622
625 598
625 629
626 608
626 644
627 609
627 628
628 627
628 643
629 625
630 616
630 631
631 630
631 612
631 677
632 633
633 632
633 613
634 617
634 636
635 622
636 618
636 634
637 618
638 602
638 639
639 638
639 640
640 639
641 610
642 623
643 610
643 628
644 626
644 665
645 646
645 711
646 645
646 679
647 679
647 648
648 647
649 653
649 707
650 651
650 681
651 650
651 682
651 652
652 651
653 649
653 688
654 655
654 684
655 654
655 656
655 685
656 655
656 657
657 656
657 686
658 659
659 658
659 660
659 687
660 659
660 661
661 660
661 662
661 689
662 661
662 663
663 662
663 664
663 690
664 663
664 665
665 664
665 644
665 691
666 693
666 667
667 666
667 668
667 694
668 667
668 670
669 688
669 674
670 668
670 671
670 695
671 670
671 672
672 671
672 673
672 696
673 672
673 675
674 669
674 699
675 673
675 697
676 700
677 631
677 701
678 706
679 646
679 647
679 738
680 681
681 680
681 650
681 712
682 651
682 683
683 682
683 684
684 683
684 654
685 655
685 717
686 657
686 687
687 686
687 659
687 718
688 653
688 669
688 743
689 661
690 663
691 665
691 692
691 719
692 691
692 693
693 666
693 692
693 713
694 667
695 670
696 672
697 675
697 698
698 697
699 674
699 700
700 676
700 699
701 677
701 702
702 701
702 703
703 702
703 704
704 703
704 705
705 704
705 706
705 735
706 678
706 705
707 649
707 753
708 709
708 714
709 708
709 724
710 711
710 725
711 710
711 645
712 681
712 715
713 693
713 720
714 708
715 712
715 727
716 727
716 741
717 685
717 728
718 687
718 729
719 691
719 730
720 713
720 731
721 731
721 732
722 732
722 733
723 733
723 734
724 709
724 736
725 710
725 736
725 737
726 737
726 759
727 716
727 715
727 740
728 717
728 742
729 718
729 744
729 745
730 719
730 746
730 747
731 721
731 720
731 748
732 722
732 721
733 723
733 722
734 723
734 762
735 705
735 756
735 757
736 724
736 725
736 787
737 726
737 725
738 679
738 763
739 789
740 727
740 765
741 716
741 761
742 728
743 688
743 769
744 729
745 729
745 768
746 730
747 730
747 770
748 731
748 772
749 762
750 778
751 792
752 780
753 707
753 758
754 755
754 781
755 754
755 782
756 735
756 783
757 735
758 753
759 726
760 764
761 741
761 767
762 749
762 734
762 775
762 776
763 738
763 789
764 760
764 765
765 764
765 740
765 766
766 765
767 761
768 745
768 793
769 743
769 791
770 747
770 771
771 770
772 748
772 773
773 772
774 775
775 774
775 762
776 762
776 777
777 776
778 750
778 791
778 779
779 778
779 792
780 752
780 781
780 794
781 780
781 754
782 755
782 783
783 782
783 756
783 784
784 783
785 786
786 785
786 787
787 786
787 736
787 788
788 787
789 739
789 763
789 796
790 793
791 769
791 778
791 818
792 751
792 779
793 790
793 768
793 805
794 780
795 796
795 839
796 789
796 795
796 797
797 796
797 840
797 798
798 797
799 842
799 800
800 799
800 801
800 843
801 800
801 802
802 801
802 803
803 802
803 804
804 803
805 793
805 806
805 847
806 805
806 807
806 848
807 806
807 808
808 807
808 809
808 849
809 808
809 810
810 809
810 811
811 810
811 812
812 811
812 813
813 812
813 814
814 813
814 815
815 814
815 816
816 815
816 817
817 816
817 819
818 791
818 851
819 817
819 820
819 852
820 819
820 821
821 820
821 822
821 853
822 821
822 823
823 822
823 824
824 823
824 825
824 855
825 824
825 826
826 825
826 827
827 826
828 856
829 859
829 836
830 862
830 861
831 863
832 833
832 873
833 832
833 874
834 876
835 877
836 829
836 837
837 836
837 860
838 844
838 871
839 795
839 879
839 888
840 797
840 841
840 903
841 840
841 842
842 799
842 841
842 882
843 800
844 838
844 851
845 846
845 883
846 845
846 892
847 805
847 892
848 806
848 884
849 808
849 850
850 849
851 818
851 844
851 857
852 819
852 895
853 821
853 854
854 853
855 824
856 828
856 913
856 858
857 851
857 861
857 897
858 856
858 859
859 829
859 858
860 837
860 880
861 857
861 830
862 830
862 863
863 831
863 862
863 864
864 863
864 886
865 886
865 866
866 865
866 867
867 866
867 868
868 867
868 887
869 887
869 870
870 869
871 838
871 942
872 873
873 872
873 832
874 833
874 875
875 874
875 876
876 834
876 875
876 877
877 835
877 876
877 878
878 877
878 879
879 878
879 839
880 860
880 881
881 880
881 885
882 842
882 889
883 845
883 925
884 848
884 893
885 881
885 898
886 864
886 865
886 916
887 869
887 868
888 839
888 902
888 921
889 882
889 904
890 891
890 904
891 890
891 925
892 846
892 847
892 905
893 884
893 906
894 906
894 907
895 852
895 909
895 910
895 911
896 911
896 912
896 934
897 857
897 908
897 914
898 885
898 915
899 920
899 919
900 902
900 920
901 942
902 900
902 888
903 840
903 922
904 889
904 890
904 924
905 892
905 926
906 894
906 893
906 927
907 894
907 928
908 897
908 929
909 895
909 930
910 895
910 931
911 896
911 895
911 932
912 896
912 933
913 856
913 935
913 936
913 937
914 897
914 938
915 898
915 939
916 886
916 940
917 947
918 919
918 948
919 918
919 899
919 949
920 899
920 900
921 888
922 903
922 956
923 957
924 904
924 958
925 891
925 883
926 905
926 950
927 906
927 962
928 907
928 963
929 908
930 909
931 910
931 966
932 911
932 967
933 912
934 896
934 935
934 1003
935 913
935 934
936 913
936 969
937 913
938 914
938 951
939 915
939 952
940 916
940 973
941 978
942 901
942 871
942 946
943 981
944 982
944 945
945 944
946 942
947 917
947 984
948 918
948 986
949 919
949 987
950 926
950 960
950 961
951 938
951 968
952 939
952 953
953 952
953 954
954 953
954 971
955 989
956 922
956 957
957 923
957 956
958 924
959 960
960 959
960 950
961 950
961 993
962 927
963 928
963 964
964 963
964 996
965 968
966 931
967 932
968 965
968 951
969 936
969 970
970 969
970 990
971 954
972 1005
973 940
973 1009
973 974
974 973
974 975
975 974
975 976
976 975
976 977
977 976
977 978
978 941
978 977
978 979
979 978
979 980
980 979
980 981
981 943
981 980
982 944
982 983
983 982
983 991
984 947
984 985
984 991
985 984
985 986
986 985
986 948
987 949
987 988
988 987
988 989
989 955
989 988
990 970
991 983
991 984
992 993
993 992
993 961
993 994
994 993
994 995
995 994
996 964
996 997
997 996
997 998
998 997
998 999
999 998
999 1000
999 1018
1000 999
1000 1001
1001 1000
1001 1002
1002 1001
1003 934
1004 1035
1004 1005
1005 972
1005 1004
1005 1006
1006 1005
1006 1007
1007 1006
1007 1008
1008 1007
1008 1009
1009 973
1009 1008
1010 1052
1010 1051
1011 1012
1011 1052
1012 1011
1012 1053
1012 1013
1013 1012
1014 1056
1015 1016
1016 1015
1016 1017
1017 1016
1017 1059
1018 999
1018 1019
1018 1063
1019 1018
1019 1020
1020 1019
1020 1021
1021 1020
1021 1022
1022 1021
1022 1024
1023 1031
1023 1054
1024 1022
1024 1025
1024 1065
1025 1024
1025 1026
1026 1025
1026 1027
1026 1066
1027 1026
1027 1028
1028 1027
1028 1029
1029 1028
1029 1030
1030 1029
1031 1023
1031 1034
1032 1067
1033 1068
1034 1031
1034 1035
1035 1004
1035 1034
1035 1036
1036 1035
1036 1037
1036 1069
1037 1036
1037 1038
1038 1037
1038 1039
1038 1070
1039 1038
1039 1040
1040 1039
1040 1041
1041 1040
1041 1042
1041 1071
1042 1041
1042 1043
1043 1042
1043 1073
1043 1072
1044 1076
1045 1046
1045 1078
1046 1045
1046 1047
1047 1046
1047 1048
1048 1047
1048 1049
1048 1081
1049 1048
1049 1082
1050 1087
1051 1010
1051 1088
1051 1089
1052 1010
1052 1011
1053 1012
1053 1105
1053 1055
1054 1023
1054 1084
1054 1092
1055 1053
1055 1056
1056 1014
1056 1055
1057 1058
1057 1093
1058 1057
1058 1090
1059 1017
1059 1090
1059 1060
1060 1059
1061 1062
1061 1129
1062 1061
1062 1063
1063 1062
1063 1018
1063 1064
1063 1108
1064 1063
1065 1024
1065 1095
1066 1026
1066 1096
1067 1032
1067 1110
1067 1068
1068 1033
1068 1067
1069 1036
1069 1091
1070 1038
1071 1041
1072 1043
1073 1043
1073 1074
1074 1073
1074 1075
1075 1074
1075 1076
1076 1044
1076 1075
1076 1077
1076 1115
1077 1076
1077 1078
1078 1077
1078 1045
1078 1079
1079 1078
1079 1080
1080 1079
1081 1048
1082 1049
1082 1102
1083 1085
1083 1102
1084 1054
1085 1083
1085 1086
1086 1085
1086 1087
1087 1050
1087 1086
1087 1088
1087 1121
1088 1087
1088 1051
1089 1051
1090 1058
1090 1059
1090 1094
1091 1069
1091 1097
1092 1054
1092 1104
1092 1126
1093 1057
1093 1106
1093 1124
1094 1090
1094 1107
1095 1065
1095 1109
1096 1066
1096 1133
1097 1091
1097 1111
1098 1111
1098 1112
1099 1112
1099 1113
1100 1113
1100 1114
1101 1116
1102 1082
1102 1083
1102 1119
1102 1120
1103 1104
1103 1116
1104 1103
1104 1092
1104 1153
1105 1053
1105 1123
1106 1093
1106 1125
1107 1094
1107 1127
1108 1063
1108 1131
1109 1095
1109 1132
1110 1067
1110 1133
1110 1134
1111 1098
1111 1097
1111 1135
1112 1099
1112 1098
1113 1100
1113 1099
1114 1100
1114 1136
1115 1076
1115 1139
1116 1101
1116 1103
1117 1140
1118 1141
1119 1102
1119 1142
1120 1102
1120 1143
1121 1087
1121 1145
1121 1150
1122 1154
1123 1105
1123 1155
1124 1093
1124 1157
1125 1106
1125 1146
1126 1092
1127 1107
1127 1160
1128 1129
1128 1161
1129 1128
1129 1061
1129 1130
1130 1129
1131 1108
1131 1162
1132 1109
1133 1110
1133 1096
1134 1110
1134 1163
1135 1111
1135 1165
1136 1114
1136 1167
1137 1138
1138 1137
1138 1168
1139 1115
1139 1148
1139 1169
1140 1117
1140 1171
1141 1118
1141 1174
1142 1119
1143 1120
1143 1149
1144 1150
1145 1121
1145 1151
1145 1179
1146 1125
1146 1158
1147 1161
1147 1160
1148 1139
1148 1171
1149 1143
1149 1177
1149 1178
1150 1144
1150 1121
1151 1145
1151 1181
1152 1181
1153 1104
1153 1176
1154 1122
1154 1182
1155 1123
1155 1156
1155 1182
1156 1155
1156 1157
1157 1156
1157 1124
1158 1146
1158 1186
1159 1189
1160 1127
1160 1147
1161 1147
1161 1128
1162 1131
1162 1191
1163 1134
1163 1164
1164 1163
1164 1183
1165 1135
1165 1166
1166 1165
1167 1136
1168 1138
1168 1169
1169 1168
1169 1139
1169 1170
1170 1169
1171 1140
1171 1148
1171 1172
1172 1171
1172 1173
1173 1172
1173 1174
1174 1141
1174 1173
1174 1175
1175 1174
1176 1153
1177 1149
1178 1149
1178 1195
1179 1145
1179 1180
1180 1179
1181 1152
1181 1151
1182 1154
1182 1155
1183 1164
1184 1185
1184 1201
1185 1184
1185 1186
1186 1185
1186 1158
1186 1187
1187 1186
1187 1188
1188 1187
1188 1189
1189 1159
1189 1188
1189 1190
1190 1189
1191 1162
1191 1192
1192 1191
1192 1193
1193 1192
1194 1195
1195 1194
1195 1178
1195 1196
1196 1195
1196 1197
1197 1196
1198 1232
1198 1199
1199 1198
1199 1200
1200 1199
1201 1184
1201 1202
1202 1201
1202 1203
1202 1233
1203 1202
1203 1204
1204 1203
1204 1205
1205 1204
1206 1236
1206 1237
1207 1238
1208 1231
1208 1217
1209 1240
1209 1210
1210 1209
1210 1211
1211 1210
1211 1212
1212 1211
1212 1213
1212 1243
1213 1212
1213 1214
1213 1244
1214 1213
1214 1215
1215 1214
1215 1216
1215 1245
1216 1215
1216 1218
1217 1208
1217 1251
1218 1216
1218 1219
1218 1246
1219 1218
1219 1220
1220 1219
1220 1221
1221 1220
1221 1222
1222 1221
1222 1247
1223 1224
1224 1223
1224 1225
1225 1224
1225 1256
1225 1255
1226 1227
1226 1258
1227 1226
1227 1259
1228 1229
1228 1260
1229 1228
1229 1230
1229 1287
1230 1229
1230 1232
1231 1208
1231 1288
1231 1254
1232 1198
1232 1230
1232 1261
1233 1202
1233 1234
1233 1262
1234 1233
1235 1265
1236 1206
1236 1266
1237 1206
1237 1238
1238 1207
1238 1237
1238 1239
1239 1238
1239 1240
1240 1209
1240 1239
1240 1241
1241 1240
1241 1242
1242 1241
1243 1212
1243 1268
1244 1213
1245 1215
1246 1218
1246 1298
1247 1222
1247 1248
1248 1247
1248 1249
1248 1269
1249 1248
1249 1250
1250 1249
1251 1217
1251 1252
1251 1301
1252 1251
1252 1253
1253 1252
1254 1231
1255 1225
1255 1272
1256 1225
1256 1257
1257 1256
1257 1258
1258 1257
1258 1226
1259 1227
1259 1260
1259 1286
1260 1259
1260 1228
1261 1232
1261 1289
1262 1233
1262 1273
1262 1274
1262 1289
1263 1274
1263 1292
1264 1292
1264 1275
1265 1235
1265 1275
1265 1276
1266 1236
1266 1276
1266 1267
1267 1266
1267 1277
1267 1278
1268 1243
1268 1280
1268 1281
1269 1248
1269 1283
1269 1300
1270 1283
1270 1284
1271 1284
1272 1255
1272 1285
1272 1305
1273 1262
1273 1290
1274 1263
1274 1262
1274 1291
1275 1265
1275 1264
1276 1266
1276 1265
1277 1267
1277 1293
1278 1267
1278 1279
1278 1294
1279 1278
1279 1295
1280 1268
1280 1296
1281 1268
1281 1297
1282 1300
1282 1299
1283 1270
1283 1269
1283 1333
1284 1271
1284 1270
1285 1272
1285 1306
1286 1259
1286 1309
1286 1310
1287 1229
1287 1316
1288 1231
1288 1319
1289 1261
1289 1262
1290 1273
1290 1312
1291 1274
1292 1264
1292 1263
1293 1277
1293 1313
1294 1278
1295 1279
1296 1280
1297 1281
1297 1331
1298 1246
1299 1282
1300 1282
1300 1269
1300 1332
1301 1251
1301 1302
1301 1335
1302 1301
1303 1337
1304 1314
1304 1343
1305 1272
1305 1345
1306 1285
1307 1338
1308 1309
1308 1339
1309 1308
1309 1286
1310 1286
1310 1315
1310 1341
1311 1318
1311 1320
1312 1290
1312 1321
1313 1293
1313 1324
1313 1325
1314 1304
1314 1319
1315 1310
1315 1342
1316 1287
1316 1317
1317 1316
1317 1318
1318 1311
1318 1317
1319 1288
1319 1314
1319 1353
1320 1311
1321 1312
1321 1322
1321 1347
1322 1321
1323 1324
1324 1323
1324 1313
1325 1313
1325 1326
1325 1349
1326 1325
1326 1327
1327 1326
1327 1328
1328 1327
1328 1329
1329 1328
1329 1330
1330 1329
1331 1297
1332 1300
1333 1283
1333 1334
1334 1333
1334 1344
1335 1301
1335 1336
1336 1335
1336 1337
1337 1303
1337 1336
1338 1307
1338 1339
1339 1338
1339 1308
1339 1340
1340 1339
1340 1350
1341 1310
1342 1315
1343 1304
1344 1334
1345 1305
1346 1347
1347 1346
1347 1321
1347 1357
1348 1349
1349 1348
1349 1325
1349 1366
1350 1340
1351 1352
1351 1388
1352 1351
1352 1354
1352 1389
1353 1319
1353 1390
1353 1364
1353 1387
1354 1352
1354 1355
1355 1354
1355 1356
1355 1391
1356 1355
1356 1357
1357 1356
1357 1347
1357 1358
1357 1392
1358 1357
1358 1359
1358 1393
1359 1358
1359 1360
1360 1359
1360 1361
1361 1360
1361 1362
1362 1361
1362 1363
1363 1362
1364 1353
1364 1367
1365 1395
1365 1426
1366 1349
1366 1368
1366 1395
1367 1364
1367 1375
1368 1366
1368 1369
1368 1397
1369 1368
1369 1370
1370 1369
1370 1371
1371 1370
1371 1372
1372 1371
1372 1373
1372 1400
1373 1372
1374 1401
1374 1376
1375 1367
1375 1383
1376 1374
1376 1403
1377 1404
1377 1378
1378 1377
1378 1379
1378 1405
1379 1378
1379 1380
1380 1379
1380 1381
1380 1406
1381 1380
1381 1382
1382 1381
1382 1407
1383 1375
1384 1421
1384 1420
1385 1421
1386 1422
1386 1423
1387 1353
1387 1419
1388 1351
1388 1432
1389 1352
1389 1433
1390 1353
1390 1394
1391 1355
1391 1434
1392 1357
1393 1358
1394 1390
1394 1396
1395 1365
1395 1366
1396 1394
1396 1402
1397 1368
1397 1398
1398 1397
1398 1399
1399 1398
1399 1427
1400 1372
1400 1401
1401 1374
1401 1400
1402 1396
1402 1409
1403 1376
1403 1404
1403 1438
1404 1377
1404 1403
1404 1428
1405 1378
1406 1380
1407 1382
1407 1408
1408 1407
1408 1410
1409 1402
1409 1442
1410 1408
1410 1411
1411 1410
1412 1429
1412 1430
1413 1431
1414 1446
1415 1447
1415 1416
1416 1415
1416 1417
1417 1416
1417 1418
1418 1417
1419 1387
1420 1384
1421 1384
1421 1385
1421 1467
1421 1422
1422 1386
1422 1421
1423 1386
1423 1424
1423 1491
1424 1423
1425 1468
1426 1365
1426 1453
1427 1399
1427 1435
1428 1404
1428 1439
1429 1412
1429 1442
1430 1412
1430 1443
1431 1413
1431 1445
1431 1444
1432 1388
1432 1449
1432 1468
1433 1389
1433 1451
1434 1391
1434 1452
1435 1427
1435 1455
1436 1455
1436 1437
1437 1436
1437 1456
1438 1403
1438 1457
1439 1428
1439 1458
1440 1458
1440 1459
1441 1459
1441 1460
1442 1409
1442 1429
1442 1461
1443 1430
1443 1462
1444 1431
1444 1463
1445 1431
1445 1464
1446 1414
1446 1465
1446 1464
1447 1415
1447 1486
1447 1465
1448 1466
1449 1432
1449 1469
1450 1470
1451 1433
1451 1471
1452 1434
1452 1472
1453 1426
1453 1473
1453 1474
1454 1476
1455 1436
1455 1435
1455 1477
1456 1437
1456 1478
1457 1438
1457 1479
1458 1440
1458 1439
1458 1480
1459 1441
1459 1440
1460 1441
1460 1481
1460 1482
1461 1442
1461 1483
1462 1443
1462 1484
1463 1444
1463 1485
1464 1445
1464 1446
1465 1446
1465 1447
1466 1448
1466 1488
1466 1489
1467 1421
1467 1490
1468 1425
1468 1432
1469 1449
1469 1492
1470 1450
1470 1499
1471 1451
1472 1452
1473 1453
1474 1453
1474 1524
1475 1501
1476 1454
1476 1503
1477 1455
1477 1505
1477 1506
1478 1456
1478 1493
1479 1457
1479 1494
1480 1458
1480 1509
1480 1510
1481 1460
1481 1512
1482 1460
1483 1461
1483 1514
1483 1495
1484 1462
1485 1463
1486 1447
1486 1517
1486 1488
1487 1519
1488 1466
1488 1486
1489 1466
1489 1496
1490 1467
1490 1521
1491 1423
1491 1497
1492 1469
1492 1498
1493 1478
1493 1507
1494 1479
1495 1483
1496 1489
1496 1518
1497 1491
1497 1523
1498 1492
1498 1528
1499 1470
1499 1500
1499 1526
1500 1499
1500 1502
1501 1475
1501 1525
1502 1500
1502 1508
1503 1476
1503 1504
1503 1525
1504 1503
1504 1505
1505 1504
1505 1477
1506 1477
1507 1493
1507 1533
1508 1502
1508 1514
1509 1480
1510 1480
1510 1511
1511 1510
1512 1481
1512 1513
1513 1512
1514 1483
1514 1508
1514 1536
1515 1545
1515 1516
1516 1515
1516 1517
1517 1486
1517 1516
1518 1496
1518 1547
1519 1487
1519 1526
1519 1555
1520 1550
1521 1490
1521 1553
1521 1522
1522 1521
1523 1497
1524 1474
1524 1531
1525 1501
1525 1503
1526 1519
1526 1499
1527 1528
1528 1527
1528 1498
1528 1529
1528 1559
1529 1528
1529 1530
1530 1529
1531 1524
1532 1533
1533 1532
1533 1507
1533 1534
1534 1533
1534 1535
1535 1534
1536 1514
1536 1579
1536 1537
1537 1536
1537 1538
1538 1537
1538 1539
1539 1538
1539 1540
1540 1539
1540 1541
1541 1540
1541 1542
1542 1541
1542 1543
1543 1542
1543 1544
1544 1543
1544 1545
1545 1515
1545 1544
1546 1547
1547 1546
1547 1518
1547 1548
1548 1547
1548 1549
1549 1548
1549 1550
1550 1520
1550 1549
1550 1551
1551 1550
1551 1552
1552 1551
1552 1553
1553 1521
1553 1552
1554 1601
1555 1519
1555 1593
1556 1631
1557 1558
1557 1608
1558 1557
1558 1611
1558 1610
1559 1528
1559 1560
1559 1612
1560 1559
1560 1561
1561 1560
1561 1613
1562 1614
1562 1563
1563 1562
1563 1564
1564 1563
1564 1565
1565 1564
1565 1566
1566 1565
1566 1615
1567 1619
1567 1618
1568 1620
1569 1622
1569 1570
1570 1569
1570 1571
1571 1570
1571 1572
1572 1571
1573 1624
1573 1574
1574 1573
1574 1575
1575 1574
1575 1576
1576 1575
1576 1577
1577 1576
1577 1578
1578 1577
1578 1628
1579 1536
1579 1632
1580 1581
1580 1632
1581 1580
1581 1582
1581 1633
1582 1581
1582 1583
1583 1582
1583 1584
1583 1634
1584 1583
1584 1585
1585 1584
1585 1586
1585 1635
1586 1585
1586 1587
1587 1586
1587 1588
1587 1637
1588 1587
1588 1589
1588 1638
1589 1588
1589 1590
1589 1639
1590 1589
1590 1591
1591 1590
1591 1592
1592 1591
1592 1594
1592 1641
1593 1555
1593 1609
1593 1694
1594 1592
1594 1595
1594 1642
1595 1594
1595 1596
1596 1595
1596 1597
1597 1596
1597 1598
1598 1597
1598 1599
1598 1645
1599 1598
1599 1600
1600 1599
1600 1601
1600 1646
1601 1554
1601 1600
1601 1602
1601 1647
1602 1601
1602 1603
1603 1602
1603 1604
1603 1648
1604 1603
1604 1649
1605 1606
1606 1605
1606 1607
1606 1651
1607 1606
1607 1608
1608 1607
1608 1557
1608 1652
1609 1593
1610 1558
1611 1558
1611 1612
1612 1611
1612 1559
1612 1654
1613 1561
1613 1614
1613 1669
1614 1562
1614 1613
1615 1566
1615 1616
1615 1655
1616 1615
1617 1618
1618 1617
1618 1567
1619 1567
1619 1620
1620 1568
1620 1619
1620 1621
1621 1620
1621 1656
1621 1622
1622 1569
1622 1621
1623 1657
1624 1573
1624 1675
1624 1625
1625 1624
1625 1626
1626 1625
1626 1627
1627 1626
1628 1578
1628 1629
1629 1628
1629 1630
1630 1629
1630 1631
1631 1556
1631 1630
1632 1579
1632 1580
1633 1581
1633 1658
1634 1583
1635 1585
1635 1636
1636 1635
1636 1659
1637 1587
1638 1588
1639 1589
1639 1640
1640 1639
1640 1660
1641 1592
1642 1594
1642 1643
1643 1642
1643 1644
1644 1643
1644 1653
1645 1598
1645 1662
1646 1600
1647 1601
1648 1603
1649 1604
1649 1650
1650 1649
1650 1651
1651 1650
1651 1606
1651 1665
1652 1608
1652 1666
1653 1644
1653 1661
1654 1612
1654 1668
1655 1615
1655 1670
1655 1671
1656 1621
1656 1697
1656 1673
1657 1623
1657 1699
1657 1674
1658 1633
1658 1677
1658 1704
1659 1636
1659 1678
1659 1679
1660 1640
1660 1681
1661 1653
1661 1683
1662 1645
1662 1663
1662 1684
1663 1662
1663 1664
1663 1685
1664 1663
1664 1686
1665 1651
1665 1688
1666 1652
1666 1667
1666 1689
1667 1666
1667 1690
1668 1654
1668 1691
1668 1692
1669 1613
1669 1693
1670 1655
1670 1695
1671 1655
1671 1696
1672 1697
1673 1656
1673 1698
1674 1657
1674 1700
1675 1624
1675 1701
1676 1702
1677 1658
1677 1705
1678 1659
1678 1706
1679 1659
1679 1707
1680 1708
1681 1660
1681 1709
1682 1710
1683 1661
1683 1711
1684 1662
1684 1712
1685 1663
1685 1713
1686 1664
1686 1714
1687 1715
1688 1665
1688 1716
1688 1722
1689 1666
1689 1717
1690 1667
1690 1718
1691 1668
1692 1668
1693 1669
1693 1723
1694 1593
1694 1753
1695 1670
1696 1671
1696 1719
1696 1725
1697 1656
1697 1672
1697 1729
1698 1673
1699 1657
1699 1751
1700 1674
1700 1720
1701 1675
1701 1733
1702 1676
1702 1737
1702 1703
1703 1702
1704 1658
1704 1770
1705 1677
1706 1678
1707 1679
1707 1740
1708 1680
1708 1741
1709 1681
1709 1742
1710 1682
1710 1743
1711 1683
1711 1721
1711 1745
1712 1684
1713 1685
1714 1686
1715 1687
1715 1722
1716 1688
1716 1747
1717 1689
1718 1690
1719 1696
1719 1726
1720 1700
1720 1732
1721 1711
1722 1715
1722 1688
1722 1746
1723 1693
1723 1724
1724 1723
1725 1696
1725 1748
1726 1719
1726 1756
1727 1759
1728 1762
1729 1697
1729 1765
1729 1730
1730 1729
1730 1731
1731 1730
1731 1750
1732 1720
1732 1767
1733 1701
1733 1769
1733 1734
1734 1733
1734 1735
1735 1734
1735 1736
1736 1735
1736 1752
1737 1702
1737 1752
1737 1738
1738 1737
1738 1739
1739 1738
1739 1773
1740 1707
1741 1708
1741 1742
1742 1741
1742 1709
1743 1710
1743 1744
1744 1743
1744 1745
1745 1744
1745 1711
1745 1771
1746 1722
1747 1716
1748 1725
1748 1749
1748 1754
1749 1748
1750 1731
1750 1751
1751 1699
1751 1750
1752 1737
1752 1736
1753 1694
1753 1774
1754 1748
1755 1756
1756 1755
1756 1726
1756 1757
1757 1756
1757 1758
1758 1757
1758 1759
1759 1727
1759 1758
1759 1760
1760 1759
1760 1761
1761 1760
1761 1762
1762 1728
1762 1761
1762 1763
1763 1762
1763 1764
1764 1763
1764 1765
1765 1729
1765 1764
1766 1767
1767 1766
1767 1732
1767 1768
1768 1767
1768 1769
1769 1733
1769 1768
1770 1704
1771 1745
1771 1772
1772 1771
1773 1739
1773 1775
1774 1753
1774 1776
1775 1773
1776 1774
1776 1782
1777 1785
1777 1778
1778 1777
1778 1779
1779 1778
1779 1780
1780 1779
1780 1781
1781 1780
1782 1776
1782 1783
1783 1782
1783 1784
1784 1783
1784 1785
1785 1777
1785 1784

