213119
209988
212272
214459
209771
213755
213841
211311
208273
209726
210437
208869
210927
213257
210602
207172
211822
208281
207883
209747
212209
209032
212178
211637
213561
212619
207434
211133
209573
210410
212320
211754
213103
209985
212352
212692
214537
211375
210582
210948
209120
211546
213674
209784
212911
215374
215080
210454
210892
210647
207241
212480
212024
210430
212539
213946
211021
213742
209986
212797
213807
213212
211870
208389
214618
207123
211500
210138
213238
207497
215006
212368
214172
210734
209155
210295
212739
209087
211759
209285
211041
208813
209336
210988
210120
212539
213792
213629
214786
214215
213325
210920
213445
209735
213318
212630
208428
211182
211941
212014
210736
211329
211915
215837
213359
215112
212983
212144
210081
209751
211701
211067
214899
211023
208913
211527
213572
208322
212176
210686
212033
210721
209490
214483
213637
214149
213982
212982
211495
212978
209902
211598
209177
210878
216363
215418
212151
211179
211210
208061
212339
210141
213678
205581
211202
212631
214283
209475
213453
215408
210339
208286
213002
210581
208389
214095
211940
211708
212116
211245
207485
212632
210885
211928
209950
213937
210903
208124
211810
215648
214770
211126
207986
208704
210976
212160
210871
209443
213214
209945
211161
215311
212654
212910
206087
212642
213991
211568
210127
211191
215296
212028
215420
210035
216124
214734
209436
213108
208613
210021
210157
213743
210211
213874
209953
212323
210649
208083
212474
214892
210701
212887
209404
210682
210109
211590
212817
212404
213067
208301
214198
212201
215845
207405
209459
210683
211691
210106
210643
214479
211520
208775
209216
213073
210115
210850
213755
211519
208476
212292
214749
207058
210733
214708
211871
209116
210127
212055
213448
213309
210129
210167
208621
213163
212640
210970
212419
211521
214550
211497
208147
212431
214290
212061
210700
209825
211062
209234
208375
209390
214569
208728
211387
209120
211134
213719
209217
211607
212865
211515
214021
208136
209477
207912
210700
208318
214487
211794
212559
208672
212743
209278
208383
212092
214094
211003
212414
204307
210198
212797
212854
213356
207474
210916
210150
212122
211665
209886
216084
214746
210401
208299
211829
207118
213213
211812
209497
209259
210997
211864
208932
207141
207379
212056
210156
209602
212565
210264
206168
206902
209843
208271
212281
213901
209372
208484
208828
214040
210411
214746
210638
213565
210578
210234
214411
212829
211299
212783
210866
210742
211120
208422
212569
212824
211054
212737
210084
208243
211224
211164
214744
211687
213723
208870
208765
213814
211283
209960
211682
210047
211988
211373
210412
214638
213575
211050
210958
212619
209768
209666
209665
209255
212279
212796
212020
207039
211828
209194
212648
213304
210852
212934
210247
210666
210297
205359
212261
214787
214708
207474
209743
210127
209887
210666
208464
207515
210610
208703
211019
211487
211495
210048
210608
210519
212251
213405
211671
211594
211059
209969
210732
214530
213386
211543
212132
209654
210859
212733
213007
207115
212924
207751
212414
207644
210300
208607
212205
209272
214044
212621
211760
208716
211203
216928
213028
210831
212137
214905
209842
211076
209366
210159
211127
210771
208892
216117
214446
213033
213543
209409
215730
215376
211496
210090
210705
209442
210109
212932
212752
209797
211829
207685
216959
210567
209803
212562
211551
211861
211714
210474
211104
211481
209706
210569
213609
212850
213325
211708
210724
213023
209722
208134
210985
208354
211469
210586
213815
212133
211680
210125
209129
211708
214969
210908
211962
212283
211350
209796
211125
213954
212429
214152
208079
215221
209586
213330
210936
215756
208903
213517
212022
211773
211573
209894
214261
209203
214614
210392
210870
208577
212315
212200
211255
208892
216623
212800
213330
211195
212597
212492
210138
210981
217781
213108
206374
209776
214881
211589
211115
204375
210848
212248
209839
211381
213358
212908
210734
212027
209147
208867
209817
210184
209688
211252
212131
212835
213658
211370
209644
208941
210644
212454
209024
210684
209790
208106
212279
212392
210945
210862
211003
213717
213603
213429
212686
210415
211912
213701
213825
211395
210899
211969
213155
208950
211517
208056
210447
210135
210014
213144
209575
210294
213286
212525
213439
209182
208345
203602
213041
211272
209403
211450
209717
209921
212167
211429
213258
210608
211222
212124
212759
213717
211186
212709
211875
211088
212877
211390
213658
213171
213338
210999
213863
208977
209791
211306
211232
209316
211756
212377
211058
213128
207216
213781
209782
210375
208614
210616
213786
211947
210533
212425
211316
212811
214667
213725
211630
210639
211821
211007
213471
208899
209899
211151
211726
207302
212238
211764
208097
212433
211374
214961
215072
208114
212770
215890
211885
209449
209181
210944
211360
211816
211557
212385
214894
214569
208924
215366
210031
208670
210883
209211
212440
211636
210927
213645
207132
210244
211124
211762
210267
215511
214581
206526
214803
211276
210108
209960
205832
213581
210364
210358
211681
210930
209422
210193
212045
209641
213900
210077
212748
212212
211394
210655
208981
212619
208316
206836
213175
212374
211503
212614
207314
212054
209746
212502
211369
207131
211893
207226
209087
216007
213432
211257
210644
215360
208708
206228
208162
210898
215001
212538
208052
206332
213162
217767
214973
212725
211688
212499
210778
207508
214601
211965
209096
211158
215852
210983
209838
212831
212357
211001
212078
212343
209538
213618
213216
207214
212829
208954
210207
212259
211973
211594
214040
210675
210434
210488
211477
211367
212522
211465
206888
212049
210166
210013
209739
212210
212371
209648
214468
210741
210301
210236
212977
210860
210915
210962
209239
211580
211978
210970
211315
210462
211691
208994
212215
215515
210496
215360
213991
210310
209894
208771
213448
210812
213267
212560
211988
213030
211550
206579
213674
213961
211534
209693
209535
211338
208974
207650
209544
209851
209778
211819
212997
210496
211294
212310
211541
209452
209855
211366
210901
210836
209174
212208
217013
210711
211665
210192
209763
212775
209970
210137
210727
210055
210897
209890
211005
212012
209984
209714
210834
212279
211652
209712
211914
212066
210208
211980
210105
209376
210258
212150
215763
210299
212057
213100
210490
212500
212035
210781
212199
211927
208330
212815
210681
211412
216775
211773
212889
212886
211840
208260
209380
213849
213215
210802
208096
213030
215969
211561
213454
209557
210073
211168
212815
211970
213117
212263
209413
209450
209676
210740
214617
209025
211771
212915
210862
213789
208495
210071
213501
210929
212984
209725
210454
208443
205944
209415
211086
212581
207892
214557
211341
210006
214979
210340
212351
208002
213921
209571
211967
211986
208728
212114
211006
214752
213395
209861
212863
210011
212478
209314
212170
211406
207287
213712
210799
208583
210573
211701
211262
212831
211250
211134
210592
209511
213582
208573
211762
210743
210553
211332
215675
211460
211888
213992
208207
212387
216059
210382
206377
209222
211679
212763
215670
212897
211775
213265
