weight: 8908
vertices-order: 
1
80
79
78
77
23
76
82
75
74
21
72
73
20
19
18
71
102
130
149
148
161
70
101
115
129
147
69
17
16
68
67
100
66
65
99
64
63
98
105
112
126
145
159
113
127
114
128
146
160
62
61
97
60
14
58
90
108
123
141
158
111
125
144
118
136
95
51
41
35
28
103
150
162
151
2
15
22
3
106
131
4
24
25
81
26
27
5
29
30
31
32
33
116
132
167
166
179
193
233
256
268
284
308
331
338
361
400
459
486
496
511
533
512
534
513
477
510
532
544
557
595
614
606
619
620
621
558
556
555
554
553
580
579
578
592
602
638
639
640
593
603
594
604
605
577
576
574
573
613
633
632
617
634
636
618
637
572
571
583
612
631
677
701
702
703
704
705
735
757
756
783
784
782
755
754
781
780
794
752
706
678
630
616
569
570
545
509
531
507
530
542
529
528
541
527
476
401
454
402
403
404
405
406
362
363
364
365
366
367
368
369
370
407
460
461
462
474
480
488
499
498
497
487
479
478
408
410
411
463
412
413
464
415
416
417
418
465
475
481
489
515
419
420
421
422
466
482
490
500
516
547
563
562
561
560
585
597
615
624
623
642
587
596
584
607
546
548
549
564
581
588
599
608
626
644
665
691
719
730
747
770
771
746
692
693
713
720
731
748
772
773
721
732
722
733
723
734
762
776
777
775
774
749
666
667
694
668
670
695
671
672
696
673
675
697
698
664
663
690
662
661
689
660
659
687
718
729
745
768
793
805
847
892
905
926
950
961
993
994
995
992
960
959
846
845
883
925
891
890
904
924
958
889
882
842
841
840
903
922
956
957
923
797
798
796
795
839
888
921
902
900
920
899
919
949
987
988
989
955
918
948
986
985
984
991
983
982
944
945
947
917
879
878
877
876
875
874
833
832
873
872
834
835
789
763
738
679
647
648
646
645
711
710
725
737
726
759
736
787
788
786
785
724
709
708
714
739
799
800
843
801
802
803
804
806
848
884
893
906
927
962
894
907
928
963
964
996
997
998
999
1018
1063
1108
1131
1162
1191
1192
1193
1064
1062
1061
1129
1130
1128
1161
1147
1160
1127
1107
1094
1090
1059
1060
1017
1016
1015
1058
1057
1093
1124
1157
1156
1155
1182
1154
1122
1123
1105
1053
1055
1056
1014
1012
1013
1011
1052
1010
1051
1089
1088
1087
1121
1150
1144
1145
1179
1180
1151
1181
1152
1086
1085
1083
1102
1120
1143
1149
1178
1195
1196
1197
1194
1177
1119
1142
1082
1049
1048
1081
1047
1046
1045
1078
1079
1080
1077
1076
1115
1139
1169
1170
1168
1138
1137
1148
1171
1172
1173
1174
1175
1141
1118
1140
1117
1075
1074
1073
1043
1072
1042
1041
1071
1040
1039
1038
1070
1037
1036
1069
1091
1097
1111
1135
1165
1166
1098
1112
1099
1113
1100
1114
1136
1167
1035
1034
1031
1023
1054
1092
1126
1104
1153
1176
1103
1116
1101
1084
1004
1005
1006
1007
1008
1009
973
974
975
976
977
978
979
980
981
943
941
940
916
886
865
866
867
868
887
869
870
864
863
862
830
861
857
897
914
938
951
968
965
908
929
851
844
838
871
942
946
901
818
791
778
779
792
751
750
769
743
688
669
674
699
700
676
653
649
707
753
758
831
972
1044
1050
1106
1125
1146
1158
1186
1187
1188
1189
1190
1159
1185
1184
1201
1202
1233
1262
1289
1261
1232
1230
1229
1287
1316
1317
1318
1311
1320
1228
1260
1259
1286
1310
1341
1315
1342
1309
1308
1339
1340
1350
1338
1307
1227
1226
1258
1257
1256
1225
1255
1272
1305
1345
1285
1306
1224
1223
1198
1199
1200
1274
1291
1263
1292
1264
1275
1265
1276
1266
1267
1278
1294
1279
1295
1277
1293
1313
1325
1349
1366
1395
1365
1426
1453
1474
1524
1531
1473
1368
1397
1398
1399
1427
1435
1455
1477
1506
1505
1504
1503
1525
1501
1475
1476
1454
1436
1437
1456
1478
1493
1507
1533
1534
1535
1532
1369
1370
1371
1372
1400
1401
1374
1376
1403
1438
1457
1479
1494
1404
1428
1439
1458
1480
1510
1511
1509
1440
1459
1441
1460
1482
1481
1512
1513
1377
1378
1405
1379
1380
1406
1381
1382
1407
1408
1410
1411
1373
1348
1326
1327
1328
1329
1330
1324
1323
1236
1206
1237
1238
1239
1240
1241
1242
1209
1210
1211
1212
1243
1268
1281
1297
1331
1280
1296
1213
1244
1214
1215
1245
1216
1218
1246
1298
1219
1220
1221
1222
1247
1248
1269
1300
1332
1282
1299
1283
1333
1334
1344
1270
1284
1271
1249
1250
1207
1235
1273
1290
1312
1321
1347
1357
1392
1358
1393
1359
1360
1361
1362
1363
1356
1355
1391
1434
1452
1472
1354
1352
1389
1433
1451
1471
1351
1388
1432
1468
1425
1449
1469
1492
1498
1528
1559
1612
1654
1668
1692
1691
1611
1558
1610
1557
1608
1652
1666
1689
1717
1667
1690
1718
1607
1606
1651
1665
1688
1722
1746
1715
1687
1716
1747
1650
1649
1604
1603
1648
1602
1601
1647
1600
1646
1599
1598
1645
1662
1684
1712
1663
1685
1713
1664
1686
1714
1597
1596
1595
1594
1642
1643
1644
1653
1661
1683
1711
1745
1771
1772
1744
1743
1710
1682
1721
1592
1641
1591
1590
1589
1639
1640
1660
1681
1709
1742
1741
1708
1680
1588
1638
1587
1637
1586
1585
1635
1636
1659
1679
1707
1740
1678
1706
1584
1583
1634
1582
1581
1633
1658
1704
1770
1677
1705
1580
1632
1579
1536
1537
1538
1539
1540
1541
1542
1543
1544
1545
1515
1516
1517
1486
1488
1466
1489
1496
1518
1547
1548
1549
1550
1551
1552
1553
1521
1522
1490
1467
1421
1422
1386
1423
1491
1497
1523
1424
1385
1384
1420
1520
1546
1448
1447
1465
1446
1464
1445
1431
1444
1463
1485
1413
1414
1415
1416
1417
1418
1514
1508
1502
1500
1499
1526
1519
1555
1593
1694
1753
1774
1776
1782
1783
1784
1785
1777
1778
1779
1780
1781
1609
1487
1470
1450
1483
1495
1461
1442
1429
1412
1430
1443
1462
1484
1409
1402
1396
1394
1390
1353
1387
1419
1364
1367
1375
1383
1319
1314
1304
1343
1288
1231
1254
1208
1217
1251
1301
1335
1336
1337
1303
1302
1252
1253
1554
1605
1560
1561
1613
1669
1693
1723
1724
1614
1562
1563
1564
1565
1566
1615
1655
1671
1696
1725
1748
1754
1749
1719
1726
1756
1757
1758
1759
1760
1761
1762
1763
1764
1765
1729
1730
1731
1750
1751
1699
1657
1674
1700
1720
1732
1767
1768
1769
1733
1734
1735
1736
1752
1737
1738
1739
1773
1775
1702
1703
1676
1701
1675
1624
1625
1626
1627
1573
1574
1575
1576
1577
1578
1628
1629
1630
1631
1556
1766
1623
1697
1672
1656
1673
1698
1621
1622
1569
1570
1571
1572
1620
1619
1567
1618
1617
1568
1728
1727
1755
1670
1695
1616
1529
1530
1527
1346
1322
1234
1203
1204
1205
1019
1020
1021
1022
1024
1065
1095
1109
1132
1025
1026
1066
1096
1133
1110
1134
1163
1164
1183
1067
1068
1033
1032
1027
1028
1029
1030
1000
1001
1002
807
808
849
850
809
810
811
812
813
814
815
816
817
819
852
895
911
932
967
896
934
1003
935
913
937
936
969
970
990
856
858
859
829
836
837
860
880
881
885
898
915
939
952
953
954
971
828
912
933
910
931
966
909
930
820
821
853
854
822
823
824
855
825
826
827
790
744
686
657
656
655
685
717
728
742
654
684
683
682
651
652
650
681
712
715
727
740
765
766
764
760
716
741
761
767
680
658
589
609
627
628
643
610
641
566
567
551
550
517
501
502
503
483
492
491
467
468
469
424
425
470
493
504
505
506
494
471
472
423
371
372
373
374
375
376
377
378
339
315
314
290
274
262
239
291
275
292
316
240
241
196
197
198
199
242
200
201
243
263
276
294
318
340
341
342
295
320
319
293
317
202
203
204
244
245
246
344
283
307
234
257
269
285
309
235
258
270
286
310
236
259
271
287
311
237
260
272
288
312
238
261
273
289
313
165
164
178
163
192
191
232
282
306
190
189
231
188
187
228
230
267
281
304
280
330
351
350
360
390
359
358
389
445
446
458
447
448
449
450
451
452
391
392
453
394
395
396
397
399
357
329
303
335
337
186
185
184
225
224
223
222
221
220
227
219
218
217
216
215
214
213
212
226
211
210
209
208
207
253
266
279
300
326
301
327
348
386
385
384
383
382
381
380
379
430
431
432
456
433
434
435
436
437
484
523
538
522
537
521
520
519
552
568
565
590
600
591
601
611
598
625
629
622
635
586
559
575
582
536
518
514
535
508
429
428
427
426
414
409
455
398
393
473
495
543
347
346
345
343
321
296
322
332
324
298
277
264
251
265
278
299
325
250
249
248
247
195
194
229
305
336
333
328
334
255
205
206
297
323
349
352
353
387
438
439
457
440
441
442
443
444
485
526
540
525
539
524
354
355
388
356
302
252
254
180
175
181
182
176
177
183
34
7
8
36
83
107
117
133
37
38
84
39
40
85
134
168
135
86
87
42
43
88
109
120
138
152
169
170
171
172
153
173
174
154
155
156
157
140
122
124
143
142
110
104
139
121
119
137
89
44
45
46
47
48
49
50
52
91
53
54
55
56
57
59
92
93
94
96
13
12
11
10
9
6

