0.5 0.95 0.2 0.1 6460 6545.1 221.361
431
432
456
433
434
435
436
437
484
523
524
539
525
540
526
527
541
528
529
542
578
577
576
574
573
572
571
583
632
633
613
617
634
636
618
637
638
639
640
604
594
603
593
602
592
579
580
553
554
555
605
614
619
620
621
606
595
556
557
558
545
544
510
532
509
531
507
530
476
452
451
450
449
448
447
458
446
445
357
389
358
359
390
360
329
186
185
184
225
224
223
222
221
220
227
219
218
302
356
444
485
443
442
441
440
457
439
438
388
355
354
387
353
352
349
348
386
385
384
383
382
381
380
379
347
346
345
343
321
296
322
297
323
332
324
298
277
264
251
265
278
299
325
252
266
279
300
326
327
301
254
253
207
208
209
210
211
226
212
213
214
215
216
217
180
175
181
182
176
177
183
106
131
163
178
164
165
179
193
233
234
257
269
309
285
256
268
284
308
331
307
283
306
282
232
192
191
190
189
188
187
228
230
231
267
281
304
280
303
337
335
330
351
350
391
392
453
394
395
396
397
399
477
486
496
511
533
512
534
513
546
497
498
499
488
480
474
463
411
410
462
461
408
407
460
479
487
478
406
405
404
403
402
454
459
400
401
338
361
362
363
364
365
366
367
368
369
370
371
372
311
287
271
259
310
286
270
258
235
236
237
260
272
288
312
289
313
273
261
238
239
262
274
290
314
315
291
275
292
316
339
378
377
376
375
374
373
412
413
464
415
416
417
418
419
420
421
465
475
481
489
515
516
517
490
482
466
422
423
469
468
467
483
491
492
503
502
501
500
547
563
562
561
560
585
597
587
615
624
623
596
584
607
642
654
685
655
656
657
658
659
660
661
662
663
664
665
644
666
667
668
694
695
670
671
672
673
696
734
723
733
722
732
721
731
748
720
713
693
692
691
690
689
687
686
718
729
745
744
768
793
807
806
805
847
846
845
883
925
958
924
923
957
956
922
903
840
795
796
797
798
841
842
882
889
904
890
891
843
799
800
801
802
803
804
766
765
740
727
716
741
761
767
790
742
728
717
684
683
682
652
651
650
681
712
715
680
764
760
739
789
763
738
679
648
647
646
645
711
710
709
724
736
725
737
726
759
788
787
786
785
714
708
678
706
705
735
756
757
784
783
782
755
704
703
702
701
677
751
792
779
778
750
699
700
676
674
669
688
653
649
707
753
758
743
769
791
818
851
844
838
871
901
942
946
908
929
965
968
1004
1005
1006
1007
1009
1008
972
951
938
914
897
857
861
830
831
862
863
864
865
886
916
940
973
974
975
976
977
941
978
979
980
887
868
867
866
794
780
752
754
781
869
870
943
981
1045
1046
1047
1048
1081
1080
1079
1078
1077
1044
1076
1075
1074
1073
1072
1043
1042
1041
1071
1040
1039
1038
1037
1036
1035
1034
1031
1023
1054
1092
1104
1103
1084
1101
1116
1176
1153
1126
1097
1091
1069
1070
1113
1099
1112
1098
1111
1135
1165
1166
1167
1136
1114
1100
1137
1138
1168
1169
1170
1139
1115
1148
1117
1140
1171
1172
1173
1174
1118
1141
1175
1223
1224
1225
1255
1256
1257
1258
1226
1259
1286
1310
1309
1308
1340
1339
1338
1307
1272
1285
1306
1305
1345
1384
1420
1418
1417
1416
1415
1414
1465
1446
1464
1445
1444
1431
1413
1412
1430
1443
1462
1484
1463
1485
1515
1516
1517
1486
1447
1488
1448
1466
1489
1496
1518
1546
1547
1548
1549
1550
1520
1551
1552
1553
1521
1522
1490
1467
1422
1421
1385
1386
1423
1491
1523
1497
1424
1468
1425
1350
1341
1315
1342
1316
1287
1317
1318
1311
1320
1354
1352
1351
1389
1388
1432
1449
1469
1492
1498
1471
1451
1433
1472
1452
1434
1391
1355
1356
1357
1392
1393
1473
1453
1474
1524
1531
1617
1616
1615
1566
1565
1564
1563
1562
1670
1695
1671
1655
1696
1719
1726
1727
1728
1697
1672
1656
1673
1698
1751
1750
1731
1730
1729
1765
1764
1763
1762
1761
1760
1759
1758
1757
1756
1755
1725
1749
1748
1754
1724
1723
1693
1669
1614
1613
1561
1530
1529
1528
1527
1560
1559
1612
1654
1668
1692
1691
1611
1558
1557
1608
1607
1606
1605
1604
1649
1650
1651
1652
1610
1667
1690
1718
1717
1689
1666
1665
1688
1716
1747
1746
1722
1715
1687
1714
1686
1664
1663
1685
1713
1712
1684
1662
1645
1646
1647
1648
1603
1602
1601
1554
1600
1599
1598
1597
1596
1595
1594
1642
1643
1644
1653
1661
1683
1711
1721
1771
1772
1745
1744
1743
1710
1682
1709
1742
1741
1708
1680
1681
1660
1641
1592
1591
1590
1589
1640
1639
1638
1588
1587
1586
1637
1659
1679
1707
1740
1706
1678
1636
1635
1585
1584
1583
1634
1633
1658
1677
1705
1704
1632
1580
1581
1582
1545
1544
1543
1542
1541
1540
1539
1538
1537
1536
1579
1502
1508
1514
1495
1483
1461
1442
1429
1409
1402
1396
1394
1390
1387
1353
1364
1367
1375
1383
1335
1336
1337
1303
1302
1301
1253
1252
1251
1217
1208
1231
1254
1288
1319
1314
1304
1343
1419
1450
1470
1500
1499
1526
1519
1487
1555
1609
1593
1694
1770
1753
1774
1776
1782
1783
1784
1785
1777
1778
1779
1780
1781
1775
1773
1739
1738
1703
1676
1702
1737
1752
1736
1735
1734
1733
1701
1675
1732
1769
1768
1767
1766
1699
1720
1700
1674
1657
1623
1624
1573
1574
1625
1626
1627
1575
1576
1577
1578
1628
1629
1630
1631
1556
1513
1512
1511
1510
1509
1494
1438
1457
1479
1507
1535
1534
1533
1532
1572
1571
1570
1569
1622
1621
1620
1619
1618
1567
1568
1525
1501
1475
1395
1366
1368
1397
1454
1476
1503
1504
1505
1506
1493
1478
1456
1437
1436
1455
1477
1435
1427
1399
1398
1369
1370
1371
1372
1373
1400
1401
1374
1376
1403
1404
1377
1378
1379
1380
1381
1382
1406
1405
1428
1439
1480
1458
1440
1459
1441
1460
1481
1482
1407
1408
1410
1411
1344
1334
1333
1283
1269
1300
1332
1299
1282
1298
1246
1219
1218
1216
1245
1244
1268
1281
1297
1280
1296
1331
1330
1329
1328
1327
1295
1279
1278
1294
1326
1325
1349
1348
1365
1426
1363
1362
1361
1360
1359
1358
1346
1347
1321
1322
1291
1274
1312
1290
1273
1262
1233
1234
1202
1201
1200
1199
1198
1289
1261
1232
1230
1229
1228
1260
1227
1180
1179
1145
1121
1150
1144
1178
1196
1197
1195
1194
1177
1142
1119
1149
1143
1120
1102
1082
1049
982
983
945
944
872
873
832
833
874
947
917
875
876
834
835
877
878
899
920
900
902
879
839
888
921
955
989
988
987
949
919
918
948
986
985
984
991
1083
1085
1086
1087
1050
1088
1151
1181
1152
1089
1051
1010
1052
1011
1012
1013
1014
1056
1055
1053
1105
1123
1122
1154
1182
1155
1156
1157
1124
1184
1185
1186
1187
1188
1205
1204
1203
1263
1292
1323
1324
1313
1293
1277
1267
1266
1276
1265
1275
1264
1235
1236
1206
1207
1237
1238
1239
1240
1241
1242
1209
1210
1211
1212
1243
1213
1214
1215
1193
1192
1191
1162
1131
1108
1132
1109
1095
1065
1066
1096
1133
1220
1221
1222
1247
1248
1249
1270
1284
1271
1250
1183
1164
1163
1134
1110
1067
1068
1033
1032
969
970
990
971
954
953
952
939
915
898
885
881
880
860
837
836
829
859
858
828
856
913
937
936
935
934
1003
1030
1029
1028
1027
1026
1025
1024
1022
1021
1020
1019
1002
1001
1000
999
998
997
996
1018
1064
1063
1062
1061
1130
1129
1128
1161
1147
1160
1190
1189
1159
1158
1146
1125
1106
1093
1057
1058
1107
1127
1094
1090
1015
1016
1017
1059
1060
995
994
993
961
992
959
960
950
926
905
892
884
893
906
927
962
963
964
928
907
894
848
808
849
850
809
810
811
812
813
814
815
816
817
819
852
895
910
931
909
930
966
967
932
911
933
912
896
855
826
827
825
824
823
854
853
822
821
820
770
746
719
730
747
771
772
773
774
775
762
776
777
749
698
697
675
641
610
643
628
627
626
609
589
599
608
588
581
564
548
549
550
566
567
551
504
505
506
494
493
424
425
470
471
472
344
246
245
244
295
319
320
342
341
340
317
293
318
294
276
263
243
242
241
240
196
197
198
199
200
201
202
203
204
172
171
170
169
152
138
120
137
119
109
88
89
121
139
153
173
174
154
155
156
157
143
142
124
140
122
110
104
92
93
94
96
13
59
57
56
55
54
53
91
52
12
50
49
48
47
46
45
44
11
43
42
87
10
86
85
135
134
168
133
117
107
83
84
39
40
9
38
37
36
8
7
34
6
33
32
116
132
167
166
31
30
29
5
27
26
81
25
24
4
3
1
80
79
78
77
23
82
76
75
74
22
21
73
72
20
19
18
71
102
149
161
148
130
147
129
115
101
70
69
17
68
16
67
66
15
65
64
99
113
127
114
100
128
146
160
159
145
126
112
105
98
63
62
61
60
97
95
90
51
58
14
41
35
28
2
103
151
162
150
108
118
136
141
123
111
125
144
158
205
206
250
249
248
247
195
194
229
255
305
336
333
328
334
473
495
543
575
582
635
622
625
629
611
601
591
600
590
598
586
559
565
568
552
616
630
631
612
570
569
538
522
537
521
520
519
536
518
514
535
508
393
398
455
409
414
426
427
428
429
430
