155790
155864
153536
148880
150273
152610
152306
150367
150063
151903
151219
150592
152455
149802
149387
151806
152070
152015
151585
153958
152222
152616
151541
149564
149970
154472
154883
156221
152571
149652
152892
152991
153768
150324
151988
154018
150665
151769
150226
149235
151571
151862
156658
153638
153629
149963
153612
153259
153869
154369
151603
150919
156476
153169
151271
154608
152795
152886
152578
151803
153921
149827
155125
153132
151307
154198
146406
151355
151074
150162
151663
151910
154364
149548
149465
150151
149958
150962
152031
152175
155014
152737
149556
151666
150612
151099
150169
151605
152175
148553
152692
150135
150913
152486
153851
151279
152264
149317
153957
153142
152442
154661
150095
154029
152505
149112
149822
148717
152036
151878
155100
155219
157143
153834
149973
150240
153764
152536
153556
151530
154159
151418
151451
152263
151546
154381
151145
151589
154256
150476
150090
151442
150554
153485
155787
150054
156262
150867
151305
152490
153600
152188
152855
154277
152302
154520
149035
152284
151900
152658
154050
153306
154241
150473
148666
155165
152000
152075
153819
155652
149272
151980
153020
148917
155203
152601
149867
150748
157070
146346
151957
154344
150548
149329
149982
152216
150574
154274
152186
150649
153100
153045
154721
150000
152267
149811
151780
152448
151725
153702
148380
151172
151545
152288
152193
154293
150290
152629
153561
149187
152062
153528
152588
154439
153148
153060
149360
156726
149615
152766
153208
150672
155030
153970
154492
153487
151469
151046
149959
146127
151565
153364
151020
153674
151614
151515
154787
150720
150516
150400
150375
152187
151158
151342
147850
151122
149065
151932
152999
151356
154870
150216
155231
152352
152366
152548
154330
151541
150255
153127
150053
153693
150614
150828
153058
158835
152212
151725
151413
154137
150296
152732
153636
151877
149715
151112
153903
155574
151649
151297
151368
151893
150460
152786
152360
151258
150344
150155
149840
151149
155020
150508
150621
153387
149977
153349
150332
147455
154603
152948
150864
152385
151552
151549
153362
153330
150662
151271
149709
149830
151048
152603
153747
156826
150699
149123
148317
154218
151565
150041
153983
154996
156572
148532
153919
153582
151061
151493
152847
149080
152934
153457
151360
149778
150288
151898
151760
149395
154052
153050
155094
149693
151912
150074
152030
154099
148885
151626
153095
152187
152814
153440
150435
152267
153480
150362
149806
148653
154873
150803
150638
155249
150188
155242
151574
152417
155175
151514
152864
151517
154030
153563
154115
150414
150909
151584
150549
150303
151865
153563
152302
150651
154291
151367
155730
154113
154677
153369
152586
155530
153751
149641
154084
153930
150680
151636
152911
150999
157425
149217
150469
153906
153087
147951
152372
152134
152381
149637
153987
154483
149628
150950
150037
153493
152662
153831
152894
153312
151597
150206
151129
154418
153376
152161
154952
151020
152651
151366
155271
154579
152895
152462
152541
149043
153405
152229
152773
151539
149267
154404
150784
152317
153472
152375
153246
150950
148082
150977
152911
153333
153055
151024
151642
155197
149057
152689
151878
150871
149955
151894
154584
149322
149685
149712
152529
148975
153193
153975
153951
155325
151586
150189
154724
153073
153810
154969
153683
154124
151262
151320
151464
154577
152593
154397
154928
150574
153212
153542
152987
151980
152977
154823
154041
151158
154102
152678
151735
149580
152444
152355
153440
152853
149546
152939
155293
152702
154576
151975
151165
150366
150540
153820
149407
152002
151823
154825
152976
151819
149369
151832
150992
153084
149913
153467
155701
156300
151198
150814
152949
151258
152344
151249
151465
149786
151426
150392
153363
150757
152805
148685
152211
150359
152587
148867
153121
151344
150615
152364
150537
152468
149732
150499
151110
151267
152707
156798
149887
151317
150897
152165
151919
152886
151656
152512
152654
152789
150000
149600
153339
151919
152179
153932
153296
153935
151205
152838
157947
151480
153421
154335
155661
148174
149830
149036
153571
149291
149879
151102
150579
152810
150066
151159
153876
148683
150300
153009
150561
150984
153166
151900
151644
155460
155574
153717
150437
154432
150389
151868
151372
154181
153381
150868
154098
154726
154472
151940
151904
154619
151358
150329
154020
152925
150532
152942
153249
151774
155375
156698
149844
152600
149876
153091
150902
151082
151791
152512
150736
153823
152169
153001
152443
150860
149866
151190
151776
154132
154972
149599
153544
151479
152776
149719
155242
149345
150771
152153
153330
149344
153949
153987
154267
148969
153794
156777
150486
153599
151812
150039
153313
151778
153477
150996
149807
152906
152142
149958
147279
151663
150998
148469
154223
151483
154033
152766
149814
152755
151338
152526
153629
153638
150709
150738
151573
151182
150449
151992
150732
154098
155659
152985
150794
152706
151927
155136
149007
154792
152140
152328
153148
149371
147853
153296
150757
153225
148869
153204
150953
152569
151254
151756
154155
156775
154307
151054
152325
150776
151370
155254
149167
152373
154956
151315
153629
151166
151360
152354
150114
150723
152507
151868
152800
148201
155404
151798
149717
149358
151235
151132
151114
152951
148847
154194
153781
151382
151609
152894
151878
150714
151905
153768
151374
154350
152644
152518
156029
151167
150222
149088
154453
150275
148332
153128
152051
151743
150888
153588
151330
151625
152581
149618
154576
152418
153645
149249
151963
152877
152032
155410
153412
154879
153886
148611
153265
153069
150425
150151
151741
153733
150875
151345
154610
152735
152776
150895
150405
154264
151295
148767
148247
153402
151260
155462
151018
154323
154529
150377
150742
152274
151823
152955
150671
151066
151155
152654
153750
153989
152436
152455
155415
152295
153404
151953
151338
152850
150393
150909
152285
150184
150921
152104
150502
154642
152018
154671
150739
155114
151202
150511
153399
152378
147248
152551
155000
151998
154435
154945
154174
149048
150508
151141
156657
153952
148140
152636
154615
149146
152569
153242
151795
155181
149198
151016
151120
150424
152157
152739
152533
153656
154294
151654
150436
150565
152632
150440
150328
151199
152570
153152
149076
153115
154314
154077
152359
153985
154080
153150
151082
149051
154739
150218
152322
153712
152684
153956
151679
152237
151050
154275
150605
153044
151879
151017
151873
153777
152221
150968
150220
153114
153101
150874
153019
153425
152392
153067
150731
150932
151741
150855
152575
154017
153851
151580
152705
152242
151225
152339
153279
146662
154826
149835
152433
153534
148323
150163
149317
154310
152477
149728
152304
155840
154233
153381
154080
153505
153668
149077
152403
151538
156168
150541
153688
153548
150584
150904
154680
152357
149113
151275
152427
153622
150152
150982
150721
151962
150605
153857
149130
153106
150752
150523
152990
154306
150582
151942
149845
149787
154291
150911
155314
150108
150015
154614
150273
154653
153306
152971
155416
152397
157776
150618
153729
153807
150342
152740
152903
150401
153334
154962
150557
152202
