0.5 0.95 0.2 0.1 4628 4731.06 122.601
207
231
206
229
205
230
262
261
260
259
225
201
224
200
189
153
154
155
190
202
226
203
227
228
204
191
158
159
160
85
20
19
84
83
82
157
156
81
80
18
78
77
76
17
16
75
74
73
15
14
72
12
11
71
10
70
152
9
8
69
151
67
7
66
6
5
149
150
198
221
199
222
258
257
256
277
252
65
4
64
148
147
62
2
61
1
60
146
59
58
56
139
145
184
138
137
55
54
136
183
182
135
134
133
53
132
52
131
50
130
129
49
128
127
47
46
126
125
45
124
180
179
123
44
43
122
42
121
120
41
119
118
40
116
117
178
177
176
115
39
114
113
38
112
37
111
172
170
106
36
30
91
79
13
68
3
63
181
51
48
57
140
142
144
185
186
187
188
255
275
276
278
283
284
238
214
243
270
292
293
245
215
194
195
216
246
217
247
272
294
295
296
310
248
218
249
297
273
274
299
298
390
389
424
423
388
387
386
385
422
421
384
383
382
420
381
380
379
378
377
368
356
343
320
391
398
427
428
429
432
449
471
501
505
506
553
527
534
538
541
546
547
548
549
516
517
495
494
466
446
431
467
447
448
468
496
550
551
497
469
498
518
552
565
554
499
519
520
500
470
395
426
425
394
393
392
300
301
302
303
304
305
306
250
219
196
197
220
251
396
397
311
312
399
313
314
315
316
317
318
319
279
223
280
281
307
282
331
330
405
436
453
479
406
332
333
334
335
336
337
338
339
407
340
341
342
344
408
438
455
481
437
454
480
533
532
531
530
580
674
675
676
677
581
582
583
678
679
680
681
683
684
685
588
587
586
585
584
535
536
482
456
439
409
345
346
347
348
349
410
483
350
351
352
353
354
355
357
358
411
412
359
360
361
362
363
364
365
366
367
369
370
416
443
462
489
488
461
442
415
414
413
441
460
487
459
486
513
540
539
512
485
458
440
457
484
537
562
594
595
596
597
598
599
600
601
690
721
738
768
766
736
719
689
593
592
591
590
688
687
686
589
764
765
841
865
842
914
915
916
917
973
918
844
843
826
827
739
769
770
740
771
772
742
741
722
692
691
603
604
605
606
607
693
694
608
609
610
611
612
613
614
696
615
617
618
619
620
697
725
745
775
774
744
724
716
723
743
773
828
845
846
829
847
848
928
929
930
931
1090
978
977
976
927
926
925
924
922
921
920
919
974
1024
1052
1086
1085
1051
1023
1084
1162
1117
1083
1050
1081
1048
1021
971
972
913
912
910
909
908
907
906
905
904
903
969
902
901
968
967
966
965
840
825
763
824
823
821
820
819
818
762
735
817
816
815
814
761
734
789
672
671
670
669
560
528
529
561
511
477
451
433
430
434
478
452
435
404
329
328
327
326
325
324
323
322
321
403
402
401
400
450
474
475
476
510
509
508
507
559
558
557
473
526
525
524
472
523
522
556
555
648
715
649
650
651
731
755
652
567
568
569
570
653
654
656
657
658
571
572
573
574
575
576
659
660
661
662
663
577
578
579
664
666
667
668
718
733
759
788
758
806
807
808
809
852
853
854
855
856
810
857
858
859
811
860
861
862
812
863
864
961
960
1002
1016
1041
1072
1042
1074
1017
1003
962
1004
1019
1044
1075
963
1005
1020
1045
1076
1077
1157
1156
1207
1206
1205
1155
1154
1153
1152
1151
1150
1149
1148
1147
1146
1145
1144
1114
1113
1143
1193
1192
1191
1190
1189
1188
1277
1278
1279
1280
1194
1281
1282
1195
1196
1197
1198
1199
1200
1202
1203
1204
1283
1380
1379
1378
1435
1434
1433
1376
1325
1432
1415
1414
1413
1375
1348
1324
1313
1323
1347
1374
1412
1411
1410
1409
1408
1406
1407
1373
1346
1276
1187
1186
1185
1274
1184
1183
1182
1181
1180
1179
1273
1312
1321
1345
1372
1371
1431
1430
1465
1403
1370
1311
1310
1272
1271
1270
1309
1269
1171
1172
1173
1174
1175
1176
1177
1178
1139
1140
1141
1142
1110
1111
1112
1069
1070
1038
1012
1000
1013
1039
1014
1106
1071
1040
1015
1001
959
897
896
958
895
894
893
892
891
890
957
956
883
884
885
886
887
888
804
803
802
801
800
799
732
756
798
797
796
794
793
792
875
876
877
879
880
881
882
955
999
1011
1037
1068
954
1067
1036
1010
998
997
996
1009
1035
1105
1066
1104
1065
1034
1008
995
994
1007
1033
1064
1103
1109
1102
1063
1032
1006
992
991
953
990
952
951
950
989
949
948
988
947
946
945
944
943
942
987
986
985
984
983
982
934
935
936
937
938
939
940
941
866
867
868
869
870
871
849
872
832
833
781
750
782
751
783
834
835
851
836
837
838
839
787
753
729
713
714
647
646
645
644
712
711
710
786
785
784
752
709
643
642
641
708
707
706
705
704
640
638
637
636
635
634
633
632
631
630
629
703
702
728
749
780
791
779
748
717
727
747
778
831
777
746
726
701
628
627
626
625
700
699
624
623
616
602
695
720
767
737
682
673
665
655
566
639
730
754
757
760
822
813
805
795
850
873
874
1099
993
878
889
898
899
900
964
970
911
923
975
1022
1049
1078
1073
1043
1018
1046
1082
1089
1093
1055
1026
1027
1056
1094
1095
1057
1028
1058
1096
1059
1029
1097
1123
1247
1248
1249
1250
1251
1252
1253
1163
1164
1165
1098
1060
1030
1031
1061
1100
1107
1124
1167
1166
1137
1138
1108
1062
1101
1125
1126
1127
1168
1169
1170
1266
1267
1268
1307
1306
1265
1264
1305
1263
1262
1304
1261
1260
1259
1258
1257
1301
1302
1303
1342
1368
1402
1428
1427
1426
1401
1367
1366
1400
1341
1320
1300
1256
1255
1254
1299
1339
1365
1399
1398
1397
1464
1463
1462
1461
1448
1447
1446
1445
1444
1420
1388
1357
1333
1352
1382
1377
1349
1326
1284
1289
1293
1245
1246
1244
1243
1242
1240
1236
1230
1223
1215
1208
1201
1116
1129
1128
1308
1275
1322
1344
1343
1340
1369
1429
1405
1467
1470
1478
1479
1480
1481
1482
1483
1466
1468
1469
1471
1472
1473
1474
1475
1476
1477
1460
1443
1425
1424
1423
1442
1441
1393
1362
1338
1361
1392
1337
1319
1336
1360
1391
1422
1440
1439
1459
1458
1457
1456
1455
1454
1453
1452
1451
1450
1421
1419
1418
1386
1355
1331
1404
1387
1356
1332
1316
1290
1222
1221
1220
1219
1218
1286
1287
1288
1315
1330
1385
1354
1329
1353
1384
1383
1449
1438
1437
1436
1417
1416
1381
1350
1327
1314
1328
1351
1285
1209
1210
1211
1212
1213
1214
1216
1217
1130
1115
1079
1047
1080
1131
1158
1159
1160
1161
1291
1317
1334
1358
1389
1390
1359
1335
1318
1292
1224
1225
1226
1227
1228
1229
1231
1132
1133
1087
1053
1025
1054
1088
1118
1119
1134
1135
1136
1238
1237
1235
1234
1233
1232
1294
1295
1296
1363
1394
1395
1364
1396
1297
1298
1239
1241
1122
1121
1120
1091
1092
981
980
979
933
932
830
790
776
698
621
622
504
493
465
445
419
418
376
375
492
503
515
545
544
521
543
542
563
564
514
502
490
463
444
491
464
417
371
372
373
374
290
291
244
254
271
175
143
110
141
174
173
109
35
108
34
107
33
105
32
169
171
289
288
269
253
242
168
104
31
29
103
102
101
28
27
98
99
100
167
212
239
240
213
241
268
309
267
287
286
266
265
264
285
263
308
233
234
209
163
210
235
236
237
211
166
97
26
165
164
96
25
24
95
94
23
22
93
92
90
162
89
21
88
87
86
161
193
208
232
192
