weight: 6754
vertices-order: 
1
61
147
62
64
148
65
5
6
66
150
198
221
256
277
257
252
199
222
258
279
280
281
307
326
327
328
404
430
433
451
477
511
434
435
452
478
329
330
405
331
332
406
436
453
479
333
334
335
336
337
338
339
407
437
454
480
533
532
531
530
340
341
408
438
455
481
342
344
345
346
409
439
456
482
536
535
347
348
410
483
349
350
351
352
353
354
355
357
411
440
458
485
512
539
540
457
484
537
562
592
593
594
689
719
736
766
841
865
905
906
907
908
909
910
912
971
1021
1050
1084
1083
1117
1162
1048
1081
972
913
914
915
916
917
973
1023
1051
1085
918
919
920
974
1024
1052
1086
921
922
924
925
926
976
1025
1054
1088
1118
1119
1134
1135
1136
1090
1053
1087
1133
1132
977
978
927
928
929
930
931
932
933
979
1091
1120
1121
1122
1092
980
981
904
903
969
902
901
968
1047
1080
1079
1115
1130
1131
1158
1159
1160
1161
967
966
1077
1076
1045
1020
1005
963
965
595
596
597
598
690
721
738
768
842
599
600
601
603
691
604
692
722
742
772
828
845
846
741
771
740
770
826
843
844
827
739
769
605
606
693
694
607
608
609
610
611
612
613
614
696
724
744
774
829
847
848
743
773
723
716
615
617
618
619
697
725
745
790
830
776
775
620
698
621
622
591
688
687
686
764
765
589
685
684
683
681
680
679
678
583
584
585
586
587
588
582
581
580
675
734
789
812
862
863
864
861
860
859
858
857
856
855
854
853
852
893
894
958
1000
1012
1069
1038
1070
1113
1143
1013
1039
1014
1001
1015
1040
1071
1106
1144
1145
1146
1147
1148
1199
1200
1202
1203
1204
1283
1379
1380
1378
1435
1434
1433
1205
1206
1207
1209
1285
1314
1327
1350
1381
1416
1417
1436
1437
1438
1449
1474
1473
1472
1471
1469
1468
1466
1483
1482
1481
1480
1479
1478
1470
1467
1328
1351
1210
1211
1212
1213
1214
1216
1217
1218
1286
1329
1354
1385
1418
1419
1421
1450
1451
1452
1453
1454
1455
1456
1457
1475
1476
1477
1458
1459
1439
1440
1422
1391
1360
1337
1361
1392
1338
1362
1393
1294
1295
1231
1232
1233
1234
1235
1237
1296
1363
1394
1423
1442
1441
1424
1425
1443
1460
1364
1396
1395
1238
1297
1298
1239
1241
1229
1228
1227
1226
1225
1224
1292
1318
1335
1359
1390
1336
1319
1353
1384
1383
1287
1288
1315
1330
1355
1386
1331
1316
1332
1356
1387
1404
1291
1317
1334
1358
1389
1219
1220
1221
1290
1222
1149
1150
1151
1152
1153
1154
1155
1156
1157
1114
960
1002
1016
1041
1072
961
1003
1017
1042
1074
962
1004
1019
1044
1075
895
896
959
897
892
891
890
888
957
887
886
885
956
884
883
882
955
999
1011
1037
1068
1110
1111
1112
881
880
879
877
876
875
954
808
807
806
804
803
802
801
800
799
798
797
796
794
793
792
755
731
756
732
758
809
788
759
733
718
669
670
671
672
668
667
666
664
663
662
661
660
659
574
575
576
577
578
579
557
558
559
526
525
524
473
573
572
571
570
569
568
652
653
654
656
657
658
567
651
650
649
715
648
647
714
646
645
713
729
753
787
644
712
711
710
709
643
642
641
707
708
706
705
704
750
782
751
783
834
835
851
836
837
838
839
784
785
786
752
781
832
849
872
871
870
869
868
833
640
638
637
636
635
634
633
632
631
630
703
728
749
780
702
628
627
701
717
727
748
779
791
866
940
985
986
941
942
987
943
944
945
946
947
988
1031
1061
1100
1107
1124
1167
1166
1137
1138
1108
1062
1101
1006
1032
1063
1102
1109
1127
1168
1169
1170
1171
1172
1173
1174
1271
1272
1310
1370
1403
1430
1465
1431
1371
1311
1175
1176
1177
1178
1139
1140
1141
1142
1179
1180
1181
1273
1312
1321
1345
1372
1406
1182
1183
1184
1274
1185
1186
1187
1276
1277
1278
1279
1313
1323
1347
1374
1412
1411
1410
1409
1408
1407
1373
1346
1324
1348
1375
1413
1414
1415
1432
1188
1189
1190
1191
1192
1280
1193
1194
1281
1282
1325
1376
1195
1196
1197
1198
1126
1125
994
1007
1033
1064
1103
995
1008
1034
1065
1104
996
1009
1035
1066
1105
997
998
1010
1036
1067
992
991
990
953
1030
1060
1098
948
949
950
989
951
952
939
938
984
937
936
983
935
934
982
975
923
911
900
964
1018
1046
1078
1116
1022
1049
1089
1055
1093
1027
1056
1094
1028
1058
1096
1123
1163
1251
1252
1253
1254
1299
1255
1300
1320
1341
1366
1400
1426
1427
1428
1367
1401
1339
1365
1399
1398
1397
1256
1257
1258
1301
1302
1342
1368
1402
1303
1259
1260
1261
1304
1262
1263
1305
1264
1265
1306
1266
1267
1307
1268
1269
1309
1270
1250
1249
1248
1247
1246
1245
1244
1243
1242
1240
1236
1293
1230
1223
1215
1284
1326
1352
1382
1420
1444
1445
1446
1447
1448
1461
1462
1463
1464
1333
1357
1388
1349
1377
1322
1344
1405
1429
1343
1369
1340
1308
1275
1289
1208
1201
1164
1165
1029
1059
1097
1057
1095
1026
1082
1043
1073
1129
1128
970
899
898
889
878
993
1099
873
874
867
726
747
778
831
746
777
626
625
700
624
699
623
616
695
720
737
767
602
682
673
665
655
730
757
760
754
795
850
805
813
822
566
639
629
810
811
761
814
815
816
817
818
819
820
821
823
824
825
840
763
762
735
676
677
674
590
412
358
359
360
361
362
413
441
460
487
513
459
486
442
461
488
363
364
414
365
415
366
367
369
416
443
462
489
444
463
490
502
514
564
563
542
543
521
491
464
370
371
417
372
373
374
375
376
418
492
545
544
503
515
419
445
465
493
504
325
324
323
322
321
403
402
401
400
450
475
476
474
507
508
509
510
528
560
529
561
319
318
317
316
315
314
313
399
472
523
522
556
555
312
311
397
396
149
7
67
151
8
69
9
10
71
70
152
223
11
12
72
14
15
73
74
153
189
200
224
282
75
16
17
76
154
155
190
203
227
260
191
205
229
261
262
206
230
192
207
231
204
228
202
226
259
201
225
77
78
80
156
157
81
82
83
158
159
160
84
85
86
161
87
88
89
162
193
208
232
90
92
93
23
94
163
209
234
263
308
285
264
265
266
286
287
267
309
239
240
213
242
253
269
288
241
268
212
235
236
211
237
210
233
95
24
25
96
164
165
26
97
166
98
99
100
167
101
102
103
29
31
104
168
169
171
105
33
107
34
108
35
109
173
244
291
290
289
254
271
174
141
143
175
110
32
28
27
22
21
20
19
18
4
2
60
146
59
58
145
139
138
184
137
136
183
197
220
251
135
182
196
219
250
134
133
132
52
50
131
130
129
128
127
47
46
126
125
124
123
179
218
249
273
297
274
298
299
300
301
302
303
304
305
306
180
44
43
122
42
121
120
119
118
117
177
178
116
115
176
194
215
245
195
217
247
272
294
295
296
310
386
422
387
388
423
469
498
518
552
497
551
550
424
389
390
392
393
394
425
426
470
500
520
519
554
565
499
395
385
384
421
383
382
420
431
446
467
495
516
549
548
547
546
541
538
534
527
553
517
447
448
468
496
466
494
381
380
379
378
377
368
356
343
320
391
398
427
428
429
432
449
471
501
505
506
248
216
246
114
113
112
111
37
36
106
170
214
243
270
292
293
238
284
283
278
276
275
255
187
188
186
185
144
142
140
57
172
30
91
79
13
68
63
181
3
51
48
38
39
40
41
45
49
53
54
55
56

