0.1 0.2 4733 4739.67 898.99
19
20
21
22
90
92
93
23
94
163
210
235
236
211
237
212
239
240
241
213
168
103
102
101
167
100
99
98
166
165
164
96
95
24
25
26
97
27
28
29
31
104
32
169
171
105
33
107
34
108
35
109
173
174
110
141
143
175
271
254
244
291
290
289
288
269
253
242
268
309
267
287
286
266
265
264
285
308
263
234
209
233
232
208
193
162
89
88
87
161
86
85
84
160
159
158
83
82
157
156
81
80
78
77
154
155
190
203
228
204
191
205
229
230
206
192
207
231
262
261
260
227
202
226
259
225
201
189
200
224
282
307
326
327
328
329
330
404
430
433
451
477
511
478
452
434
435
479
453
436
405
331
332
406
333
334
335
336
337
338
339
407
437
454
480
530
531
532
533
481
455
438
408
340
341
342
344
345
346
409
439
456
482
536
535
483
410
347
348
349
350
351
352
353
354
355
357
411
440
457
484
539
540
512
485
458
412
358
359
360
361
362
413
441
460
459
486
513
487
488
461
442
414
363
364
365
415
366
367
369
416
443
462
489
444
463
490
502
514
564
563
542
543
521
491
464
417
370
371
372
373
374
375
376
418
492
544
545
515
503
419
445
465
493
504
622
621
620
698
776
830
790
775
745
725
697
619
618
617
615
614
696
724
744
774
848
847
829
846
845
828
772
742
773
743
723
716
613
612
611
610
609
608
607
694
693
606
605
604
692
722
741
771
740
770
769
739
691
603
601
600
599
598
597
596
595
690
721
738
768
842
843
844
826
827
921
922
924
925
926
976
977
978
927
928
929
930
931
932
933
979
980
981
1092
1122
1121
1120
1091
1090
1136
1135
1134
1119
1118
1088
1054
1025
1053
1087
1133
1132
1086
1052
1024
974
920
919
918
917
973
1023
1051
1085
916
915
914
913
972
1050
1084
1162
1117
1083
1081
1048
1021
971
912
910
909
908
907
906
905
865
841
766
736
719
689
594
593
537
562
592
591
590
688
687
765
764
686
589
685
588
587
586
585
584
583
582
581
580
675
676
677
735
762
678
679
680
681
683
684
763
840
825
824
823
821
820
819
818
817
816
815
814
789
761
734
674
672
671
670
669
718
733
759
788
809
808
807
806
758
804
803
802
801
800
799
883
884
885
956
886
887
888
957
890
891
892
893
852
853
854
855
810
811
812
864
863
862
861
860
859
858
857
856
897
959
896
895
894
958
1000
1012
1069
1143
1113
1070
1038
1013
1039
1014
1114
1106
1071
1040
1015
1001
960
1002
1016
1041
1072
961
1003
1017
1042
1074
962
1004
1019
1044
1075
1149
1150
1151
1152
1153
1154
1155
1156
1157
1077
1076
1045
1020
1005
963
965
966
967
968
901
902
904
903
969
1080
1047
1079
1115
1130
1131
1158
1159
1160
1161
1222
1290
1221
1220
1219
1287
1288
1315
1330
1386
1355
1331
1404
1387
1356
1332
1316
1291
1317
1334
1358
1389
1292
1318
1335
1359
1390
1336
1319
1224
1225
1226
1227
1228
1229
1231
1232
1233
1234
1235
1296
1237
1238
1297
1298
1239
1241
1460
1443
1425
1424
1423
1442
1441
1394
1363
1395
1396
1364
1295
1294
1338
1362
1393
1392
1361
1337
1360
1391
1422
1440
1439
1477
1476
1475
1459
1458
1457
1456
1455
1454
1453
1452
1451
1450
1421
1419
1418
1385
1354
1353
1384
1383
1329
1286
1218
1217
1216
1214
1213
1212
1211
1210
1209
1207
1206
1205
1285
1351
1328
1314
1327
1350
1381
1416
1417
1436
1437
1438
1449
1474
1473
1472
1471
1469
1468
1466
1483
1482
1481
1480
1479
1478
1470
1467
1405
1429
1340
1369
1343
1308
1275
1344
1322
1377
1349
1326
1352
1382
1420
1444
1445
1446
1447
1448
1461
1462
1463
1464
1388
1357
1333
1289
1284
1201
1208
1215
1223
1230
1293
1236
1240
1242
1243
1244
1245
1246
1247
1248
1249
1250
1251
1252
1253
1254
1299
1397
1398
1399
1365
1339
1400
1426
1427
1428
1401
1367
1366
1341
1320
1300
1255
1256
1257
1258
1301
1302
1342
1368
1402
1303
1259
1260
1261
1304
1262
1263
1305
1264
1265
1306
1266
1267
1307
1268
1269
1309
1270
1171
1172
1173
1174
1271
1272
1310
1370
1403
1465
1430
1431
1371
1311
1175
1176
1177
1178
1139
1140
1141
1142
1179
1180
1181
1273
1312
1321
1345
1372
1406
1274
1182
1183
1184
1185
1186
1187
1276
1277
1278
1279
1346
1373
1407
1408
1409
1410
1411
1412
1374
1347
1323
1313
1324
1348
1375
1413
1414
1415
1432
1325
1376
1433
1434
1435
1378
1379
1380
1283
1204
1203
1202
1200
1199
1148
1147
1146
1145
1144
1198
1197
1196
1195
1282
1281
1194
1280
1193
1192
1191
1190
1189
1188
1112
1111
1110
1068
1037
1011
999
955
882
881
880
879
877
876
875
954
1067
1036
1010
998
997
1105
1066
1035
1009
996
1104
1065
1034
1008
995
1103
1064
1033
1007
994
953
990
991
992
1006
1032
1063
1102
1109
1170
1169
1168
1127
1126
1125
1101
1062
1108
1138
1137
1166
1167
1124
1107
1100
1061
1031
1098
1060
1030
988
947
948
949
989
950
951
952
833
834
835
851
836
837
838
839
786
785
784
752
783
751
782
750
781
832
872
849
871
870
869
868
946
945
944
943
987
942
941
986
985
940
939
938
984
937
936
983
935
934
982
975
923
911
970
1022
1049
1089
1055
1093
1094
1095
1057
1096
1123
1163
1164
1165
1097
1059
1029
1058
1028
1027
1056
1026
1082
1046
1078
1116
1129
1128
1073
1043
1018
964
900
899
898
889
878
993
1099
874
873
850
795
754
639
566
602
682
673
665
655
730
757
760
805
813
822
767
737
720
695
616
623
699
624
625
626
700
746
777
831
778
747
726
748
779
791
866
867
780
749
728
727
717
701
627
628
702
703
629
630
631
632
633
634
635
636
637
638
640
704
705
706
707
708
641
642
643
709
710
711
712
729
753
787
713
644
645
646
714
647
648
715
649
650
567
651
731
755
792
793
794
796
797
798
756
732
658
657
656
654
653
652
568
569
570
571
572
573
524
525
526
473
557
558
559
579
578
577
576
575
574
659
660
661
662
663
664
666
667
668
561
529
560
528
510
509
508
507
474
450
475
476
325
324
323
322
321
403
402
401
400
319
318
317
316
315
314
313
399
472
523
522
556
555
396
397
311
312
146
59
58
145
139
138
184
137
136
183
197
220
251
250
219
196
182
53
52
50
49
47
46
45
123
44
43
122
42
121
248
178
177
116
117
118
119
120
41
40
39
38
37
36
106
30
91
79
13
68
63
181
3
51
48
57
140
142
144
185
186
187
188
255
275
276
278
283
284
270
292
293
243
238
214
170
172
111
112
113
114
115
176
194
215
245
246
216
195
217
247
272
294
295
296
310
385
384
421
383
382
420
381
380
379
378
377
368
356
343
320
391
398
427
428
429
432
449
471
501
505
506
553
527
534
538
541
546
547
548
549
516
494
466
495
467
446
431
447
448
468
496
517
550
551
518
552
498
469
497
422
386
387
388
423
424
389
390
392
393
394
425
499
565
554
519
520
500
470
426
395
306
305
304
303
302
301
300
299
298
274
273
297
249
218
179
180
124
125
126
127
128
129
130
131
132
133
134
135
54
55
56
60
1
61
2
62
147
148
64
4
65
5
149
66
6
7
8
9
69
67
151
150
198
221
252
277
256
257
199
222
258
279
280
281
223
152
70
71
10
11
12
72
14
15
73
74
153
75
16
17
76
18
