weight: 4015
edges: 
1 60
1 61
2 62
3 63
3 51
4 64
5 65
5 6
6 5
6 7
6 66
7 6
7 67
8 67
8 9
8 69
9 8
9 10
10 9
10 11
10 70
10 71
11 10
11 12
12 11
12 14
12 72
13 79
13 68
14 12
14 15
15 14
15 73
16 75
16 17
17 16
17 76
18 78
19 83
20 85
21 88
22 90
23 93
23 94
24 95
24 25
25 24
25 26
25 96
26 25
26 97
27 99
28 100
29 102
29 31
30 36
30 91
31 29
31 104
32 169
33 105
33 107
34 107
34 108
35 108
35 109
36 30
36 111
36 106
37 111
38 113
39 115
40 117
41 120
42 43
42 121
43 42
43 44
43 122
44 43
44 123
45 124
46 47
46 126
47 46
47 127
48 51
49 129
50 52
50 130
50 131
51 48
51 3
52 50
52 132
53 133
54 136
55 137
56 139
57 140
58 59
58 139
58 145
59 58
59 60
60 59
60 1
60 146
61 1
61 62
61 147
62 2
62 61
62 64
63 3
63 68
63 181
64 4
64 62
64 65
64 148
65 5
65 64
66 6
66 150
67 8
67 7
67 151
68 63
68 13
69 8
70 10
70 152
71 10
72 12
73 15
73 74
74 73
74 75
74 153
75 16
75 74
76 17
76 77
76 154
77 76
77 78
78 18
78 77
78 80
79 13
79 91
80 78
80 81
80 156
81 80
81 82
82 81
82 83
83 19
83 82
83 84
83 158
84 83
84 85
85 20
85 84
85 86
86 85
86 87
86 161
87 86
87 88
88 21
88 87
88 89
89 88
89 90
89 162
90 22
90 89
90 92
91 79
91 30
92 90
92 93
93 23
93 92
94 23
94 95
94 163
95 24
95 94
96 25
96 164
97 26
97 98
97 166
98 97
98 99
99 27
99 98
99 100
100 28
100 99
100 101
100 167
101 100
101 102
102 29
102 101
102 103
103 102
104 31
104 168
105 33
105 171
106 36
106 170
107 34
107 33
108 35
108 34
109 35
109 173
110 141
111 36
111 37
111 112
112 111
112 113
113 38
113 112
113 114
114 113
114 115
115 39
115 114
115 116
115 176
116 115
116 117
117 40
117 116
117 118
117 177
118 117
118 119
119 118
119 120
120 41
120 119
120 121
121 120
121 42
122 43
123 44
123 124
123 179
124 45
124 123
124 125
125 124
125 126
126 125
126 46
127 47
127 128
128 127
128 129
129 49
129 128
129 130
130 129
130 50
131 50
132 52
132 133
133 53
133 132
133 134
134 133
134 135
135 134
135 136
135 182
136 54
136 135
136 137
136 183
137 55
137 136
137 138
138 137
138 139
138 184
139 56
139 138
139 58
140 57
140 142
141 110
141 174
141 143
142 140
142 144
143 141
143 175
144 142
144 185
145 58
146 60
147 61
148 64
149 150
150 149
150 66
150 198
151 67
152 70
152 223
153 74
153 189
154 76
154 155
155 154
155 190
156 80
156 157
157 156
158 83
158 159
159 158
159 160
160 159
161 86
162 89
162 193
163 94
163 209
164 96
164 165
165 164
166 97
167 100
168 104
168 169
169 32
169 168
169 171
170 106
170 172
170 214
171 105
171 169
172 170
173 109
173 174
173 244
174 141
174 173
175 143
176 115
176 194
177 117
177 178
178 177
179 123
179 180
179 218
180 179
181 63
182 135
182 196
183 136
183 197
184 138
185 144
185 186
186 185
186 187
187 186
187 255
187 188
188 187
189 153
189 200
190 155
190 201
190 202
190 203
191 203
191 204
191 205
192 206
192 207
193 162
193 208
194 176
194 195
194 215
195 194
195 216
195 217
196 182
196 219
197 183
197 220
198 150
198 199
198 221
199 198
199 222
200 189
200 224
201 190
201 225
202 190
202 226
203 191
203 190
203 227
204 191
204 228
205 191
205 206
205 229
206 192
206 205
206 230
207 192
207 231
208 193
208 232
209 163
209 233
209 234
210 235
211 236
211 237
212 239
213 240
213 241
213 242
214 170
214 238
214 243
215 194
215 245
216 195
216 246
217 195
217 247
218 179
218 249
219 196
219 250
220 197
220 251
221 198
221 256
222 199
222 258
223 152
224 200
224 282
225 201
226 202
226 259
227 203
227 260
228 204
229 205
229 261
230 206
231 207
232 208
233 209
234 209
234 263
235 210
235 264
235 236
236 211
236 235
237 211
238 214
238 284
239 212
239 267
239 240
240 213
240 239
241 213
241 268
242 213
242 253
243 214
243 270
244 173
244 254
244 291
245 215
246 216
247 217
247 272
248 296
249 218
249 273
250 219
251 220
252 256
253 242
253 269
254 244
254 271
255 187
255 275
256 252
256 221
256 257
256 277
257 256
258 222
258 279
259 226
260 227
261 229
261 262
262 261
263 234
263 285
263 308
264 235
264 285
264 265
265 264
265 266
266 265
266 286
267 239
267 287
267 309
268 241
269 253
269 288
270 243
270 292
271 254
272 247
272 294
273 249
273 274
273 297
274 273
274 298
275 255
275 276
276 275
276 278
277 256
278 276
278 283
279 258
279 280
280 279
280 281
281 280
281 307
282 224
283 278
283 284
284 283
284 238
285 264
285 263
286 266
286 287
287 267
287 286
288 269
289 290
290 289
290 291
291 290
291 244
292 270
292 293
293 292
294 272
294 295
295 294
295 296
296 248
296 295
296 310
297 273
298 274
298 299
299 298
299 300
300 299
300 301
301 300
301 302
302 301
302 303
303 302
303 304
304 303
304 305
305 304
305 306
306 305
307 281
307 326
308 263
309 267
310 296
310 386
311 312
311 397
312 311
312 399
313 314
313 399
314 313
314 315
315 314
315 316
316 315
316 317
317 316
317 318
318 317
318 319
319 318
319 400
320 343
320 391
321 322
321 403
322 321
322 323
323 322
323 324
324 323
324 325
325 324
325 326
326 325
326 307
326 327
327 326
327 328
328 327
328 329
328 404
329 328
329 330
330 329
330 331
330 405
331 330
331 332
332 331
332 333
332 406
333 332
333 334
334 333
334 335
335 334
335 336
336 335
336 337
337 336
337 338
338 337
338 339
339 338
339 340
339 407
340 339
340 341
341 340
341 342
341 408
342 341
342 344
343 320
343 356
344 342
344 345
345 344
345 346
346 345
346 347
346 409
347 346
347 348
348 347
348 349
348 410
349 348
349 350
350 349
350 351
351 350
351 352
352 351
352 353
353 352
353 354
354 353
354 355
355 354
355 357
356 343
356 368
357 355
357 358
357 411
358 357
358 359
359 358
359 360
360 359
360 361
361 360
361 362
362 361
362 363
362 413
363 362
363 364
364 363
364 365
364 414
365 364
365 366
365 415
366 365
366 367
367 366
367 369
368 356
368 377
369 367
369 370
369 416
370 369
370 371
371 370
371 372
371 417
372 371
372 373
373 372
373 374
374 373
374 375
375 374
375 376
376 375
376 418
377 368
377 378
378 377
378 379
379 378
379 380
380 379
380 381
381 380
381 382
382 381
382 383
382 420
383 382
383 384
384 383
384 385
384 421
385 384
385 386
386 385
386 310
386 387
386 422
387 386
387 388
388 387
388 423
389 424
389 390
390 389
390 392
391 320
391 398
392 390
392 393
393 392
393 394
394 393
394 425
395 426
396 397
397 396
397 311
398 391
398 427
399 312
399 313
399 472
400 319
400 401
400 450
401 400
401 402
402 401
402 403
403 402
403 321
404 328
404 430
405 330
406 332
406 436
407 339
407 437
408 341
408 438
409 346
409 439
410 348
410 483
411 357
411 412
411 440
412 411
413 362
413 441
414 364
415 365
416 369
416 443
417 371
418 376
418 419
418 492
419 418
419 445
420 382
420 431
421 384
422 386
423 388
423 424
423 469
424 389
424 423
425 394
425 426
426 395
426 425
426 470
427 398
427 428
428 427
428 429
429 428
429 432
430 404
430 433
431 420
431 446
432 429
432 449
433 430
433 451
434 451
434 435
435 434
435 452
436 406
436 453
437 407
437 454
438 408
438 455
439 409
439 456
440 411
440 457
440 458
441 413
441 442
441 459
441 460
442 441
442 461
443 416
443 444
443 462
444 443
444 463
445 419
445 465
446 431
446 466
446 467
447 467
447 448
448 447
448 468
449 432
449 471
450 400
450 474
450 475
451 434
451 433
451 477
452 435
452 478
453 436
453 479
454 437
454 480
455 438
455 481
456 439
456 482
457 440
457 484
458 440
458 485
459 441
459 486
460 441
460 487
461 442
461 488
462 443
462 489
463 444
463 490
464 491
465 445
465 493
466 446
466 494
467 447
467 446
467 495
468 448
468 496
469 423
469 497
469 498
470 426
470 500
471 449
471 501
472 399
472 523
473 526
474 450
474 507
475 450
475 476
476 475
477 451
477 511
478 452
479 453
480 454
480 533
481 455
482 456
482 536
483 410
484 457
484 537
485 458
485 512
486 459
487 460
487 513
488 461
489 462
490 463
490 502
491 464
491 521
492 418
492 503
492 545
493 465
493 504
494 466
495 467
495 516
496 468
497 469
497 551
498 469
498 518
499 519
500 470
500 520
501 471
501 505
502 490
502 514
503 492
503 515
504 493
505 501
505 506
506 505
507 474
507 508
508 507
508 509
509 508
509 510
510 509
510 528
511 477
512 485
512 539
513 487
514 502
514 542
514 564
515 503
516 495
516 517
516 549
517 516
518 498
518 552
519 499
519 520
519 554
520 519
520 500
521 491
521 543
522 523
522 556
523 522
523 472
524 525
525 524
525 526
526 473
526 525
526 557
527 534
527 553
528 510
528 560
529 560
529 561
530 531
531 530
531 532
532 531
532 533
533 532
533 480
534 527
534 538
535 536
536 535
536 482
537 484
537 562
538 534
538 541
539 512
539 540
540 539
541 538
541 546
542 514
542 543
543 521
543 542
544 545
545 544
545 492
546 541
546 547
547 546
547 548
548 547
548 549
549 548
549 516
550 551
551 550
551 497
552 518
553 527
554 519
554 565
555 556
556 555
556 522
557 526
557 575
557 558
558 557
558 559
559 558
560 529
560 528
561 529
562 537
562 592
563 564
564 563
564 514
565 554
566 655
566 639
567 568
567 650
567 651
568 567
568 569
568 652
569 568
569 570
570 569
570 571
571 570
571 572
572 571
572 573
573 572
573 574
574 573
574 659
574 575
575 557
575 574
575 576
576 575
576 577
577 576
577 578
578 577
578 579
579 578
580 581
580 675
581 580
581 582
582 581
582 583
583 582
583 678
583 584
584 583
584 585
585 584
585 586
586 585
586 587
587 586
587 588
588 587
589 686
589 685
590 591
591 590
591 592
591 688
592 591
592 562
592 593
593 592
593 594
594 593
594 595
594 689
595 594
595 596
596 595
596 597
597 596
597 598
598 597
598 599
598 690
599 598
599 600
600 599
600 601
601 600
601 603
602 616
602 682
603 601
603 604
603 691
604 603
604 605
604 692
605 604
605 606
606 605
606 607
606 693
607 606
607 608
608 607
608 609
609 608
609 610
610 609
610 611
611 610
611 612
612 611
612 613
613 612
613 614
614 613
614 615
614 696
615 614
615 617
616 602
616 623
616 695
617 615
617 618
618 617
618 619
619 618
619 620
619 697
620 619
620 698
621 698
621 622
622 621
623 616
623 624
624 623
624 625
624 699
625 624
625 626
625 700
626 625
626 627
627 626
627 628
627 701
628 627
628 702
629 630
630 629
630 631
630 703
631 630
631 632
632 631
632 633
633 632
633 634
634 633
634 635
635 634
635 636
636 635
636 637
637 636
637 638
638 637
638 640
639 566
640 638
640 704
641 642
641 707
642 641
642 643
643 642
643 709
644 645
644 712
645 644
645 646
645 713
646 645
646 647
647 646
647 648
647 714
648 647
648 649
649 648
649 650
649 715
650 649
650 567
651 567
652 568
652 653
653 652
653 654
654 653
654 656
655 566
655 665
655 730
656 654
656 657
657 656
657 658
658 657
659 574
659 660
660 659
660 661
661 660
661 662
662 661
662 663
663 662
663 664
664 663
664 666
665 655
665 673
666 664
666 667
667 666
667 668
668 667
668 718
669 718
669 670
670 669
670 671
671 670
671 672
672 671
673 665
673 682
674 675
675 674
675 580
675 676
675 734
676 675
676 677
677 676
678 583
678 679
679 678
679 680
680 679
680 681
681 680
681 683
682 673
682 602
683 681
683 684
684 683
684 685
685 684
685 589
686 589
686 687
686 764
687 686
687 688
688 687
688 591
689 594
689 719
690 598
690 721
691 603
692 604
692 722
693 606
693 694
694 693
695 616
695 720
696 614
696 724
697 619
697 725
698 621
698 620
699 624
700 625
701 627
701 717
702 628
702 703
703 702
703 630
703 728
704 640
704 705
704 750
705 704
705 706
706 705
706 707
707 706
707 641
707 708
708 707
709 643
709 710
710 709
710 711
711 710
711 712
712 711
712 644
713 645
713 729
714 647
715 649
716 723
717 701
717 726
717 727
718 668
718 669
718 733
719 689
719 736
720 695
720 737
721 690
721 738
722 692
722 740
722 741
722 742
723 716
723 743
724 696
724 743
724 744
725 697
725 745
726 717
726 746
726 747
727 717
727 748
728 703
728 749
729 713
729 753
730 655
730 754
730 757
731 755
732 756
733 718
733 759
734 675
734 761
734 789
735 762
736 719
736 766
737 720
737 767
738 721
738 768
739 740
739 769
740 739
740 722
740 770
741 722
741 771
742 722
742 772
743 723
743 724
743 773
744 724
744 774
745 725
745 775
745 790
746 726
746 777
747 726
747 778
748 727
748 779
749 728
749 780
750 704
750 781
750 782
751 782
751 783
752 784
753 729
753 787
754 730
754 795
755 731
755 792
756 732
756 799
757 730
757 760
758 806
759 733
759 788
760 757
761 734
761 814
762 735
762 817
763 824
764 686
764 765
765 764
766 736
766 841
767 737
768 738
768 842
769 739
770 740
770 826
771 741
772 742
772 828
773 743
774 744
774 829
775 745
776 790
777 746
778 747
778 831
779 748
779 791
780 749
781 750
781 832
782 751
782 750
783 751
783 834
784 752
784 836
784 785
785 784
785 786
786 785
787 753
788 759
788 809
789 734
789 812
790 776
790 745
790 830
791 779
791 866
792 755
792 793
793 792
793 794
794 793
794 796
795 754
795 805
795 850
796 794
796 797
797 796
797 798
798 797
798 799
799 756
799 798
799 800
800 799
800 801
801 800
801 802
802 801
802 803
803 802
803 804
804 803
804 806
805 795
805 813
806 758
806 804
806 807
807 806
807 808
808 807
808 852
809 788
809 853
810 856
811 859
812 789
812 862
813 805
813 822
814 761
814 815
815 814
815 816
816 815
816 817
817 762
817 816
817 818
818 817
818 819
819 818
819 820
820 819
820 821
821 820
821 823
822 813
823 821
823 824
824 763
824 823
824 825
825 824
825 840
826 770
826 827
826 843
827 826
828 772
828 845
829 774
829 847
830 790
831 778
832 781
832 833
832 849
833 832
834 783
834 835
835 834
835 851
836 784
836 851
836 837
837 836
837 838
838 837
838 839
839 838
840 825
841 766
841 865
842 768
843 826
843 844
844 843
845 828
845 846
846 845
847 829
847 848
848 847
849 832
849 871
849 872
850 795
851 836
851 835
852 808
852 853
852 893
853 809
853 852
853 854
854 853
854 855
855 854
855 856
856 810
856 855
856 857
857 856
857 858
858 857
858 859
859 811
859 858
859 860
860 859
860 861
861 860
861 862
862 861
862 812
862 863
863 862
863 864
864 863
865 841
865 905
866 791
866 867
866 940
867 866
868 869
869 868
869 870
870 869
870 871
871 870
871 849
872 849
873 993
873 874
874 873
875 876
875 954
876 875
876 877
877 876
877 879
878 889
878 993
879 877
879 880
880 879
880 881
881 880
881 882
882 881
882 883
882 955
883 882
883 884
884 883
884 885
885 884
885 886
885 956
886 885
886 887
887 886
887 888
888 887
888 890
888 957
889 878
889 898
890 888
890 891
891 890
891 892
892 891
892 893
893 892
893 852
893 894
894 893
894 895
894 958
895 894
895 896
896 895
896 897
896 959
897 896
898 889
898 899
899 898
899 900
900 899
900 911
900 964
901 902
901 968
902 901
902 903
903 902
903 904
903 969
904 903
904 905
905 904
905 865
905 906
906 905
906 907
907 906
907 908
908 907
908 909
909 908
909 910
910 909
910 912
911 900
911 923
912 910
912 913
912 971
913 912
913 914
914 913
914 915
915 914
915 916
916 915
916 917
917 916
917 918
917 973
918 917
918 919
919 918
919 920
920 919
920 921
920 974
921 920
921 922
922 921
922 924
923 911
923 975
924 922
924 925
925 924
925 926
926 925
926 927
926 976
927 926
927 928
928 927
928 929
929 928
929 930
930 929
930 931
931 930
931 932
932 931
932 933
933 932
933 979
934 935
934 982
935 934
935 936
936 935
936 937
936 983
937 936
937 938
938 937
938 939
938 984
939 938
939 940
940 939
940 866
940 941
940 985
941 940
941 942
942 941
942 943
942 987
943 942
943 944
944 943
944 945
945 944
945 946
946 945
946 947
947 946
947 948
947 988
948 947
948 949
949 948
949 950
950 949
950 951
950 989
951 950
951 952
952 951
953 991
954 875
955 882
955 999
956 885
957 888
958 894
958 1000
959 896
960 1001
960 1002
961 1002
961 1003
962 1003
962 1004
963 1020
964 900
964 970
964 1018
965 966
966 965
966 967
966 1077
967 966
967 968
968 967
968 901
968 1047
969 903
970 964
971 912
971 972
971 1021
972 971
973 917
973 1023
974 920
974 1024
975 923
975 982
976 926
976 977
976 1025
977 976
977 978
978 977
979 933
979 980
979 1091
980 979
980 981
981 980
982 975
982 934
983 936
984 938
985 940
985 986
986 985
987 942
988 947
988 1030
988 1031
989 950
990 991
991 953
991 990
991 992
992 991
992 1006
993 873
993 878
993 1099
994 1006
994 1007
995 1007
995 1008
996 1008
996 1009
997 1009
997 998
998 997
998 1010
999 955
999 1011
1000 958
1000 1012
1001 960
1001 1014
1001 1015
1002 961
1002 960
1002 1016
1003 962
1003 961
1003 1017
1004 962
1004 1019
1005 1020
1006 992
1006 994
1006 1062
1006 1032
1007 995
1007 994
1007 1033
1008 996
1008 995
1008 1034
1009 997
1009 996
1009 1035
1010 998
1010 1036
1011 999
1011 1037
1012 1000
1012 1038
1012 1069
1013 1038
1013 1039
1014 1001
1014 1039
1015 1001
1015 1040
1016 1002
1016 1041
1017 1003
1017 1042
1018 964
1018 1043
1018 1046
1019 1004
1019 1044
1020 963
1020 1005
1020 1045
1021 971
1021 1048
1021 1050
1022 1046
1022 1049
1023 973
1023 1051
1024 974
1024 1052
1025 976
1025 1053
1025 1054
1026 1055
1027 1055
1027 1028
1027 1056
1028 1027
1028 1057
1028 1058
1029 1058
1029 1059
1030 988
1030 1060
1031 988
1031 1061
1032 1006
1032 1063
1033 1007
1033 1064
1034 1008
1034 1065
1035 1009
1035 1066
1036 1010
1036 1067
1037 1011
1037 1068
1038 1013
1038 1012
1038 1070
1039 1014
1039 1013
1040 1015
1040 1071
1041 1016
1041 1072
1042 1017
1042 1074
1043 1018
1043 1073
1044 1019
1044 1075
1045 1020
1045 1076
1046 1022
1046 1018
1046 1078
1047 968
1047 1079
1047 1080
1048 1021
1048 1081
1049 1022
1049 1082
1049 1089
1050 1021
1050 1083
1050 1084
1051 1023
1051 1085
1052 1024
1052 1086
1053 1025
1053 1087
1054 1025
1054 1088
1055 1026
1055 1027
1055 1089
1055 1093
1056 1027
1056 1094
1057 1028
1057 1095
1058 1029
1058 1028
1058 1096
1059 1029
1059 1097
1060 1030
1060 1098
1061 1031
1061 1100
1062 1006
1062 1108
1062 1101
1063 1032
1063 1102
1064 1033
1064 1103
1065 1034
1065 1104
1066 1035
1066 1105
1067 1036
1068 1037
1068 1110
1069 1012
1070 1038
1070 1113
1071 1040
1071 1106
1072 1041
1073 1043
1073 1129
1074 1042
1075 1044
1076 1045
1076 1077
1077 1076
1077 966
1078 1046
1078 1116
1079 1047
1079 1115
1080 1047
1081 1048
1082 1049
1083 1050
1083 1117
1084 1050
1085 1051
1086 1052
1087 1053
1087 1133
1088 1054
1088 1118
1089 1055
1089 1049
1090 1136
1091 979
1091 1092
1091 1120
1092 1091
1093 1055
1094 1056
1095 1057
1096 1058
1096 1123
1097 1059
1098 1060
1099 993
1100 1061
1100 1107
1101 1062
1102 1063
1102 1109
1103 1064
1104 1065
1105 1066
1106 1071
1106 1114
1106 1144
1107 1100
1107 1124
1108 1062
1108 1138
1109 1102
1109 1127
1110 1068
1110 1111
1111 1110
1111 1112
1112 1111
1113 1070
1113 1143
1114 1106
1115 1079
1115 1130
1116 1078
1117 1083
1117 1162
1118 1088
1118 1119
1119 1118
1119 1134
1120 1091
1120 1121
1121 1120
1121 1122
1122 1121
1123 1096
1123 1163
1124 1107
1124 1137
1124 1167
1125 1126
1126 1125
1126 1127
1127 1126
1127 1109
1127 1168
1128 1129
1129 1128
1129 1073
1130 1115
1130 1131
1131 1130
1131 1158
1132 1133
1133 1132
1133 1087
1134 1119
1134 1135
1135 1134
1135 1136
1136 1090
1136 1135
1137 1124
1137 1138
1138 1108
1138 1137
1139 1178
1139 1140
1140 1139
1140 1141
1141 1140
1141 1142
1142 1141
1142 1179
1143 1113
1144 1106
1144 1145
1145 1144
1145 1146
1146 1145
1146 1147
1147 1146
1147 1148
1148 1147
1148 1149
1148 1199
1149 1148
1149 1150
1150 1149
1150 1151
1151 1150
1151 1152
1152 1151
1152 1153
1153 1152
1153 1154
1154 1153
1154 1155
1155 1154
1155 1156
1156 1155
1156 1157
1157 1156
1158 1131
1158 1159
1159 1158
1159 1160
1160 1159
1160 1161
1161 1160
1162 1117
1163 1123
1163 1164
1163 1251
1164 1163
1164 1165
1165 1164
1166 1167
1167 1166
1167 1124
1168 1127
1168 1169
1169 1168
1169 1170
1170 1169
1170 1171
1171 1170
1171 1172
1172 1171
1172 1173
1173 1172
1173 1174
1174 1173
1174 1175
1174 1271
1175 1174
1175 1176
1176 1175
1176 1177
1177 1176
1177 1178
1178 1139
1178 1177
1179 1142
1179 1180
1180 1179
1180 1181
1181 1180
1181 1182
1181 1273
1182 1181
1182 1183
1183 1182
1183 1184
1184 1183
1184 1185
1184 1274
1185 1184
1185 1186
1186 1185
1186 1187
1187 1186
1187 1276
1188 1277
1188 1189
1189 1188
1189 1190
1190 1189
1190 1191
1191 1190
1191 1192
1192 1191
1192 1193
1192 1280
1193 1192
1193 1194
1194 1193
1194 1281
1195 1282
1195 1196
1196 1195
1196 1197
1197 1196
1197 1198
1198 1197
1199 1148
1199 1200
1200 1199
1200 1202
1201 1208
1202 1200
1202 1203
1203 1202
1203 1204
1204 1203
1204 1283
1205 1283
1205 1206
1206 1205
1206 1207
1207 1206
1207 1209
1208 1201
1208 1215
1209 1207
1209 1210
1209 1285
1210 1209
1210 1211
1211 1210
1211 1212
1212 1211
1212 1213
1213 1212
1213 1214
1214 1213
1214 1216
1215 1208
1215 1223
1215 1284
1216 1214
1216 1217
1217 1216
1217 1218
1218 1217
1218 1219
1218 1286
1219 1218
1219 1220
1220 1219
1220 1221
1221 1220
1221 1222
1221 1290
1222 1221
1223 1215
1223 1230
1224 1225
1224 1292
1225 1224
1225 1226
1226 1225
1226 1227
1227 1226
1227 1228
1228 1227
1228 1229
1229 1228
1229 1231
1230 1223
1230 1236
1231 1229
1231 1294
1231 1232
1232 1231
1232 1233
1233 1232
1233 1234
1234 1233
1234 1235
1235 1234
1235 1237
1236 1230
1236 1240
1236 1293
1237 1235
1237 1238
1237 1296
1238 1237
1238 1297
1239 1298
1239 1241
1240 1236
1240 1242
1241 1239
1242 1240
1242 1243
1243 1242
1243 1244
1244 1243
1244 1245
1245 1244
1245 1246
1246 1245
1246 1247
1247 1246
1247 1248
1248 1247
1248 1249
1249 1248
1249 1250
1250 1249
1250 1251
1251 1250
1251 1163
1251 1252
1252 1251
1252 1253
1253 1252
1253 1254
1254 1253
1254 1255
1254 1299
1255 1254
1255 1256
1255 1300
1256 1255
1256 1257
1257 1256
1257 1258
1258 1257
1258 1301
1259 1303
1259 1260
1260 1259
1260 1261
1261 1260
1261 1262
1261 1304
1262 1261
1262 1263
1263 1262
1263 1264
1263 1305
1264 1263
1264 1265
1265 1264
1265 1266
1265 1306
1266 1265
1266 1267
1267 1266
1267 1268
1267 1307
1268 1267
1268 1269
1269 1268
1269 1270
1269 1309
1270 1269
1271 1174
1271 1272
1272 1271
1272 1310
1273 1181
1273 1312
1274 1184
1275 1322
1276 1187
1276 1277
1277 1188
1277 1276
1277 1278
1278 1277
1278 1279
1279 1278
1279 1313
1280 1192
1281 1194
1281 1282
1282 1195
1282 1281
1282 1325
1283 1205
1283 1204
1283 1379
1284 1215
1284 1289
1284 1326
1285 1209
1285 1314
1286 1218
1286 1287
1286 1329
1287 1286
1287 1288
1288 1287
1288 1315
1289 1284
1290 1221
1291 1316
1291 1317
1292 1224
1292 1318
1293 1236
1294 1231
1294 1337
1294 1295
1295 1294
1296 1237
1296 1363
1297 1238
1297 1298
1298 1239
1298 1297
1299 1254
1300 1255
1300 1320
1301 1258
1301 1302
1302 1301
1302 1303
1302 1342
1303 1259
1303 1302
1304 1261
1305 1263
1306 1265
1307 1267
1308 1343
1309 1269
1310 1272
1310 1311
1310 1370
1311 1310
1312 1273
1312 1321
1313 1279
1313 1323
1314 1285
1314 1327
1315 1288
1315 1330
1316 1291
1316 1331
1316 1332
1317 1291
1317 1334
1318 1292
1318 1335
1319 1336
1320 1300
1320 1339
1320 1341
1321 1312
1321 1345
1322 1275
1322 1326
1322 1344
1323 1313
1323 1347
1324 1347
1324 1348
1325 1282
1325 1376
1326 1322
1326 1284
1326 1349
1326 1352
1327 1314
1327 1350
1328 1350
1328 1351
1329 1286
1329 1353
1329 1354
1330 1315
1330 1355
1331 1316
1331 1355
1332 1316
1332 1356
1333 1352
1333 1357
1334 1317
1334 1358
1335 1318
1335 1359
1336 1319
1336 1360
1337 1294
1337 1360
1337 1338
1337 1361
1338 1337
1338 1362
1339 1320
1339 1365
1340 1369
1341 1320
1341 1366
1342 1302
1342 1368
1343 1308
1343 1344
1343 1369
1344 1343
1344 1322
1344 1405
1345 1321
1345 1372
1346 1373
1347 1324
1347 1323
1347 1374
1348 1324
1348 1375
1349 1326
1349 1377
1350 1328
1350 1327
1350 1381
1351 1328
1352 1333
1352 1326
1352 1382
1353 1329
1353 1383
1353 1384
1354 1329
1354 1385
1355 1331
1355 1330
1355 1386
1356 1332
1356 1387
1357 1333
1357 1388
1358 1334
1358 1389
1359 1335
1359 1390
1360 1336
1360 1337
1360 1391
1361 1337
1361 1392
1362 1338
1362 1393
1363 1296
1363 1364
1363 1394
1364 1363
1364 1395
1364 1396
1365 1339
1365 1398
1365 1399
1366 1341
1366 1367
1366 1400
1367 1366
1367 1401
1368 1342
1368 1402
1369 1340
1369 1343
1370 1310
1370 1403
1371 1431
1372 1345
1372 1406
1373 1346
1373 1409
1374 1347
1374 1411
1374 1412
1375 1348
1375 1413
1376 1325
1377 1349
1378 1379
1378 1435
1379 1378
1379 1283
1379 1380
1380 1379
1381 1350
1381 1416
1382 1352
1382 1420
1383 1353
1384 1353
1385 1354
1385 1418
1386 1355
1387 1356
1387 1404
1388 1357
1389 1358
1390 1359
1391 1360
1391 1422
1392 1361
1393 1362
1394 1363
1394 1423
1395 1364
1396 1364
1397 1398
1398 1397
1398 1365
1399 1365
1400 1366
1400 1426
1401 1367
1402 1368
1403 1370
1403 1430
1404 1387
1405 1344
1405 1429
1406 1372
1407 1408
1408 1407
1408 1409
1409 1373
1409 1408
1409 1410
1410 1409
1410 1411
1411 1410
1411 1374
1412 1374
1413 1375
1413 1414
1414 1413
1414 1415
1415 1414
1415 1432
1416 1381
1416 1417
1417 1416
1417 1436
1418 1385
1418 1419
1419 1418
1419 1421
1420 1382
1420 1444
1421 1419
1421 1450
1422 1391
1422 1440
1423 1394
1423 1424
1423 1442
1424 1423
1424 1425
1425 1424
1425 1443
1426 1400
1426 1427
1427 1426
1427 1428
1428 1427
1429 1405
1430 1403
1430 1431
1430 1465
1431 1371
1431 1430
1432 1415
1433 1434
1434 1433
1434 1435
1435 1434
1435 1378
1436 1417
1436 1437
1437 1436
1437 1438
1438 1437
1438 1449
1439 1459
1439 1440
1440 1422
1440 1439
1441 1442
1442 1441
1442 1423
1443 1425
1443 1460
1444 1420
1444 1445
1445 1444
1445 1446
1446 1445
1446 1447
1447 1446
1447 1448
1448 1447
1448 1461
1449 1438
1449 1474
1450 1421
1450 1451
1451 1450
1451 1452
1452 1451
1452 1453
1453 1452
1453 1454
1454 1453
1454 1455
1455 1454
1455 1456
1456 1455
1456 1457
1457 1456
1457 1458
1457 1475
1458 1457
1458 1459
1459 1439
1459 1458
1460 1443
1461 1448
1461 1462
1462 1461
1462 1463
1463 1462
1463 1464
1464 1463
1465 1430
1466 1468
1466 1483
1467 1470
1468 1466
1468 1469
1469 1468
1469 1471
1470 1467
1470 1478
1471 1469
1471 1472
1472 1471
1472 1473
1473 1472
1473 1474
1474 1473
1474 1449
1475 1457
1475 1476
1476 1475
1476 1477
1477 1476
1478 1470
1478 1479
1479 1478
1479 1480
1480 1479
1480 1481
1481 1480
1481 1482
1482 1481
1482 1483
1483 1482
1483 1466

