weight: 1180
edges: 
1 2
1 19
2 1
2 3
2 20
3 2
3 4
4 3
5 22
5 6
6 5
6 7
7 6
7 24
8 30
8 31
9 10
9 48
10 9
10 11
11 10
11 12
12 11
12 13
12 41
13 12
13 14
14 13
14 15
15 14
15 16
16 15
16 17
17 16
17 18
18 17
18 19
18 42
19 18
19 1
19 43
20 2
20 21
21 20
21 22
22 5
22 21
22 23
23 22
24 7
24 25
25 24
25 44
26 46
27 47
27 28
28 27
28 29
29 28
29 30
30 8
30 29
31 8
31 32
32 31
32 33
33 32
33 34
34 33
34 35
35 34
35 36
36 35
36 37
37 36
37 38
38 37
38 39
39 38
39 40
40 39
40 49
41 12
41 52
42 18
42 53
43 19
43 56
44 25
44 45
44 57
45 44
45 46
46 26
46 45
46 47
47 27
47 46
48 9
48 70
49 40
49 50
49 68
50 49
50 51
51 50
51 72
52 41
52 54
53 42
53 55
54 52
54 59
55 53
55 60
55 61
56 43
56 62
57 44
57 58
57 63
57 64
58 57
58 65
59 54
60 55
60 81
61 55
62 56
62 73
63 57
64 57
64 74
65 58
66 87
67 94
68 49
68 69
68 95
69 68
70 48
70 71
70 78
71 70
72 51
73 62
73 82
74 64
74 75
75 74
75 76
76 75
76 77
77 76
77 85
78 70
79 80
80 79
80 81
81 80
81 60
81 96
82 73
82 83
83 82
83 84
84 83
85 77
85 86
86 85
86 87
87 66
87 86
87 97
88 97
88 89
89 88
89 90
90 89
90 91
91 90
91 92
92 91
92 93
92 115
93 92
93 94
94 67
94 93
95 68
96 81
96 100
97 88
97 87
98 99
98 135
99 98
99 123
100 96
100 101
100 125
101 100
101 102
102 101
102 126
103 128
103 104
104 103
104 105
105 104
105 106
105 129
106 105
106 107
107 106
107 108
107 130
108 107
108 109
109 108
109 110
109 131
110 109
110 111
111 110
111 112
111 132
112 111
112 113
113 112
113 114
113 133
114 113
115 92
115 116
116 115
116 122
117 122
117 118
118 117
118 119
118 134
119 118
119 120
120 119
120 121
120 136
121 120
122 117
122 116
123 99
123 124
124 123
124 125
125 124
125 100
126 102
126 127
127 126
127 128
127 140
128 103
128 127
129 105
130 107
131 109
131 141
132 111
133 113
133 155
134 118
134 139
135 98
135 158
136 120
136 137
137 136
137 138
138 137
139 134
139 142
140 127
140 145
140 146
141 131
141 147
142 139
142 148
143 148
143 149
144 149
144 157
145 140
145 152
146 140
146 153
147 141
147 154
148 143
148 142
148 156
149 144
149 143
150 160
150 151
151 150
152 145
152 163
153 146
154 147
155 133
156 148
156 165
157 144
158 135
158 159
158 166
159 158
160 150
160 161
161 160
161 162
162 161
162 168
163 152
163 164
163 169
164 163
165 156
165 167
165 171
166 158
167 165
168 162
168 169
169 168
169 163
170 171
170 190
171 170
171 165
172 173
172 189
173 172
173 174
173 195
174 173
174 175
175 174
175 176
176 175
176 177
177 176
177 178
177 204
178 177
178 179
179 178
179 180
180 179
180 196
181 182
182 181
182 183
183 182
183 184
184 183
184 197
184 185
185 184
185 186
186 185
186 187
187 186
187 188
188 187
189 172
190 170
190 191
190 198
190 199
191 190
191 192
192 191
192 193
193 192
193 194
194 193
195 173
195 205
196 180
196 207
196 206
197 184
197 212
198 190
198 208
199 190
199 209
199 210
200 225
200 201
201 200
201 202
202 201
202 203
203 202
204 177
204 216
205 195
205 215
206 196
206 211
207 196
207 219
208 198
208 213
209 199
209 214
210 199
210 224
211 206
211 217
211 218
212 197
212 220
213 208
213 221
213 222
214 209
214 223
215 205
216 204
216 228
217 211
217 229
218 211
219 207
219 220
220 212
220 219
220 236
221 213
222 213
222 230
223 214
224 210
224 225
225 200
225 224
225 226
226 225
226 227
226 238
227 226
228 216
228 233
229 217
229 234
229 235
230 222
230 237
231 232
232 231
232 245
232 241
233 228
234 229
235 229
235 248
236 220
236 242
237 230
237 253
238 226
238 239
239 238
239 240
240 239
241 232
242 236
242 243
243 242
243 244
244 243
244 251
245 232
245 246
246 245
246 259
247 248
248 247
248 235
248 249
248 266
249 248
249 250
250 249
251 244
251 252
252 251
252 253
253 252
253 237
253 254
254 253
254 255
255 254
255 272
256 257
256 271
257 256
257 258
257 279
258 257
258 259
259 246
259 258
259 260
260 259
260 280
261 262
261 281
262 261
262 263
263 262
263 264
264 263
264 265
265 264
265 266
266 265
266 248
266 267
266 285
267 266
267 268
268 267
268 269
269 268
269 270
270 269
270 282
271 256
272 255
272 273
273 272
273 274
274 273
274 275
275 274
275 276
276 275
276 277
277 276
277 278
278 277
279 257
279 286
280 260
280 281
281 280
281 261
281 287
282 270
282 283
282 284
283 282
284 282
284 295
285 266
285 294
286 279
286 289
287 281
287 291
287 292
287 293
288 295
288 296
288 297
289 286
289 299
290 291
291 290
291 287
291 300
292 287
292 301
293 287
294 285
294 302
295 288
295 284
295 298
296 288
296 304
297 288
298 295
298 303
299 289
299 305
299 308
300 291
301 292
302 294
303 298
304 296
305 299
305 306
305 317
306 305
306 307
307 306
307 313
308 299
309 314
309 315
310 315
310 311
311 310
311 316
312 316
313 307
314 309
314 322
315 310
315 309
316 312
316 311
316 324
317 305
317 318
317 328
317 337
318 317
319 329
319 320
319 330
320 319
321 332
322 314
322 323
323 322
323 326
324 316
324 325
325 324
325 327
326 323
326 370
327 325
327 338
328 317
328 342
328 343
329 319
329 343
330 319
330 344
330 345
331 345
332 321
332 339
333 339
333 340
334 348
335 349
336 337
337 336
337 317
338 327
338 371
339 332
339 333
339 346
340 333
340 347
341 348
342 328
342 350
343 329
343 328
343 351
344 330
344 352
345 331
345 330
345 353
346 339
346 355
347 340
347 356
348 334
348 341
348 357
349 335
349 358
350 342
350 359
351 343
351 360
352 344
352 361
353 345
353 362
354 364
354 363
355 346
355 364
356 347
356 365
357 348
357 367
358 349
358 368
359 350
359 381
360 351
360 372
361 352
362 353
362 373
363 354
364 354
364 355
364 374
365 356
366 380
367 357
367 375
368 358
368 375
369 379
370 326
370 408
371 338
371 382
372 360
372 376
373 362
373 377
374 364
374 378
375 367
375 368
375 379
376 372
376 386
377 373
377 390
378 374
378 392
378 393
379 369
379 375
379 404
380 366
380 381
380 383
381 380
381 359
382 371
382 384
382 410
383 380
384 382
385 386
386 385
386 376
386 387
387 386
387 388
388 387
389 390
390 389
390 377
390 391
391 390
391 392
392 378
392 391
393 378
393 394
394 393
394 395
395 394
395 396
396 395
396 397
397 396
397 398
397 411
398 397
398 399
399 398
399 400
400 399
400 401
401 400
401 402
402 401
402 403
403 402
403 404
404 379
404 403
404 405
405 404
405 406
406 405
406 407
407 406
407 408
408 370
408 407
409 410
410 409
410 382
411 397

