mst-weight: 1180
improvements: 82
initial-cycle-weight: 1950
final-cycle-weight: 1435
203
202
201
200
194
193
192
191
199
209
214
223
210
224
225
226
227
238
239
240
278
277
276
275
274
273
272
255
254
237
253
252
251
244
243
242
236
220
219
207
249
250
267
268
269
270
282
283
288
296
297
304
303
298
295
284
302
294
285
266
265
264
263
262
261
281
287
292
293
301
291
300
313
307
306
305
318
328
329
330
319
320
331
321
332
354
363
374
364
355
346
339
333
340
347
356
365
334
341
348
357
367
379
375
368
358
349
335
369
326
323
322
314
309
315
310
311
316
312
324
325
327
338
371
382
384
410
409
370
408
407
406
405
404
403
402
401
400
399
398
411
397
396
395
394
393
378
392
391
389
390
377
373
362
353
345
344
352
361
388
387
385
386
376
372
360
351
343
342
350
359
381
380
383
366
336
337
317
308
299
289
286
290
280
260
259
258
257
279
256
271
246
245
241
232
231
189
172
215
205
195
173
174
175
176
177
178
179
180
204
216
228
233
234
247
248
235
229
217
218
211
206
196
181
182
183
184
185
186
187
188
197
212
221
230
222
213
208
198
190
170
171
165
167
156
148
142
139
155
133
114
113
112
132
111
110
109
131
141
147
154
130
108
107
106
129
105
104
103
128
140
146
153
164
163
169
168
162
161
160
150
151
152
145
127
126
102
101
96
81
80
79
100
125
124
123
99
98
135
158
166
159
78
71
70
48
9
10
11
59
54
52
41
12
13
14
15
16
17
18
42
53
55
61
60
82
83
84
73
62
56
43
19
1
2
3
4
20
21
22
23
5
6
7
24
25
26
46
45
44
58
65
64
57
63
74
75
76
77
85
86
87
97
88
89
90
91
66
47
27
28
29
30
8
31
32
33
34
35
36
37
38
39
40
49
50
51
72
69
68
95
67
94
93
92
115
116
122
117
118
119
120
121
138
137
136
134
143
149
144
157

improvements: 84
initial-cycle-weight: 1924
final-cycle-weight: 1436
374
364
355
346
339
333
340
347
356
365
334
341
348
357
367
379
375
368
358
349
335
369
370
326
323
322
314
309
315
310
311
316
312
324
325
327
338
371
382
384
410
409
408
407
406
405
404
403
402
401
400
399
398
411
397
396
395
394
393
378
392
391
389
390
377
373
362
353
345
361
352
344
330
320
319
329
376
388
387
386
385
372
360
351
343
328
342
350
359
381
380
383
366
336
337
317
318
313
307
306
305
299
308
289
286
279
257
258
259
260
280
290
291
300
301
293
292
287
281
261
262
263
264
265
266
247
234
204
216
228
233
246
256
271
245
241
232
231
189
172
215
205
195
173
174
175
176
177
178
179
180
181
182
183
184
197
185
186
187
188
198
208
213
221
222
230
237
223
214
209
199
190
191
192
193
194
170
171
165
167
156
148
142
139
155
133
114
113
112
132
111
110
109
131
141
147
154
130
108
107
106
129
105
104
103
128
140
146
153
164
163
169
168
162
161
160
150
151
152
145
127
126
102
101
96
81
80
79
100
125
124
123
99
98
135
158
166
159
78
71
70
48
9
10
11
59
54
52
41
12
13
14
15
16
17
18
42
53
55
61
60
82
83
84
73
62
56
43
19
1
2
3
4
20
21
22
23
5
6
7
24
25
26
46
45
44
58
65
64
57
63
74
75
76
77
85
86
87
97
88
89
90
91
66
47
27
28
29
30
8
31
32
33
34
35
36
37
38
39
40
49
50
51
72
69
68
95
67
94
93
92
115
116
122
117
118
119
120
121
138
137
136
134
143
149
144
157
203
202
201
200
210
224
225
226
227
238
239
240
278
277
276
275
274
273
272
255
254
253
252
251
244
243
242
236
220
212
219
207
196
206
211
218
217
229
235
248
249
250
267
268
269
270
282
283
288
296
297
304
303
298
295
284
285
294
302
321
332
331
354
363

improvements: 80
initial-cycle-weight: 1927
final-cycle-weight: 1429
231
232
241
245
246
271
256
279
257
258
259
260
280
290
286
289
299
308
337
336
366
383
380
381
359
350
342
343
351
360
372
376
386
385
387
388
361
352
344
345
353
362
373
377
390
389
391
392
378
393
394
395
396
397
411
398
399
400
401
402
403
404
405
406
407
408
370
409
410
384
382
371
338
327
325
324
312
316
311
310
315
309
314
322
323
326
369
335
349
358
368
375
379
367
357
348
341
334
365
356
347
340
333
339
346
355
364
374
363
354
332
321
331
330
320
319
329
328
318
317
305
306
307
313
300
291
301
293
292
287
281
261
262
263
264
265
285
294
302
284
295
298
303
304
297
296
288
283
282
270
269
268
267
266
247
248
249
250
235
234
229
217
218
211
206
196
207
219
212
220
236
242
243
244
251
252
253
254
255
272
273
274
275
276
277
278
240
239
238
227
226
225
224
210
200
201
202
203
157
144
149
143
134
136
137
138
121
120
119
118
117
122
116
115
92
93
94
67
95
68
69
72
51
50
49
40
39
38
37
36
35
34
33
32
31
8
30
29
28
27
47
66
91
90
89
88
97
87
86
85
77
76
75
74
63
57
64
65
58
44
45
46
26
25
24
7
6
5
23
22
21
20
4
3
2
1
19
43
56
62
84
83
82
73
96
80
79
81
60
61
55
53
42
18
17
16
15
14
13
12
41
52
54
59
11
10
9
48
70
71
78
159
166
158
135
98
99
123
124
125
100
101
102
126
145
152
151
150
160
161
162
168
169
163
164
153
146
140
127
128
103
104
105
129
106
107
108
130
154
147
141
131
109
110
111
132
112
113
114
133
155
139
142
148
156
167
165
171
170
194
193
192
191
190
199
209
214
223
237
230
222
221
213
208
198
188
187
186
185
197
184
183
182
181
180
179
178
177
204
216
228
233
176
175
174
173
195
205
215
172
189

improvements: 80
initial-cycle-weight: 1943
final-cycle-weight: 1427
27
28
29
30
8
31
32
33
34
35
36
37
38
39
40
49
50
51
72
69
68
95
67
94
93
119
120
121
136
137
138
157
144
149
143
167
194
193
192
191
199
210
224
225
226
200
201
202
203
227
238
239
240
278
277
276
275
274
273
272
255
254
253
252
251
244
243
242
236
220
219
207
250
249
248
247
266
267
268
269
270
282
283
288
296
297
304
303
298
295
284
302
294
285
265
264
263
262
261
281
287
292
293
301
291
300
313
307
306
305
317
318
328
329
330
319
320
331
321
332
354
363
374
364
355
346
339
333
340
347
356
365
334
341
348
357
367
379
375
368
358
349
335
369
370
326
323
322
314
309
315
310
311
316
312
324
325
327
338
371
382
384
410
409
408
407
406
405
404
403
402
401
400
399
398
411
397
396
395
394
393
378
392
391
390
389
377
373
362
353
345
344
352
361
388
387
385
386
376
372
360
351
343
342
350
359
381
380
383
366
336
337
308
299
289
286
290
280
260
259
258
257
279
256
271
246
245
241
232
231
189
172
215
205
195
173
174
175
176
177
178
179
180
204
216
228
233
234
235
229
217
218
211
206
196
181
182
183
184
185
186
187
188
197
212
221
208
213
222
230
237
223
214
209
198
190
170
171
165
156
148
142
139
134
118
117
122
116
115
92
91
90
89
88
66
58
65
57
64
74
75
76
77
85
86
87
97
114
155
133
113
112
132
111
110
109
131
141
147
154
130
108
107
106
129
105
104
103
128
127
126
102
101
145
152
140
146
153
164
163
169
168
162
161
160
151
150
158
166
159
135
98
99
123
124
125
100
96
81
80
79
78
71
70
48
9
10
11
59
54
52
41
12
13
14
15
16
17
18
42
53
55
60
61
56
62
73
82
83
84
63
43
19
1
2
3
4
20
21
22
23
5
6
7
24
25
44
45
46
47
26

improvements: 85
initial-cycle-weight: 1939
final-cycle-weight: 1425
48
9
10
11
12
13
14
15
16
17
18
1
2
3
4
5
6
7
24
23
22
21
20
19
43
56
62
73
82
83
84
63
64
57
58
65
74
75
76
77
66
47
46
45
44
25
26
27
28
29
30
8
31
32
33
34
35
36
37
38
39
40
49
50
51
72
69
68
95
67
94
93
119
120
121
136
137
138
157
144
149
143
167
194
193
192
191
199
210
224
225
226
200
201
202
203
227
238
239
240
278
277
276
275
274
273
272
255
254
253
252
251
244
243
242
236
220
219
207
249
250
267
268
269
270
282
283
288
296
297
304
303
298
295
284
302
294
285
266
265
264
263
262
261
281
287
292
293
301
291
300
313
307
306
305
318
328
329
330
319
320
331
321
332
354
363
374
364
355
346
339
333
340
347
356
365
334
341
348
357
367
379
375
368
358
349
335
369
326
323
322
314
309
315
310
311
316
312
324
325
327
338
371
382
384
410
409
370
408
407
406
405
404
403
402
401
400
399
398
411
397
396
395
394
393
378
392
391
390
389
377
373
362
353
345
344
352
361
388
387
385
386
376
372
360
351
343
342
350
359
381
380
383
366
336
337
317
308
299
289
286
290
280
260
259
258
257
279
256
271
246
245
241
232
231
189
172
215
205
195
173
174
175
176
177
178
179
180
204
216
228
233
234
247
248
235
229
217
218
211
206
196
181
182
183
184
185
186
187
188
197
212
221
208
213
222
230
237
223
214
209
198
190
170
171
165
156
148
142
139
134
118
117
122
116
115
92
91
90
89
88
97
87
86
85
114
155
133
113
112
132
111
110
109
131
141
147
154
130
108
107
106
129
105
104
103
128
127
126
102
101
145
152
140
146
153
164
163
169
168
162
161
160
151
150
166
159
158
135
98
99
123
124
125
100
96
81
80
79
60
61
55
53
42
41
52
54
59
70
78
71

improvements: 85
initial-cycle-weight: 1936
final-cycle-weight: 1421
48
9
10
11
41
12
13
14
15
16
60
61
55
53
42
17
18
1
2
3
4
5
6
7
24
23
22
21
20
19
43
56
62
73
82
83
84
63
64
57
58
65
74
75
76
77
66
47
46
45
44
25
26
27
28
29
30
8
31
32
33
34
35
36
37
38
39
40
49
50
51
72
69
68
95
67
94
93
119
120
121
136
137
138
157
144
149
143
167
194
193
192
191
199
210
224
225
226
200
201
202
203
227
238
239
240
278
277
276
275
274
273
272
255
254
253
252
251
244
243
242
236
220
219
207
249
250
267
268
269
270
282
283
288
296
297
304
303
298
295
284
302
294
285
266
265
264
263
262
261
281
287
292
293
301
291
300
313
307
306
305
318
328
329
330
319
320
331
321
332
354
363
374
364
355
346
339
333
340
347
356
365
334
341
348
357
367
379
375
368
358
349
335
369
326
323
322
314
309
315
310
311
316
312
324
325
327
338
371
382
384
410
409
370
408
407
406
405
404
403
402
401
400
399
398
411
397
396
395
394
393
378
392
391
390
389
377
373
362
353
345
344
352
361
388
387
385
386
376
372
360
351
343
342
350
359
381
380
383
366
336
337
317
308
299
289
286
290
280
260
259
258
257
279
256
271
246
245
241
232
231
189
172
215
205
195
173
174
175
176
177
178
179
180
204
216
228
233
234
247
248
235
229
217
218
211
206
196
181
182
183
184
185
186
187
188
197
212
221
208
213
222
230
237
223
214
209
198
190
170
171
165
156
148
142
139
134
118
117
122
116
115
92
91
90
89
88
97
87
86
85
114
155
133
113
112
132
111
110
109
131
141
147
154
130
108
107
106
129
105
104
103
128
127
126
102
101
145
152
140
146
153
164
163
169
168
162
161
160
151
150
166
159
158
135
98
99
123
124
125
100
96
81
80
79
59
54
52
70
78
71

improvements: 86
initial-cycle-weight: 1913
final-cycle-weight: 1446
316
311
310
315
309
314
322
369
335
349
358
368
375
379
367
357
348
341
334
365
356
347
340
333
339
346
355
364
374
363
354
331
332
321
302
294
285
284
295
298
303
304
297
296
288
283
282
270
269
268
267
250
249
248
235
234
229
217
218
211
206
196
207
219
212
220
236
242
243
244
251
252
253
254
255
272
273
274
275
276
277
278
240
239
238
227
226
225
224
210
200
201
202
203
157
144
149
143
134
136
137
138
121
120
119
118
117
122
116
115
92
93
94
67
95
68
69
72
51
50
49
40
39
38
37
36
35
34
33
32
31
8
30
29
28
27
47
66
91
90
89
88
97
87
86
85
77
76
75
74
63
57
64
65
58
44
45
46
26
25
24
7
6
5
23
22
21
20
4
3
2
1
19
43
56
62
84
83
82
73
61
60
55
53
42
18
17
16
15
14
13
12
41
52
54
59
11
10
9
48
70
71
78
159
166
158
135
98
99
123
124
125
79
80
81
96
100
101
102
126
145
152
151
150
160
161
162
168
169
163
164
153
146
140
127
128
103
104
105
129
106
107
108
130
154
147
141
131
109
110
111
132
112
113
114
133
155
139
142
148
156
167
165
171
170
194
193
192
191
190
199
209
214
223
237
230
222
221
213
208
198
188
187
186
185
197
184
183
182
181
180
179
178
177
176
175
174
173
195
172
189
231
232
241
245
271
256
246
215
205
204
216
228
233
247
266
265
264
263
262
261
281
287
292
293
301
300
291
290
280
260
259
258
257
279
286
289
308
299
305
306
307
313
318
317
328
336
337
342
350
359
366
383
380
381
385
386
387
388
376
372
360
351
343
329
319
320
330
344
352
361
345
353
362
373
377
389
390
391
392
378
393
394
395
396
397
411
398
399
400
401
402
403
404
405
406
407
408
370
326
323
324
325
327
338
371
409
410
382
384
312

improvements: 85
initial-cycle-weight: 1915
final-cycle-weight: 1439
81
60
61
55
53
42
18
43
19
20
21
22
23
44
45
46
47
66
65
58
64
57
63
74
75
76
77
85
86
87
97
88
89
90
91
92
115
116
122
117
118
134
139
142
148
156
165
171
170
190
198
209
214
223
237
230
222
213
208
221
212
197
188
187
186
185
184
183
182
181
196
206
211
218
217
229
235
234
233
228
216
204
180
179
178
177
176
175
174
173
195
205
215
172
189
231
232
241
245
246
271
256
279
257
258
259
260
280
290
286
289
299
308
337
336
366
383
380
381
359
350
342
343
351
360
372
376
386
385
387
388
361
352
344
345
353
362
373
377
390
389
391
392
378
393
394
395
396
397
411
398
399
400
401
402
403
404
405
406
407
408
409
410
384
382
371
338
327
325
324
312
316
311
310
315
309
314
322
323
326
370
369
335
349
358
368
375
379
367
357
348
341
334
365
356
347
340
333
339
346
355
364
374
363
354
332
321
331
330
320
319
329
328
318
317
305
306
307
313
300
291
301
293
292
287
281
261
262
263
264
265
285
294
302
284
295
298
303
304
297
296
288
283
282
270
269
268
267
266
247
248
249
250
207
219
220
236
242
243
244
251
252
253
254
255
272
273
274
275
276
277
278
240
239
238
227
203
202
201
200
226
225
224
210
199
191
192
193
194
167
143
149
144
157
138
137
136
121
120
119
93
94
67
95
68
69
72
51
50
49
40
39
38
37
36
35
34
33
32
31
8
30
29
28
27
26
25
24
7
6
5
4
3
2
1
17
16
15
14
13
12
41
52
54
59
11
10
9
48
70
71
78
159
166
158
135
98
99
123
124
125
100
101
102
126
145
152
151
150
160
161
162
168
169
163
164
153
146
140
127
128
103
104
105
129
106
107
108
130
154
147
141
131
132
155
133
114
113
112
111
110
109
84
83
82
73
62
56
96
80
79

improvements: 81
initial-cycle-weight: 1906
final-cycle-weight: 1438
80
81
96
101
102
126
127
145
152
151
150
160
161
162
168
169
163
164
153
146
140
128
103
104
105
129
106
107
108
130
154
147
141
131
109
110
111
132
112
113
133
155
114
85
86
87
97
88
89
90
91
92
115
116
122
117
118
134
139
142
148
156
165
171
170
190
198
209
214
223
237
230
222
213
208
221
212
197
188
187
186
185
184
183
182
181
196
206
211
218
217
229
235
248
247
234
233
228
216
204
180
179
178
177
176
175
174
173
195
205
215
172
189
231
232
241
245
246
271
256
279
257
258
259
260
280
290
286
289
299
308
317
337
336
366
383
380
381
359
350
342
343
351
360
372
376
386
385
387
388
361
352
344
345
353
362
373
377
390
389
391
392
378
393
394
395
396
397
411
398
399
400
401
402
403
404
405
406
407
408
409
410
384
382
371
338
327
325
324
312
316
311
310
315
309
314
322
323
326
370
369
335
349
358
368
375
379
367
357
348
341
334
365
356
347
340
333
339
346
355
364
374
363
354
332
321
331
330
320
319
329
328
318
305
306
307
313
300
291
301
293
292
287
281
261
262
263
264
265
266
285
294
302
284
295
298
303
304
297
296
288
283
282
270
269
268
267
250
249
207
219
220
236
242
243
244
251
252
253
254
255
272
273
274
275
276
277
278
240
239
238
227
203
202
201
200
226
225
224
210
199
191
192
193
194
167
143
149
144
157
138
137
136
121
120
119
93
94
67
95
68
69
72
51
50
49
40
39
38
37
36
35
34
33
32
31
8
30
29
28
27
26
25
44
45
46
47
58
65
66
77
76
75
74
64
57
63
84
83
82
73
62
56
61
60
55
53
42
18
43
19
20
21
22
23
24
7
6
5
4
3
2
1
17
16
15
14
13
12
41
52
54
59
11
10
9
48
70
71
78
159
166
158
135
98
99
123
124
125
100
79

improvements: 86
initial-cycle-weight: 1913
final-cycle-weight: 1446
316
311
310
315
309
314
322
323
369
335
349
358
368
375
379
367
357
348
341
334
365
356
347
340
333
339
346
355
364
374
363
354
331
332
321
302
294
285
284
295
298
303
304
297
296
288
283
282
270
269
268
267
250
249
248
235
234
229
217
218
211
206
196
207
219
212
220
236
242
243
244
251
252
253
254
255
272
273
274
275
276
277
278
240
239
238
227
226
225
224
210
200
201
202
203
157
144
149
143
134
136
137
138
121
120
119
118
117
122
116
115
92
93
94
67
95
68
69
72
51
50
49
40
39
38
37
36
35
34
33
32
31
8
30
29
28
27
47
66
91
90
89
88
97
87
86
85
77
76
75
74
63
57
64
65
58
44
45
46
26
25
24
7
6
5
23
22
21
20
4
3
2
1
19
43
56
62
84
83
82
73
61
60
55
53
42
18
17
16
15
14
13
12
41
52
54
59
11
10
9
48
70
71
78
159
166
158
135
98
99
123
124
125
79
80
81
96
100
101
102
126
145
152
151
150
160
161
162
168
169
163
164
153
146
140
127
128
103
104
105
129
106
107
108
130
154
147
141
131
109
110
111
132
112
113
114
133
155
139
142
148
156
167
165
171
170
194
193
192
191
190
199
209
214
223
237
230
222
221
213
208
198
188
187
186
185
197
184
183
182
181
180
179
178
177
176
175
174
173
195
172
189
231
232
241
245
271
256
246
215
205
204
216
228
233
247
266
265
264
263
262
261
281
287
292
293
301
300
291
290
280
260
259
258
257
279
286
289
308
299
305
306
307
313
318
317
328
336
337
342
350
359
366
383
380
381
385
386
387
388
376
372
360
351
343
329
319
320
330
344
352
361
345
353
362
373
377
389
390
391
392
378
393
394
395
396
397
411
398
399
400
401
402
403
404
405
406
407
408
370
326
324
325
327
338
371
409
410
382
384
312

improvements: 76
initial-cycle-weight: 1930
final-cycle-weight: 1433
70
48
9
10
11
59
54
52
41
12
13
14
15
16
17
18
42
53
55
61
60
81
79
80
96
82
83
84
73
62
56
43
19
1
2
3
4
20
21
22
23
5
6
7
24
25
26
44
45
46
47
27
28
29
30
8
31
32
33
34
35
36
37
38
39
40
49
50
51
72
69
68
95
67
94
93
119
120
121
136
137
138
157
144
149
143
167
194
193
192
191
199
210
224
225
226
200
201
202
203
227
238
239
240
278
277
276
275
274
273
272
255
254
253
252
251
244
243
242
236
220
219
207
249
250
267
268
269
270
282
283
288
296
297
304
303
298
295
284
302
294
285
266
265
264
263
262
261
281
287
292
293
301
291
300
313
307
306
305
318
328
329
330
319
320
331
321
332
354
363
374
364
355
346
339
333
340
347
356
365
334
341
348
357
367
379
375
368
358
349
335
369
326
323
322
314
309
315
310
311
316
312
324
325
327
338
371
382
384
410
409
370
408
407
406
405
404
403
402
401
400
399
398
411
397
396
395
394
393
378
392
391
389
390
377
373
362
353
345
344
352
361
388
387
385
386
376
372
360
351
343
342
350
359
381
380
383
366
336
337
317
308
299
289
286
290
280
260
259
258
257
279
256
271
246
245
241
232
231
189
172
215
205
195
173
174
175
176
177
178
179
180
204
216
228
233
234
247
248
235
229
217
218
211
206
196
181
182
183
184
185
186
187
188
197
212
221
208
213
222
230
237
223
214
209
198
190
170
171
165
156
148
142
139
134
118
117
122
116
115
92
91
90
89
88
66
65
58
64
57
63
74
75
76
77
85
86
87
97
114
155
133
113
112
132
111
110
109
131
141
147
154
130
108
107
106
129
105
104
103
128
140
146
153
164
163
169
168
162
161
160
150
151
152
145
127
126
102
101
100
125
124
123
99
98
135
158
166
159
78
71

improvements: 81
initial-cycle-weight: 1917
final-cycle-weight: 1449
189
172
195
173
174
175
176
177
178
179
180
181
182
183
184
197
185
186
187
188
198
199
190
191
192
193
194
170
171
165
167
156
148
142
139
155
133
114
113
112
132
111
110
109
131
141
147
154
130
108
107
106
129
105
104
103
128
140
146
153
164
163
169
168
162
161
160
150
151
152
145
127
126
102
101
100
125
124
123
99
98
135
158
166
159
78
71
70
48
9
10
11
59
54
52
41
12
13
14
15
16
17
18
42
53
55
61
60
81
79
80
96
82
83
84
73
62
56
43
19
1
2
3
4
20
21
22
23
5
6
7
24
25
26
46
45
44
58
65
64
57
63
74
75
76
77
85
86
87
97
88
89
90
91
66
47
27
28
29
30
8
31
32
33
34
35
36
37
38
39
40
49
50
51
72
69
68
95
67
94
93
92
115
116
122
117
118
119
120
121
138
137
136
134
143
149
144
157
200
201
202
203
227
240
239
238
226
225
224
210
223
214
209
208
213
221
222
230
237
278
277
276
275
274
273
272
255
254
253
252
251
244
243
242
236
220
212
219
207
196
206
211
218
217
229
234
235
248
249
250
267
268
269
270
282
283
288
296
297
304
303
298
295
284
302
294
285
266
265
264
263
262
261
247
233
228
216
204
205
215
246
258
259
260
280
281
287
292
293
301
300
291
290
313
307
306
305
318
328
329
330
319
320
331
321
332
354
363
374
364
355
346
339
333
340
347
356
365
334
341
348
357
367
379
375
368
358
349
335
369
370
326
323
322
314
309
315
310
311
316
312
324
325
327
338
371
382
384
410
409
408
407
406
405
404
403
402
401
400
399
398
411
397
396
395
394
393
378
392
391
390
389
377
373
362
353
345
344
352
361
388
387
385
386
376
372
360
351
343
342
350
359
381
380
383
366
336
337
317
308
299
289
286
279
257
256
271
245
241
232
231

improvements: 85
initial-cycle-weight: 1929
final-cycle-weight: 1435
326
323
322
314
309
315
310
311
316
312
324
325
327
338
371
382
384
410
409
370
408
407
406
405
404
403
402
401
400
399
398
411
397
396
395
394
393
378
392
391
390
389
377
373
362
353
345
361
352
344
330
320
319
329
376
388
387
386
385
372
360
351
343
328
342
350
359
381
380
383
366
336
337
317
318
313
307
306
305
299
308
289
286
279
257
258
259
260
280
290
291
300
301
293
292
287
281
261
262
263
264
265
266
247
234
204
216
228
233
246
256
271
245
241
232
231
189
172
215
205
195
173
174
175
176
177
178
179
180
181
182
183
184
197
185
186
187
188
198
208
213
221
222
230
237
223
214
209
199
190
191
192
193
194
170
171
165
167
156
148
142
139
155
133
114
113
112
132
111
110
109
131
141
147
154
130
108
107
106
129
105
104
103
128
140
146
153
164
163
169
168
162
161
160
150
151
152
145
127
126
102
101
96
81
80
79
100
125
124
123
99
98
135
158
166
159
78
71
70
48
9
10
11
59
54
52
41
12
13
14
15
16
17
18
42
53
55
61
60
82
83
84
73
62
56
43
19
1
2
3
4
20
21
22
23
5
6
7
24
25
26
46
45
44
58
65
64
57
63
74
75
76
77
85
86
87
97
88
89
90
91
66
47
27
28
29
30
8
31
32
33
34
35
36
37
38
39
40
49
50
51
72
69
68
95
67
94
93
92
115
116
122
117
118
119
120
121
138
137
136
134
143
149
144
157
203
202
201
200
210
224
225
226
227
238
239
240
278
277
276
275
274
273
272
255
254
253
252
251
244
243
242
236
220
212
219
207
196
206
211
218
217
229
235
248
249
250
267
268
269
270
282
283
288
296
297
304
303
298
295
284
285
294
302
321
332
331
354
363
374
364
355
346
339
333
340
347
356
365
334
341
348
357
367
379
375
368
358
349
335
369

improvements: 85
initial-cycle-weight: 1942
final-cycle-weight: 1427
5
6
7
24
23
22
21
20
43
56
62
73
82
83
84
63
64
57
58
65
74
75
76
77
66
47
46
45
44
25
26
27
28
29
30
8
31
32
33
34
35
36
37
38
39
40
49
50
51
72
69
68
95
67
94
93
119
120
121
136
137
138
157
144
149
143
167
194
193
192
191
199
210
224
225
226
200
201
202
203
227
238
239
240
278
277
276
275
274
273
272
255
254
253
252
251
244
243
242
236
220
219
207
249
250
267
268
269
270
282
283
288
296
297
304
303
298
295
284
302
294
285
266
265
264
263
262
261
281
287
292
293
301
291
300
313
307
306
305
318
328
329
330
319
320
331
321
332
354
363
374
364
355
346
339
333
340
347
356
365
334
341
348
357
367
379
375
368
358
349
335
369
370
326
323
322
314
309
315
310
311
316
312
324
325
327
338
371
382
384
410
409
408
407
406
405
404
403
402
401
400
399
398
411
397
396
395
394
393
378
392
391
390
389
377
373
362
353
345
344
352
361
388
387
385
386
376
372
360
351
343
342
350
359
381
380
383
366
336
337
317
308
299
289
286
290
280
260
259
258
257
279
256
271
246
245
241
232
231
189
172
215
205
195
173
174
175
176
177
178
179
180
204
216
228
233
234
247
248
235
229
217
218
211
206
196
181
182
183
184
185
186
187
188
197
212
221
208
213
222
230
237
223
214
209
198
190
170
171
165
156
148
142
139
134
118
117
122
116
115
92
91
90
89
88
97
87
86
85
114
155
133
113
112
132
111
110
109
131
141
147
154
130
108
107
106
129
105
104
103
128
127
126
102
101
145
152
140
146
153
164
163
169
168
162
161
160
151
150
166
159
158
135
98
99
123
124
125
100
96
81
80
79
78
71
70
48
9
10
59
54
52
41
11
12
13
14
15
16
60
61
55
53
42
17
18
19
1
2
3
4

improvements: 80
initial-cycle-weight: 1925
final-cycle-weight: 1435
248
249
250
235
234
229
217
218
211
206
196
207
219
212
220
236
242
243
244
251
252
253
254
255
272
273
274
275
276
277
278
240
239
238
227
226
225
224
210
200
201
202
203
157
144
149
143
134
136
137
138
121
120
119
118
117
122
116
115
92
93
94
67
95
68
69
72
51
50
49
40
39
38
37
36
35
34
33
32
31
8
30
29
28
27
47
66
91
90
89
88
97
87
86
85
77
76
75
74
63
57
64
65
58
44
45
46
26
25
24
7
6
5
23
22
21
20
4
3
2
1
19
43
56
62
84
83
82
73
61
60
55
53
42
18
17
16
15
14
13
12
41
52
54
59
11
10
9
48
70
71
78
159
166
158
135
98
99
123
124
125
79
80
81
96
100
101
102
126
145
152
151
150
160
161
162
168
169
163
164
153
146
140
127
128
103
104
105
129
106
107
108
130
154
147
141
131
109
110
111
132
112
113
114
133
155
139
142
148
156
167
165
171
170
194
193
192
191
190
199
209
214
223
237
230
222
221
213
208
198
188
187
186
185
197
184
183
182
181
180
179
178
177
204
216
228
233
176
175
174
173
195
205
215
172
189
231
232
241
245
246
271
256
279
257
258
259
260
280
290
286
289
299
308
337
336
366
383
380
381
359
350
342
343
351
360
372
376
386
385
387
388
361
352
344
345
353
362
373
377
389
390
391
392
378
393
394
395
396
397
411
398
399
400
401
402
403
404
405
406
407
408
409
410
384
382
371
338
327
325
324
312
316
311
310
315
309
314
322
323
326
370
369
335
349
358
368
375
379
367
357
348
341
334
365
356
347
340
333
339
346
355
364
374
363
354
332
321
331
330
320
319
329
328
318
317
305
306
307
313
300
291
301
293
292
287
281
261
262
263
264
265
266
285
294
302
284
295
298
303
304
297
296
288
283
282
270
269
268
267
247

improvements: 77
initial-cycle-weight: 1934
final-cycle-weight: 1452
189
172
215
205
195
173
174
175
176
233
228
216
204
177
178
179
180
181
182
183
184
197
185
186
187
188
198
199
190
191
192
193
194
170
171
165
167
156
148
142
139
155
133
114
113
112
132
111
110
109
131
141
147
154
130
108
107
106
129
105
104
103
128
140
146
153
164
163
169
168
162
161
160
150
151
152
145
127
126
102
101
96
81
80
79
100
125
124
123
99
98
135
158
166
159
78
71
70
48
9
10
11
59
54
52
41
12
13
14
15
16
17
18
42
53
55
61
60
82
83
84
73
62
56
43
19
1
2
3
4
20
21
22
23
5
6
7
24
25
26
46
45
44
58
65
64
57
63
74
75
76
77
85
86
87
97
88
89
90
91
66
47
27
28
29
30
8
31
32
33
34
35
36
37
38
39
40
49
50
51
72
69
68
95
67
94
93
92
115
116
122
117
118
119
120
121
138
137
136
134
143
149
144
157
200
201
202
203
227
240
239
238
226
225
224
210
223
214
209
208
213
221
222
230
237
278
277
276
275
274
273
272
255
254
253
252
251
244
243
242
236
220
212
219
207
196
206
211
218
217
229
234
235
250
249
248
247
267
268
269
270
282
283
288
296
297
304
303
298
295
284
302
294
285
266
265
264
263
262
261
281
287
292
293
301
291
300
313
307
306
305
318
328
329
330
319
320
331
321
332
354
363
374
364
355
346
339
333
340
347
356
365
334
341
348
357
367
379
375
368
358
349
335
369
370
326
323
322
314
309
315
310
311
316
312
324
325
327
338
371
382
384
410
409
408
407
406
405
404
403
402
401
400
399
398
411
397
396
395
394
393
378
392
391
390
389
377
373
362
353
345
344
352
361
388
387
385
386
376
372
360
351
343
342
350
359
381
380
383
366
336
337
317
308
299
289
286
290
280
260
259
258
257
279
256
271
246
245
241
232
231

improvements: 80
initial-cycle-weight: 1925
final-cycle-weight: 1435
248
249
250
235
234
229
217
218
211
206
196
207
219
212
220
236
242
243
244
251
252
253
254
255
272
273
274
275
276
277
278
240
239
238
227
226
225
224
210
200
201
202
203
157
144
149
143
134
136
137
138
121
120
119
118
117
122
116
115
92
93
94
67
95
68
69
72
51
50
49
40
39
38
37
36
35
34
33
32
31
8
30
29
28
27
47
66
91
90
89
88
97
87
86
85
77
76
75
74
63
57
64
65
58
44
45
46
26
25
24
7
6
5
23
22
21
20
4
3
2
1
19
43
56
62
84
83
82
73
61
60
55
53
42
18
17
16
15
14
13
12
41
52
54
59
11
10
9
48
70
71
78
159
166
158
135
98
99
123
124
125
79
80
81
96
100
101
102
126
145
152
151
150
160
161
162
168
169
163
164
153
146
140
127
128
103
104
105
129
106
107
108
130
154
147
141
131
109
110
111
132
112
113
114
133
155
139
142
148
156
167
165
171
170
194
193
192
191
190
199
209
214
223
237
230
222
221
213
208
198
188
187
186
185
197
184
183
182
181
180
179
178
177
204
216
228
233
176
175
174
173
195
205
215
172
189
231
232
241
245
246
271
256
279
257
258
259
260
280
290
286
289
299
308
337
336
366
383
380
381
359
350
342
343
351
360
372
376
386
385
387
388
361
352
344
345
353
362
373
377
389
390
391
392
378
393
394
395
396
397
411
398
399
400
401
402
403
404
405
406
407
408
409
410
384
382
371
338
327
325
324
312
316
311
310
315
309
314
322
323
326
370
369
335
349
358
368
375
379
367
357
348
341
334
365
356
347
340
333
339
346
355
364
374
363
354
332
321
331
330
320
319
329
328
318
317
305
306
307
313
300
291
301
293
292
287
281
261
262
263
264
265
266
285
294
302
284
295
298
303
304
297
296
288
283
282
270
269
268
267
247

improvements: 76
initial-cycle-weight: 1920
final-cycle-weight: 1448
246
245
241
232
231
189
172
215
205
195
173
174
175
176
233
228
216
204
177
178
179
180
181
182
183
184
197
185
186
187
188
198
199
190
191
192
193
194
170
171
165
167
156
148
142
139
155
133
114
113
112
132
111
110
109
131
141
147
154
130
108
107
106
129
105
104
103
128
140
146
153
164
163
169
168
162
161
160
150
151
152
145
127
126
102
101
100
125
124
123
99
98
135
158
166
159
78
71
70
48
9
10
11
59
54
52
41
12
13
14
15
16
17
18
42
53
55
61
60
81
79
80
96
82
83
84
73
62
56
43
19
1
2
3
4
20
21
22
23
5
6
7
24
25
26
46
45
44
58
65
64
57
63
74
75
76
77
85
86
87
97
88
89
90
91
66
47
27
28
29
30
8
31
32
33
34
35
36
37
38
39
40
49
50
51
72
69
68
95
67
94
93
92
115
116
122
117
118
119
120
121
138
137
136
134
143
149
144
157
200
201
202
203
227
240
239
238
226
225
224
210
223
214
209
208
213
221
222
230
237
278
277
276
275
274
273
272
255
254
253
252
251
244
243
242
236
220
212
219
207
196
206
211
218
217
229
234
235
250
249
248
247
267
268
269
270
282
283
288
296
297
304
303
298
295
284
266
265
264
263
262
261
285
294
302
321
332
331
354
363
374
364
355
346
339
333
340
347
356
365
334
341
348
357
367
379
375
368
358
349
335
369
370
326
323
322
314
309
315
310
311
316
312
324
325
327
338
371
382
384
410
409
408
407
406
405
404
403
402
401
400
399
398
411
397
396
395
394
393
378
392
391
389
390
377
373
362
353
345
361
352
344
330
320
319
329
376
388
387
386
385
372
360
351
343
328
342
350
359
381
380
383
366
336
337
317
318
313
307
306
305
299
308
289
286
290
291
300
301
293
292
287
281
280
260
259
258
257
279
256
271

improvements: 77
initial-cycle-weight: 1951
final-cycle-weight: 1451
200
201
202
203
227
240
239
238
226
225
224
210
199
209
214
223
278
277
276
275
274
273
272
255
254
237
253
252
251
244
243
242
236
220
219
207
249
250
267
268
269
270
282
283
288
296
297
304
303
298
295
284
302
294
285
266
265
264
263
262
261
281
287
292
293
301
291
300
313
307
306
305
318
328
329
330
319
320
331
321
332
354
363
374
364
355
346
339
333
340
347
356
365
334
341
348
357
367
379
375
368
358
349
335
369
370
326
323
322
314
309
315
310
311
316
312
324
325
327
338
371
382
384
410
409
408
407
406
405
404
403
402
401
400
399
398
411
397
396
395
394
393
378
392
391
389
390
377
373
362
353
345
344
352
361
388
387
385
386
376
372
360
351
343
342
350
359
381
380
383
366
336
337
317
308
299
289
286
290
280
260
259
258
257
279
256
271
246
245
241
232
231
189
172
215
205
195
173
174
175
176
177
178
179
180
204
216
228
233
234
247
248
235
229
217
218
211
206
196
181
182
183
184
185
186
187
188
197
212
221
230
222
213
208
198
190
191
192
193
194
170
171
165
167
156
148
142
139
155
133
114
113
112
132
111
110
109
131
141
147
154
130
108
107
106
129
105
104
103
128
140
146
153
164
163
169
168
162
161
160
150
151
152
145
127
126
102
101
96
81
80
79
100
125
124
123
99
98
135
158
166
159
78
71
70
48
9
10
11
59
54
52
41
12
13
14
15
16
17
18
42
53
55
61
60
82
83
84
73
62
56
43
19
1
2
3
4
20
21
22
23
5
6
7
24
25
26
46
45
44
58
65
64
57
63
74
75
76
77
85
86
87
97
88
89
90
91
66
47
27
28
29
30
8
31
32
33
34
35
36
37
38
39
40
49
50
51
72
69
68
95
67
94
93
92
115
116
122
117
118
119
120
121
138
137
136
134
143
149
144
157

improvements: 80
initial-cycle-weight: 1939
final-cycle-weight: 1451
231
232
241
245
246
271
256
279
257
258
259
260
280
290
286
289
299
308
337
336
366
383
380
381
359
350
342
343
351
360
372
376
386
385
387
388
361
352
344
345
353
362
373
377
390
389
391
392
378
393
394
395
396
397
411
398
399
400
401
402
403
404
405
406
407
408
370
409
410
384
382
371
338
327
325
324
312
316
311
310
315
309
314
322
323
326
369
335
349
358
368
375
379
367
357
348
341
334
365
356
347
340
333
339
346
355
364
374
363
354
332
321
331
330
320
319
329
328
318
317
305
306
307
313
300
291
301
293
292
287
281
261
262
263
264
265
285
294
302
284
295
298
303
304
297
296
288
283
282
270
269
268
267
266
249
250
219
212
220
236
242
243
244
251
252
253
254
255
272
273
274
275
276
277
278
237
230
222
221
213
208
209
214
223
210
224
225
226
238
239
240
227
203
202
201
200
157
144
149
143
134
136
137
138
121
120
119
118
117
122
116
115
92
93
94
67
95
68
69
72
51
50
49
40
39
38
37
36
35
34
33
32
31
8
30
29
28
27
47
66
91
90
89
88
97
87
86
85
77
76
75
74
63
57
64
65
58
44
45
46
26
25
24
7
6
5
23
22
21
20
4
3
2
1
19
43
56
62
84
83
82
73
61
60
55
53
42
18
17
16
15
14
13
12
41
52
54
59
11
10
9
48
70
71
78
159
166
158
135
98
99
123
124
125
79
80
81
96
100
101
102
126
145
152
151
150
160
161
162
168
169
163
164
153
146
140
127
128
103
104
105
129
106
107
108
130
154
147
141
131
109
110
111
132
112
113
114
133
155
139
142
148
156
167
165
171
170
194
193
192
191
190
199
198
188
187
186
185
197
184
183
182
181
207
196
206
211
218
217
229
235
248
247
234
233
228
216
204
180
179
178
177
176
175
174
173
195
205
215
172
189

