0.1 0.2 1405 1433.26 3.81981
230
222
213
208
198
209
214
223
210
224
225
226
238
239
240
227
203
202
201
200
194
193
192
191
199
190
170
171
165
167
157
144
149
143
148
156
142
139
134
136
137
138
121
120
119
118
117
122
116
115
92
93
94
67
95
68
69
72
51
50
49
40
39
38
37
36
35
34
33
32
31
8
30
29
28
27
47
46
45
44
26
25
24
23
7
6
5
22
21
20
4
3
2
1
19
18
17
16
15
14
13
12
41
52
54
59
11
10
9
48
70
71
78
79
80
81
96
60
61
55
53
42
43
56
62
73
82
83
84
63
64
57
58
65
74
75
76
77
66
91
90
89
88
97
87
86
85
114
155
133
113
112
132
111
110
109
131
141
147
154
130
108
107
106
129
105
104
103
128
127
126
102
101
100
125
124
123
99
98
135
159
166
158
150
151
160
161
162
168
169
163
152
145
140
146
153
164
181
182
183
184
185
186
187
188
197
212
220
219
207
196
206
211
218
217
229
235
250
249
248
247
234
233
228
216
204
180
179
178
177
176
175
174
173
195
205
215
172
189
231
232
241
245
246
271
256
279
257
258
259
260
280
290
286
289
308
299
305
306
307
313
300
291
301
293
292
287
281
261
262
263
264
265
294
302
285
266
267
268
269
270
283
282
284
295
298
303
288
296
297
304
335
369
379
375
368
358
349
367
357
348
341
334
365
356
347
340
333
339
346
355
364
374
363
354
332
321
331
330
320
319
329
328
318
317
337
336
366
383
380
381
359
350
342
343
351
360
372
376
386
385
387
388
361
352
344
345
353
362
373
377
389
390
391
392
378
393
394
395
396
397
411
398
399
400
401
402
403
404
405
406
407
408
370
326
323
322
314
309
315
310
311
316
324
325
327
338
371
409
410
382
384
312
278
277
276
275
274
273
272
255
254
237
253
252
251
244
243
242
236
221
