22821
23210
22693
23513
21917
21807
21740
21548
22121
21752
22040
22398
22103
22013
21555
22300
22420
23112
22515
22945
22654
22206
22168
22252
22657
20755
22455
22596
21908
22973
21890
21851
22487
23148
21875
22287
22180
23072
21908
22532
22071
22431
21341
22316
22894
23123
22466
23250
23105
23181
22926
22179
22572
22721
21711
22232
22286
21320
22284
22467
22607
22572
22811
21686
22213
22085
22896
22007
22723
23397
23073
22293
22501
22336
22417
22860
21909
21581
22772
22684
22274
22435
21797
21971
22930
22298
22197
22029
23238
21268
22183
23156
23392
22948
22070
22841
22531
23391
22628
21291
21048
22729
22509
22898
22392
22659
22385
22359
22522
23136
22463
23747
23156
22467
23104
21737
22342
22183
21758
23318
22180
22720
22549
22778
22727
22774
22078
22256
22738
21760
21906
22369
23314
22570
21989
22994
23097
22706
23214
21964
22550
22309
22809
22500
22299
23151
22303
22257
22018
23052
21843
22916
22642
22330
21540
22558
23062
21668
22370
23187
22774
22226
23240
23186
22269
22139
22986
22579
22752
22365
23256
23638
22260
22088
23437
22609
22652
22710
21994
21853
21680
22435
23044
22288
21759
21513
22726
22503
22064
21451
21959
22343
22160
21447
22489
22160
22353
22678
22796
22804
22312
21629
22650
22358
22388
22302
21687
21671
22156
22582
22358
21675
22261
22347
22393
22455
22135
21234
22486
22859
21843
22424
22718
22388
21828
22974
21465
21422
22331
22553
21670
20978
22658
22975
22886
22784
22793
22679
22414
21227
22273
22378
22951
22547
21876
21734
22550
22075
22948
21635
22233
22424
22592
22289
21789
22618
22438
21684
23075
22126
22653
21770
23943
22146
22161
22798
22221
22249
22812
21713
22699
22098
22841
21806
22417
22617
22283
22467
21847
22418
22867
22391
22461
22390
22067
21978
22435
22720
23000
22127
21937
22461
22923
22829
22653
22279
21576
22808
20997
22649
22714
22856
22307
22143
23010
22436
22591
22434
22383
22105
22126
22878
21881
22648
23080
21405
22587
23291
22653
22405
22980
22560
22751
22179
21569
21903
23353
22599
22288
21975
22628
22144
23331
21461
22277
21832
22792
21814
21560
22524
21464
21941
21851
22704
22541
22586
22769
23072
22287
23361
21936
22402
22500
22850
22705
22231
22746
22178
22254
22202
23007
23103
22058
22716
22970
21979
22071
22751
22319
21614
22801
21863
21957
21918
22218
22223
22116
21880
22592
22307
22750
23166
22725
22302
22154
21337
22320
22413
22387
22814
22244
21963
23717
22368
22285
22174
22475
22802
22315
22654
22523
22210
21057
23334
23770
22984
21720
21278
22362
21725
21584
22611
22246
21826
22676
22553
21801
23711
22274
22756
22681
22673
22649
22667
21982
22418
22432
22066
21427
22034
21988
22377
22567
22103
22674
22209
21835
22655
22553
22173
23929
22025
23169
22008
22880
22577
21532
21359
22116
21779
22945
22269
22452
22386
23132
21890
22150
22893
22275
22163
22833
21501
22490
22570
22744
22692
21966
23295
22166
22386
21790
23060
22924
22476
22501
23747
21815
22532
22086
22024
22552
22170
23007
22136
22086
22341
22211
22964
21658
22171
22886
22681
22456
21986
22122
21799
22777
22231
21952
22344
22613
22525
22234
22214
22586
22457
22383
21752
22728
22990
22498
22235
22858
22371
22538
22563
22400
22295
22614
22226
22549
21795
22112
22852
21908
22513
22759
22239
21538
22474
22627
22030
22341
23304
22170
21730
22711
23402
22569
22653
22186
22590
22619
22952
22269
21861
22441
22331
22264
22486
22237
22392
22497
21740
22865
21748
21547
22674
23599
22192
22172
22697
22624
22123
23148
22229
22388
21896
22090
22220
21877
23002
22029
22479
22714
22633
21722
23253
21958
22425
22313
23107
21700
22021
22291
21999
21872
22481
22642
22228
22631
22675
22172
21844
22533
22157
22179
21830
22697
22195
22568
21431
22679
22825
22147
22393
22815
22990
21721
21790
21550
22484
22880
21833
21619
22608
22432
22061
22330
22674
23094
22375
22326
22406
22135
22308
23608
22272
21970
22973
21176
22391
21621
23066
22688
22650
22797
23358
22117
22731
22661
22163
22292
22560
21977
22866
22104
22283
22246
22140
22894
22452
22131
22740
22360
22359
22660
21802
22140
22852
22685
22017
22650
22896
22057
22700
23205
22473
21909
22653
22452
22546
21715
22954
21992
22647
22947
21852
22899
22638
21779
22809
21930
22434
22060
23065
22865
22044
22575
23187
21663
23043
22359
21559
22265
22038
22466
22680
22021
21561
22270
21858
22203
22586
23249
22231
22199
21720
22561
22353
22146
22601
21163
22653
22838
22545
22674
22611
22701
22254
22249
21547
22704
21693
23035
23011
22255
23025
22989
22394
22229
23031
21366
21717
22376
22470
21831
22565
22478
21973
23190
22214
22315
23161
22416
22747
23052
22825
22766
23020
22469
23616
22290
22135
21736
22419
23212
21951
22146
22228
23226
22624
22176
22413
21860
21520
21494
22263
22372
22639
22190
22541
23201
22566
22715
22927
22546
21381
22476
22884
22462
22326
22767
21991
22195
22694
23175
22052
22483
22218
22354
22196
23065
22043
21884
23144
22400
23425
22586
22779
21856
23637
22315
22827
22885
22984
21820
21861
21924
22978
21853
21690
21977
22145
21687
22095
22391
21783
21919
22101
22571
22955
22584
21902
22514
23062
22234
22752
21971
22476
22341
22488
22539
23281
22584
22420
21901
22320
20861
22057
22774
22255
22162
21702
22395
22859
22167
21562
22493
22212
23384
22905
22210
21570
22292
22438
22378
21986
22444
21536
22335
22438
21685
21867
21717
22780
21428
22827
22295
22328
22038
22626
22789
21512
22746
22438
22060
23042
21756
22310
21916
22120
21610
22931
21948
22672
21915
22337
22505
22216
21866
22859
22589
22193
21647
22482
22337
21495
22185
22445
22885
21516
22764
22925
23248
22045
22229
22349
22620
21879
22557
21575
22852
22441
23038
22181
22063
22108
22522
22192
22334
21978
21941
22149
23088
21848
23002
21972
22600
21832
22111
22874
22399
22555
22047
22913
22243
22035
22833
22496
22215
22062
21840
23052
21608
22149
22873
21847
22538
22707
22283
22855
22250
21938
22315
21952
22228
22289
22637
22441
22991
21680
22159
21232
22061
22114
22658
22374
22966
22835
22174
21515
21974
23030
21287
22290
21689
22123
22552
22196
22796
22263
21129
22660
21952
22003
22636
21799
22585
20777
22977
22715
23023
21658
23776
22736
21912
22194
22131
23297
