0.5 0.95 0.2 0.1 1397 1431.86 2.78386
399
400
401
402
403
404
405
406
379
369
335
349
358
368
375
367
357
348
341
334
365
356
347
340
333
339
346
355
364
374
378
363
354
332
321
302
294
285
284
295
298
303
304
297
296
288
283
282
270
269
268
267
266
265
264
263
262
261
233
234
247
248
249
250
235
229
218
217
211
206
207
219
212
220
236
242
243
244
251
221
213
208
222
230
237
253
252
254
255
272
273
274
275
310
315
309
314
322
323
326
370
407
408
409
410
382
384
371
338
327
324
325
312
316
311
276
277
278
240
239
238
226
227
203
202
201
200
225
224
210
193
194
192
191
190
199
209
214
223
198
188
187
186
185
197
184
183
182
181
196
180
179
178
177
204
216
228
205
215
195
173
174
175
176
168
169
163
164
153
146
140
152
145
162
161
160
150
151
123
124
125
100
101
102
126
127
128
103
104
105
129
106
107
108
130
141
147
154
131
109
110
111
132
112
113
114
133
155
170
171
165
167
157
138
137
136
144
149
143
148
156
142
139
134
120
121
119
118
117
122
116
115
97
87
86
85
77
76
75
74
84
83
82
63
57
64
65
58
66
88
89
90
91
92
93
94
67
95
68
69
72
51
50
49
40
39
38
37
36
35
34
33
32
31
8
30
29
28
27
26
47
46
45
44
25
24
7
6
5
23
22
21
20
4
3
2
1
19
43
56
62
73
96
81
80
79
60
61
55
53
42
18
17
16
15
14
13
12
11
41
52
54
59
10
9
48
70
71
78
99
98
135
158
159
166
172
189
231
232
241
245
246
271
256
257
258
259
260
280
281
287
292
293
301
300
291
290
279
286
289
308
299
305
306
307
313
318
317
328
336
337
342
350
359
366
383
380
381
385
386
388
387
376
372
360
351
343
329
361
352
344
330
319
320
331
345
353
362
373
377
390
389
391
392
393
394
395
396
397
411
398
