weight: 1935
vertices-order: 
1
19
43
56
62
73
82
83
84
18
42
53
55
61
60
81
96
100
125
124
123
99
98
135
158
166
159
101
102
126
127
140
146
153
145
152
163
169
168
162
161
160
150
151
164
128
103
104
105
129
106
107
130
108
109
131
141
147
154
110
111
132
112
113
133
155
114
80
79
17
16
15
14
13
12
41
52
54
59
11
10
9
48
70
78
71
2
20
21
22
23
5
6
7
24
25
44
57
64
74
75
76
77
85
86
87
97
88
89
90
91
92
115
116
122
117
118
134
139
142
148
156
165
171
170
190
199
210
224
225
226
238
239
240
227
200
201
202
203
209
214
223
198
208
213
222
230
237
253
254
255
272
273
274
275
276
277
278
252
251
244
243
242
236
220
219
207
196
206
211
218
217
229
235
248
266
285
294
302
267
268
269
270
282
284
295
298
303
288
297
296
304
283
265
264
263
262
261
281
287
293
292
301
291
300
290
280
260
259
258
257
279
286
289
299
308
305
317
337
336
328
343
351
360
372
376
386
387
388
385
329
319
330
345
353
362
373
377
390
391
392
378
393
394
395
396
397
411
398
399
400
401
402
403
404
405
406
407
408
370
326
323
322
314
309
315
310
311
316
324
325
327
338
371
382
410
409
384
312
379
375
368
358
349
335
367
357
348
341
334
369
374
364
355
346
339
333
340
347
356
365
332
321
354
363
389
331
344
352
361
320
342
350
359
381
380
383
366
318
306
307
313
256
271
246
245
232
241
231
249
250
247
234
180
179
178
177
204
216
228
233
176
175
174
173
195
205
215
172
189
212
197
184
185
186
187
188
183
182
181
221
191
192
193
194
167
143
149
144
157
119
120
136
137
138
121
93
94
67
66
63
58
65
45
46
47
27
28
29
30
8
31
32
33
34
35
36
37
38
39
40
49
68
95
69
50
51
72
26
3
4

