0.5 0.95 0.2 0.1 1317 1363.76 2.4037
349
342
335
330
324
323
322
304
300
301
283
259
242
241
218
219
207
202
199
187
153
154
155
188
156
157
158
189
200
203
208
190
159
160
161
191
162
163
192
164
165
166
167
168
169
170
171
172
173
193
194
204
210
220
221
234
235
236
211
205
212
222
223
237
238
239
240
257
256
258
269
226
225
216
214
213
198
184
183
182
181
196
195
180
179
178
177
176
175
174
142
141
140
139
124
123
138
137
111
100
112
101
95
102
113
119
125
114
103
96
115
104
97
105
116
120
126
127
143
144
145
146
133
147
148
149
150
151
134
129
128
121
117
106
98
93
118
94
82
83
54
52
49
41
38
39
15
35
34
33
32
44
48
31
30
29
28
27
26
36
40
43
45
47
51
53
59
60
61
65
80
81
79
92
91
78
77
76
90
89
88
87
75
74
84
73
72
62
56
63
57
58
64
42
22
23
24
25
13
12
11
10
9
8
21
20
7
6
5
4
19
18
17
16
3
2
1
14
37
46
50
55
66
85
67
68
69
70
71
86
99
109
110
122
136
132
131
130
108
107
135
152
186
185
197
201
206
224
215
217
251
282
299
321
327
352
369
339
333
346
359
363
376
377
378
379
364
347
340
334
341
348
360
365
380
381
382
383
384
385
386
387
388
389
390
391
392
393
395
371
372
373
394
374
375
366
356
355
354
353
351
344
337
332
326
305
306
307
308
309
310
311
312
313
314
315
316
317
318
319
320
328
338
345
357
358
367
362
368
370
329
298
291
290
276
289
297
296
295
294
287
279
288
280
273
270
274
281
275
267
268
255
254
266
253
252
250
249
265
248
247
264
272
278
286
285
277
271
263
245
246
233
232
231
230
209
229
228
227
243
244
260
262
261
284
293
292
303
302
325
331
336
343
350
361
