mst-weight: 1124
improvements: 80
initial-cycle-weight: 1793
final-cycle-weight: 1390
271
263
246
247
248
264
265
249
250
252
253
266
254
267
268
256
257
258
255
236
235
234
221
220
233
232
231
230
210
204
193
194
211
205
212
222
223
237
238
239
240
213
214
226
225
216
198
184
183
182
181
196
195
180
179
178
177
176
175
174
173
172
171
170
169
168
167
166
165
164
138
123
124
139
140
141
142
125
119
113
102
95
88
89
76
77
90
96
103
114
115
104
97
105
116
120
126
143
144
127
145
146
133
147
148
149
150
151
134
129
118
128
121
117
106
98
93
94
83
82
81
80
79
92
91
78
59
60
61
65
48
44
54
52
49
41
38
39
15
35
34
33
32
31
30
29
28
27
26
36
40
43
45
47
51
53
42
22
23
24
25
13
12
11
10
9
8
7
21
20
6
5
4
19
18
17
16
3
2
1
14
37
46
50
55
62
56
63
57
58
64
75
74
84
73
72
87
101
112
111
100
137
161
160
159
158
189
157
156
188
155
154
187
153
130
131
132
136
122
110
109
108
99
86
71
70
69
68
67
85
66
107
135
152
186
185
197
201
206
215
217
299
282
251
224
218
219
207
202
199
208
203
200
190
191
162
163
192
209
229
228
227
245
262
261
260
244
243
241
242
259
283
301
300
304
323
324
325
331
336
350
343
330
335
342
349
361
365
360
348
341
334
347
340
322
321
327
352
369
333
339
346
359
363
376
377
378
379
364
380
381
382
383
384
385
386
387
388
389
390
391
392
393
395
371
372
373
394
374
375
366
356
355
354
353
351
344
337
332
326
305
306
307
308
309
310
311
312
313
314
315
316
317
318
345
362
368
370
367
357
358
338
328
319
320
329
298
291
269
290
276
297
289
275
281
274
270
273
280
288
296
295
294
287
279
286
278
272
277
285
293
292
303
302
284

improvements: 79
initial-cycle-weight: 1839
final-cycle-weight: 1364
112
101
95
102
113
119
125
142
141
140
139
124
123
138
137
168
169
170
171
172
173
174
193
194
175
176
177
178
179
180
195
196
181
182
183
184
198
216
225
226
214
213
240
239
238
237
223
222
212
205
211
221
234
235
236
255
258
257
256
268
267
254
266
253
252
250
249
265
248
247
264
272
278
286
279
287
294
295
296
288
280
273
270
274
281
275
289
297
276
290
269
291
298
320
329
370
368
362
367
357
358
345
338
328
319
318
317
316
315
314
313
312
311
310
309
308
307
306
305
326
332
337
344
351
353
354
355
356
366
375
374
394
373
372
371
395
393
392
391
390
389
388
387
386
385
384
383
382
381
380
364
379
378
377
376
363
359
346
339
333
369
352
327
321
322
340
347
334
341
348
360
365
361
349
342
335
330
343
350
336
331
325
324
323
304
300
301
283
259
242
241
302
303
292
293
284
285
277
271
263
246
245
262
261
260
244
243
227
228
229
209
230
231
232
233
220
210
204
167
166
165
164
163
192
191
162
161
160
190
200
203
208
159
158
189
157
156
188
155
154
187
199
202
207
219
218
224
251
282
299
217
215
206
201
197
185
186
153
152
135
130
131
132
136
122
110
109
108
99
86
71
70
69
68
67
85
107
66
55
50
46
37
14
1
2
3
16
17
18
19
4
5
6
20
21
7
8
9
10
11
12
13
25
24
23
22
42
53
51
47
45
43
40
36
26
27
28
29
30
31
32
33
34
35
15
39
38
41
49
52
54
44
48
59
60
61
65
81
80
79
92
78
91
97
105
116
120
127
128
121
117
106
98
93
94
82
83
118
129
134
151
150
149
148
147
133
146
145
144
143
126
115
104
114
103
96
90
77
76
89
64
58
57
63
56
62
72
73
84
74
75
88
87
100
111

improvements: 81
initial-cycle-weight: 1843
final-cycle-weight: 1362
154
155
156
157
189
158
159
160
161
162
137
138
123
124
139
140
141
142
125
119
113
102
95
101
112
111
100
87
74
84
73
72
63
57
56
62
55
50
46
37
14
1
2
3
16
17
18
19
4
5
6
20
21
7
8
9
10
11
12
13
25
24
23
22
42
58
64
75
88
89
114
103
96
90
76
77
78
91
92
79
80
81
65
61
60
59
53
51
47
45
43
40
36
26
27
28
29
30
31
48
44
32
33
34
35
15
39
38
41
49
52
54
83
82
94
93
98
106
117
121
128
118
129
134
151
150
149
148
147
133
146
145
144
127
120
116
105
97
104
115
126
143
175
176
177
178
179
180
195
196
181
182
183
184
198
216
225
226
214
213
240
239
238
237
223
222
212
205
211
221
234
235
236
255
258
257
256
268
267
254
266
253
252
250
249
265
248
247
264
272
278
286
279
287
294
295
296
288
280
273
270
274
281
275
289
297
276
290
269
291
298
320
329
370
368
362
367
357
358
345
338
328
319
318
317
316
315
314
313
312
311
310
309
308
307
306
305
326
332
337
344
351
353
354
355
356
366
375
374
394
373
372
371
395
393
392
391
390
389
388
387
386
385
384
383
382
381
380
364
379
378
377
376
363
359
346
339
333
369
352
327
321
322
340
347
334
341
348
360
365
361
349
342
335
330
343
350
336
331
325
324
323
304
300
301
283
259
242
241
302
303
292
293
284
285
277
271
263
246
245
262
261
260
244
243
227
228
229
209
230
231
232
233
220
210
204
193
194
174
173
172
171
170
169
168
167
166
165
164
163
192
191
190
200
203
208
188
187
199
202
207
219
218
224
251
282
299
217
215
206
201
197
185
186
152
135
107
66
85
67
68
69
70
71
86
99
108
109
110
122
136
132
131
130
153

improvements: 82
initial-cycle-weight: 1844
final-cycle-weight: 1366
154
155
156
157
189
158
159
137
138
123
124
139
140
141
142
125
119
113
102
95
101
112
111
100
87
74
84
73
72
63
57
56
62
55
50
46
37
14
1
2
3
16
17
18
19
4
5
6
20
21
7
8
9
10
11
12
13
25
24
23
22
42
58
64
75
88
89
114
103
96
90
76
77
78
91
92
79
80
81
65
61
60
59
53
51
47
45
43
40
36
26
27
28
29
30
31
48
44
32
33
34
35
15
39
38
41
49
52
54
83
82
94
93
98
106
117
121
128
118
129
134
151
150
149
148
147
133
146
145
144
127
120
116
105
97
104
115
126
143
175
176
177
178
179
180
195
196
181
182
183
184
198
216
225
226
214
213
240
239
238
237
223
222
212
205
211
221
234
235
236
255
258
257
256
268
267
254
266
253
252
250
249
265
248
247
264
272
278
286
279
287
294
295
296
288
280
273
270
274
281
275
289
297
276
290
269
291
298
320
329
370
368
362
367
357
358
345
338
328
319
318
317
316
315
314
313
312
311
310
309
308
307
306
305
326
332
337
344
351
353
354
355
356
366
375
374
394
373
372
371
395
393
392
391
390
389
388
387
386
385
384
383
382
381
380
364
379
378
377
376
363
359
346
339
333
369
352
327
321
322
340
347
334
341
348
360
365
361
349
342
335
330
343
350
336
331
325
324
323
304
300
301
283
259
242
241
302
303
292
293
284
285
277
271
263
246
245
262
261
260
244
243
227
228
229
209
230
231
232
233
220
210
204
193
194
174
173
172
171
170
169
168
167
166
165
164
192
163
162
191
161
160
190
200
203
208
188
187
199
202
207
219
218
224
251
282
299
217
215
206
201
197
185
186
152
135
107
66
85
67
68
69
70
71
86
99
108
109
110
122
136
132
131
130
153

improvements: 81
initial-cycle-weight: 1815
final-cycle-weight: 1386
243
244
260
261
262
245
227
228
229
209
192
162
191
190
200
203
208
199
202
207
219
218
224
251
282
299
217
215
206
201
197
185
186
152
135
107
66
85
67
68
69
70
71
86
99
108
109
110
122
136
132
131
130
153
187
154
155
188
156
157
189
158
159
160
161
137
100
111
112
101
87
72
73
84
74
75
64
58
57
63
56
62
55
50
46
37
14
1
2
3
16
17
18
19
4
5
6
20
21
7
8
9
10
11
12
13
25
24
23
22
42
53
51
47
45
43
40
36
26
27
28
29
30
31
32
33
34
35
15
39
38
41
49
52
54
44
48
65
61
60
59
78
91
92
79
80
81
82
83
94
93
98
106
117
121
128
118
129
134
151
150
149
148
147
133
146
145
127
144
143
126
120
116
105
97
104
115
114
103
96
90
77
76
89
88
95
102
113
119
125
142
141
140
139
124
123
138
163
164
165
166
167
168
169
170
171
172
173
174
175
176
177
178
179
180
195
196
181
182
183
184
198
216
225
226
214
213
240
239
238
237
223
222
212
205
211
194
193
204
210
230
231
232
233
220
221
234
235
236
255
258
257
256
268
267
254
266
253
252
250
249
265
264
248
247
246
263
271
284
302
303
292
293
285
277
272
278
286
279
287
294
295
296
288
280
273
270
274
281
275
289
297
276
290
269
291
298
320
329
370
368
362
367
357
358
345
338
328
319
318
317
316
315
314
313
312
311
310
309
308
307
306
305
326
332
337
344
351
353
354
355
356
366
375
374
394
373
372
371
395
393
392
391
390
389
388
387
386
385
384
350
343
336
331
325
361
349
342
335
330
324
323
334
340
347
341
348
360
365
383
382
381
380
364
379
378
377
376
363
359
346
339
333
369
352
327
321
322
304
300
301
283
259
242
241

improvements: 81
initial-cycle-weight: 1851
final-cycle-weight: 1363
140
141
142
125
119
113
102
95
101
112
111
100
87
74
84
73
72
63
57
56
62
55
50
46
37
14
1
2
3
16
17
18
19
4
5
6
20
21
7
8
9
10
11
12
13
25
24
23
22
42
58
64
75
88
89
114
103
96
90
76
77
78
91
92
79
80
81
65
61
60
59
53
51
47
45
43
40
36
26
27
28
29
30
31
48
44
32
33
34
35
15
39
38
41
49
52
54
83
82
94
93
98
106
117
121
128
118
129
134
151
150
149
148
147
133
146
145
144
127
120
116
105
97
104
115
126
143
175
176
177
178
179
180
195
196
181
182
183
184
198
216
225
226
214
213
240
239
238
237
223
222
212
205
211
221
234
235
236
255
258
257
256
268
267
254
266
253
252
250
249
265
248
247
264
272
278
286
279
287
294
295
296
288
280
273
270
274
281
275
289
297
276
290
269
291
298
320
329
370
368
362
367
357
358
345
338
328
319
318
317
316
315
314
313
312
311
310
309
308
307
306
305
326
332
337
344
351
353
354
355
356
366
375
374
394
373
372
371
395
393
392
391
390
389
388
387
386
385
384
383
382
381
380
364
379
378
377
376
363
359
346
339
333
369
352
327
321
322
340
347
334
341
348
360
365
361
349
342
335
330
343
350
336
331
325
324
323
304
300
301
283
259
242
241
302
303
292
293
284
285
277
271
263
246
245
262
261
260
244
243
227
228
229
209
230
231
232
233
220
210
204
193
194
174
173
172
171
170
169
168
167
166
165
164
192
163
162
191
190
200
203
208
188
187
199
202
207
219
218
224
251
282
299
217
215
206
201
197
185
186
152
135
107
66
85
67
68
69
70
71
86
99
108
109
110
122
136
132
131
130
153
154
155
156
157
189
158
159
160
161
137
138
123
124
139

improvements: 80
initial-cycle-weight: 1844
final-cycle-weight: 1361
186
185
197
201
206
215
217
299
282
251
224
218
219
207
202
199
187
154
155
188
156
157
189
158
159
208
203
200
190
160
161
191
162
163
192
164
165
166
167
168
169
170
171
172
173
174
193
204
210
220
233
232
231
230
209
229
228
227
243
244
260
261
262
245
246
263
271
277
285
284
293
292
303
302
241
242
259
283
301
300
304
323
324
325
331
336
350
343
330
335
342
349
361
365
360
348
341
334
347
340
322
321
327
352
369
333
339
346
359
363
376
377
378
379
364
380
381
382
383
384
385
386
387
388
389
390
391
392
393
395
371
372
373
394
374
375
366
356
355
354
353
351
344
337
332
326
305
306
307
308
309
310
311
312
313
314
315
316
317
318
319
328
338
345
358
357
367
362
368
370
329
320
298
291
269
290
276
297
289
275
281
274
270
273
280
288
296
295
294
287
279
286
278
272
264
247
248
265
249
250
252
253
266
254
267
268
256
257
258
255
236
235
234
221
194
175
176
177
178
179
195
196
205
212
211
222
223
237
238
239
240
213
214
226
225
216
198
184
183
182
181
180
146
145
144
143
126
115
104
97
105
116
120
127
133
147
148
149
150
151
134
129
118
128
121
117
106
98
93
94
82
83
54
52
49
41
38
39
15
35
34
33
32
44
48
31
30
29
28
27
26
36
40
43
45
47
51
53
59
60
61
65
81
80
79
92
91
78
77
76
90
96
103
114
89
88
95
102
113
119
125
142
141
140
139
124
123
138
137
100
111
112
101
87
75
74
84
73
72
62
56
63
57
58
64
42
22
23
24
25
13
12
11
10
9
8
7
21
20
6
5
4
19
18
17
16
3
2
1
14
37
46
50
55
66
107
85
67
68
69
70
71
86
99
108
109
110
122
136
132
131
130
135
152
153

improvements: 79
initial-cycle-weight: 1830
final-cycle-weight: 1382
291
298
320
329
370
368
362
367
357
358
345
338
328
319
318
317
316
315
314
313
312
311
310
309
308
307
306
305
326
332
337
344
351
353
354
355
356
366
375
374
394
373
372
371
395
393
392
391
390
389
388
387
386
385
384
383
382
381
380
364
379
378
377
376
363
359
346
339
333
369
352
327
321
322
340
347
334
341
348
360
365
361
349
342
335
330
343
350
336
331
325
324
323
304
300
301
283
259
242
241
243
244
260
261
262
245
227
228
229
209
192
162
191
190
200
203
208
199
202
207
219
218
224
251
282
299
217
215
206
201
197
185
186
152
135
107
66
85
67
68
69
70
71
86
99
108
109
110
122
136
132
131
130
153
187
154
155
188
156
157
189
158
159
160
161
137
100
111
112
101
87
72
73
84
74
75
64
58
57
63
56
62
55
50
46
37
14
1
2
3
16
17
18
19
4
5
6
20
21
7
8
9
10
11
12
13
25
24
23
22
42
53
51
47
45
43
40
36
26
27
28
29
30
31
32
33
34
35
15
39
38
41
49
52
54
44
48
65
61
60
59
78
91
92
79
80
81
82
83
94
93
98
106
117
121
128
118
129
134
151
150
149
148
147
133
146
145
127
144
143
126
120
116
105
97
104
115
114
103
96
90
77
76
89
88
95
102
113
119
125
142
141
140
139
124
123
138
163
164
165
166
167
168
169
170
171
172
173
210
204
193
194
174
175
176
177
178
179
180
195
196
181
182
183
184
198
216
225
226
214
213
240
239
238
237
223
222
212
205
211
236
235
234
221
220
233
232
231
230
246
263
271
284
302
303
292
293
285
277
286
278
272
264
247
248
249
250
252
253
254
255
258
257
256
268
267
266
265
270
273
279
287
294
295
296
288
280
274
281
275
289
297
276
290
269

improvements: 80
initial-cycle-weight: 1850
final-cycle-weight: 1351
186
185
197
201
206
215
217
299
282
251
224
218
219
207
202
199
187
154
155
188
156
157
189
158
159
208
203
200
190
160
161
191
162
163
192
164
165
166
167
168
169
170
171
172
173
174
194
193
204
210
220
233
232
231
230
209
229
228
227
243
244
260
261
262
245
246
263
271
277
285
284
293
292
303
302
241
242
259
283
301
300
304
323
324
325
331
336
350
343
330
335
342
349
361
365
360
348
341
334
347
340
322
321
327
352
369
333
339
346
359
363
376
377
378
379
364
380
381
382
383
384
385
386
387
388
389
390
391
392
393
395
371
372
373
394
374
375
366
356
355
354
353
351
344
337
332
326
305
306
307
308
309
310
311
312
313
314
315
316
317
318
319
328
338
345
358
357
367
362
368
370
329
320
298
291
269
290
276
297
289
275
281
274
270
273
280
288
296
295
294
287
279
286
278
272
264
247
248
265
249
250
252
253
266
254
267
268
256
257
258
255
236
235
234
221
211
205
212
222
223
237
238
239
240
213
214
226
225
216
198
184
183
182
181
196
195
180
179
178
177
176
175
143
126
115
104
97
105
116
120
127
144
145
146
133
147
148
149
150
151
134
129
118
128
121
117
106
98
93
94
82
83
54
52
49
41
38
39
15
35
34
33
32
44
48
31
30
29
28
27
26
36
40
43
45
47
51
53
59
60
61
65
81
80
79
92
91
78
77
76
90
96
103
114
89
88
95
102
113
119
125
142
141
140
139
124
123
138
137
100
111
112
101
87
75
74
84
73
72
62
56
63
57
58
64
42
22
23
24
25
13
12
11
10
9
8
7
21
20
6
5
4
19
18
17
16
3
2
1
14
37
46
50
55
66
107
85
67
68
69
70
71
86
99
108
109
110
122
136
132
131
130
135
152
153

improvements: 82
initial-cycle-weight: 1837
final-cycle-weight: 1386
304
300
301
283
259
242
241
243
244
260
261
262
245
227
228
229
209
192
162
191
190
200
203
208
199
202
207
219
218
224
251
282
299
217
215
206
201
197
185
186
152
135
107
66
85
67
68
69
70
71
86
99
108
109
110
122
136
132
131
130
153
187
154
155
188
156
157
189
158
159
160
161
137
100
111
112
101
87
72
73
84
74
75
64
58
57
63
56
62
55
50
46
37
14
1
2
3
16
17
18
19
4
5
6
20
21
7
8
9
10
11
12
13
25
24
23
22
42
53
51
47
45
43
40
36
26
27
28
29
30
31
32
33
34
35
15
39
38
41
49
52
54
44
48
65
61
60
59
78
91
92
79
80
81
82
83
94
93
98
106
117
121
128
118
129
134
151
150
149
148
147
133
146
145
127
144
143
126
120
116
105
97
104
115
114
103
96
90
77
76
89
88
95
102
113
119
125
142
141
140
139
124
123
138
163
164
165
166
167
168
169
170
171
172
173
174
175
176
177
178
179
180
195
196
181
182
183
184
198
216
225
226
214
213
240
239
238
237
223
222
212
205
211
194
193
204
210
230
231
232
233
220
221
234
235
236
255
258
257
256
268
267
254
266
253
252
250
249
265
264
248
247
246
263
271
284
302
303
292
293
285
277
272
278
286
279
287
294
295
296
288
280
273
270
274
281
275
289
297
276
290
269
291
298
320
329
370
368
362
367
357
358
345
338
328
319
318
317
316
315
314
313
312
311
310
309
308
307
306
305
326
332
337
344
351
353
354
355
356
366
375
374
394
373
372
371
395
393
392
391
390
389
388
387
386
385
384
350
343
336
331
325
361
349
342
335
330
324
323
334
340
347
341
348
360
365
383
382
381
380
364
379
378
377
376
363
359
346
339
333
369
352
327
321
322

improvements: 77
initial-cycle-weight: 1835
final-cycle-weight: 1375
55
50
46
37
14
1
2
3
16
17
18
19
4
5
6
20
21
7
8
9
10
11
12
13
25
24
23
22
42
53
51
47
45
43
40
36
26
27
28
29
30
31
32
33
34
35
15
39
38
41
49
52
54
44
48
61
59
60
65
81
80
79
92
97
105
116
120
127
128
121
117
106
98
93
94
82
83
118
129
134
151
150
149
148
147
133
146
145
144
143
126
115
104
91
78
77
76
90
96
103
114
89
88
95
102
113
119
125
140
139
141
142
194
193
204
210
220
233
232
231
230
209
229
228
227
243
244
260
261
262
245
246
263
271
277
285
284
293
292
303
302
241
242
259
283
301
300
304
323
324
325
331
336
350
343
330
335
342
349
361
365
360
348
341
334
347
340
322
321
327
352
369
333
339
346
359
363
376
377
378
379
364
380
381
382
383
384
385
386
387
388
389
390
391
392
393
395
371
372
373
394
374
375
366
356
355
354
353
351
344
337
332
326
305
306
307
308
309
310
311
312
313
314
315
316
317
318
319
328
338
345
358
357
367
362
368
370
329
320
298
291
269
290
276
297
289
275
281
274
270
273
280
288
296
295
294
287
279
286
278
272
264
247
248
265
249
250
252
253
266
254
267
268
256
257
258
255
236
235
234
221
211
205
212
222
223
237
238
239
240
213
214
226
225
216
198
184
183
182
181
196
195
180
179
178
177
176
175
174
173
172
171
170
169
168
167
166
165
164
163
192
191
162
161
160
190
200
203
208
159
158
189
157
156
188
155
154
187
199
202
207
219
218
224
251
282
299
217
215
206
201
197
185
186
152
153
136
132
131
130
135
107
66
85
67
68
69
70
71
86
99
108
109
110
122
137
138
123
124
112
101
111
100
87
72
73
84
74
75
64
58
57
63
56
62

improvements: 88
initial-cycle-weight: 1831
final-cycle-weight: 1376
241
242
259
283
301
300
304
323
324
325
331
336
350
343
330
335
342
349
361
365
360
348
341
334
347
340
322
321
327
352
369
333
339
346
359
363
376
377
378
379
364
380
381
382
383
384
385
386
387
388
389
390
391
392
393
395
371
372
373
394
374
375
366
356
355
354
353
351
344
337
332
326
305
306
307
308
309
310
311
312
313
314
315
316
317
318
319
328
338
345
358
357
367
362
368
370
329
320
298
291
269
290
276
297
289
275
281
274
270
273
280
288
296
295
294
287
279
286
278
272
285
293
292
303
302
284
277
271
263
246
247
248
264
265
249
250
266
252
253
254
255
267
268
256
257
258
236
235
234
221
220
233
232
231
230
210
204
193
194
211
205
212
222
223
237
238
239
240
213
214
226
225
216
198
184
183
182
181
196
195
180
179
178
177
176
175
174
173
172
171
170
169
168
167
166
165
164
138
123
124
139
140
141
142
125
119
113
102
95
88
89
76
77
90
96
103
114
115
104
97
105
116
120
126
127
143
144
145
146
133
147
148
149
150
151
134
129
118
128
121
117
106
98
93
94
83
82
81
80
79
92
91
78
59
60
61
65
48
44
54
52
49
41
38
39
15
35
34
33
32
31
30
29
28
27
26
36
40
43
45
47
51
53
42
25
24
23
13
12
11
22
10
9
8
7
21
20
6
5
4
19
18
17
16
3
2
1
14
37
50
55
46
62
56
63
57
58
64
75
74
84
73
72
87
101
112
111
100
137
161
160
159
158
189
157
156
155
154
153
130
131
132
136
122
110
109
108
99
86
71
70
69
68
67
85
66
107
135
152
186
185
197
201
206
215
217
299
282
251
224
218
219
207
202
199
187
188
208
203
200
190
191
162
163
192
209
229
228
227
245
262
261
260
244
243

improvements: 81
initial-cycle-weight: 1871
final-cycle-weight: 1375
46
37
14
1
2
3
16
17
18
19
4
5
6
20
21
7
8
9
10
22
42
64
58
57
63
72
73
84
74
75
87
101
112
100
111
137
138
123
124
139
140
141
142
125
119
113
102
95
88
89
76
53
51
47
45
43
40
13
11
12
23
24
25
26
36
27
28
29
30
31
32
33
34
35
15
39
38
41
49
52
54
44
48
59
60
61
65
81
80
79
92
91
78
77
90
96
103
114
115
104
97
105
116
120
127
128
121
117
106
98
93
94
82
83
118
129
134
151
150
149
148
147
133
146
145
144
143
126
175
176
177
178
179
180
195
196
181
182
183
184
198
216
225
226
214
213
240
239
238
237
223
222
212
205
211
221
234
235
236
255
258
257
256
268
267
254
266
253
252
250
249
265
248
247
264
272
278
286
279
287
294
295
296
288
280
273
270
274
281
275
289
297
276
290
269
291
298
320
329
370
368
362
367
357
358
345
338
328
319
318
317
316
315
314
313
312
311
310
309
308
307
306
305
326
332
337
344
351
353
354
355
356
366
375
374
394
373
372
371
395
393
392
391
390
389
388
387
386
385
384
383
382
381
380
364
379
378
377
376
363
359
346
339
333
369
352
327
321
322
340
347
334
341
348
360
365
361
349
342
335
330
343
350
336
331
325
324
323
304
300
301
283
259
242
241
302
303
292
293
284
285
277
271
263
246
245
262
261
260
244
243
227
228
229
209
230
231
232
233
220
210
204
193
194
174
173
172
171
170
169
168
167
166
165
164
163
192
191
162
161
160
190
200
203
208
159
158
189
157
156
188
155
154
187
199
202
207
219
218
224
251
282
299
217
215
206
201
197
185
186
153
152
135
130
131
132
136
122
110
109
108
99
86
62
56
71
70
69
68
67
85
107
66
55
50

improvements: 78
initial-cycle-weight: 1863
final-cycle-weight: 1381
37
14
1
2
3
16
17
18
19
4
5
6
20
21
7
8
9
10
11
12
13
22
42
23
24
25
26
36
40
43
45
47
51
53
59
60
61
65
48
44
27
28
29
30
31
32
33
34
35
15
39
38
41
49
52
54
83
82
94
93
81
80
79
92
91
97
105
116
120
127
98
106
117
121
128
118
129
134
151
150
149
148
147
133
146
145
144
143
126
115
104
114
103
96
90
78
77
76
89
88
95
102
113
119
125
140
139
141
142
194
193
204
210
220
233
232
231
230
209
229
228
227
243
244
260
261
262
245
246
263
271
277
285
284
293
292
303
302
241
242
259
283
301
300
304
323
324
325
331
336
350
343
330
335
342
349
361
365
360
348
341
334
347
340
322
321
327
352
369
333
339
346
359
363
376
377
378
379
364
380
381
382
383
384
385
386
387
388
389
390
391
392
393
395
371
372
373
394
374
375
366
356
355
354
353
351
344
337
332
326
305
306
307
308
309
310
311
312
313
314
315
316
317
318
319
328
338
345
358
357
367
362
368
370
329
320
298
291
269
290
276
297
289
275
281
274
270
273
280
288
296
295
294
287
279
286
278
272
264
247
248
265
249
250
252
253
266
254
267
268
256
257
258
255
236
235
234
221
211
205
212
222
223
237
238
239
240
213
214
226
225
216
198
184
183
182
181
196
195
180
179
178
177
176
175
174
173
172
171
170
169
168
167
166
165
164
163
192
191
162
161
160
190
200
203
208
159
158
189
157
156
188
155
154
187
199
202
207
219
218
224
251
282
299
217
215
206
201
197
185
186
152
153
136
132
131
130
135
107
66
85
67
68
69
70
71
86
99
108
109
110
122
137
138
123
124
112
101
111
100
87
72
73
84
74
75
64
58
57
63
56
62
46
55
50

improvements: 75
initial-cycle-weight: 1838
final-cycle-weight: 1374
55
50
46
37
14
1
2
3
16
17
18
19
4
5
6
20
21
7
8
9
10
11
12
13
25
24
23
22
42
53
51
47
45
43
40
36
26
27
28
29
30
31
48
44
32
33
34
35
15
39
38
41
49
52
54
83
82
94
93
98
106
117
121
128
118
129
134
151
150
149
148
147
133
146
145
144
143
127
126
120
116
105
97
104
115
114
103
96
90
91
92
79
80
81
65
61
60
59
78
77
76
89
88
95
102
113
119
125
140
139
141
142
194
193
204
210
220
233
232
231
230
209
229
228
227
243
244
260
261
262
245
246
263
271
277
285
284
293
292
303
302
241
242
259
283
301
300
304
323
324
325
331
336
350
343
330
335
342
349
361
365
360
348
341
334
347
340
322
321
327
352
369
333
339
346
359
363
376
377
378
379
364
380
381
382
383
384
385
386
387
388
389
390
391
392
393
395
371
372
373
394
374
375
366
356
355
354
353
351
344
337
332
326
305
306
307
308
309
310
311
312
313
314
315
316
317
318
319
328
338
345
358
357
367
362
368
370
329
320
298
291
269
290
276
297
289
275
281
274
270
273
280
288
296
295
294
287
279
286
278
272
264
247
248
265
249
250
252
253
266
254
267
268
256
257
258
255
236
235
234
221
211
205
212
222
223
237
238
239
240
213
214
226
225
216
198
184
183
182
181
196
195
180
179
178
177
176
175
174
173
172
171
170
169
168
167
166
165
164
163
192
191
162
161
160
190
200
203
208
159
158
189
157
156
188
155
154
187
199
202
207
219
218
224
251
282
299
217
215
206
201
197
185
186
152
153
136
132
131
130
135
107
66
85
67
68
69
70
71
86
99
108
109
110
122
137
138
123
124
112
101
111
100
87
72
73
84
74
75
64
58
57
63
56
62

improvements: 73
initial-cycle-weight: 1840
final-cycle-weight: 1374
55
50
46
37
14
1
2
3
16
17
18
19
4
5
6
20
21
7
8
9
10
11
12
13
25
24
23
22
42
53
51
47
45
43
40
36
26
27
28
29
30
31
48
44
32
33
34
35
15
39
38
41
49
52
54
83
82
94
93
98
106
117
121
128
118
129
134
151
150
149
148
147
133
146
145
127
144
143
126
120
116
105
97
104
115
114
103
96
90
91
92
79
80
81
65
61
60
59
78
77
76
89
88
95
102
113
119
125
140
139
141
142
194
193
204
210
220
233
232
231
230
209
229
228
227
243
244
260
261
262
245
246
263
271
277
285
284
293
292
303
302
241
242
259
283
301
300
304
323
324
325
331
336
350
343
330
335
342
349
361
365
360
348
341
334
347
340
322
321
327
352
369
333
339
346
359
363
376
377
378
379
364
380
381
382
383
384
385
386
387
388
389
390
391
392
393
395
371
372
373
394
374
375
366
356
355
354
353
351
344
337
332
326
305
306
307
308
309
310
311
312
313
314
315
316
317
318
319
328
338
345
358
357
367
362
368
370
329
320
298
291
269
290
276
297
289
275
281
274
270
273
280
288
296
295
294
287
279
286
278
272
264
247
248
265
249
250
252
253
266
254
267
268
256
257
258
255
236
235
234
221
211
205
212
222
223
237
238
239
240
213
214
226
225
216
198
184
183
182
181
196
195
180
179
178
177
176
175
174
173
172
171
170
169
168
167
166
165
164
163
192
191
162
161
160
190
200
203
208
159
158
189
157
156
188
155
154
187
199
202
207
219
218
224
251
282
299
217
215
206
201
197
185
186
152
153
136
132
131
130
135
107
66
85
67
68
69
70
71
86
99
108
109
110
122
137
138
123
124
112
101
111
100
87
72
73
84
74
75
64
58
57
63
56
62

improvements: 79
initial-cycle-weight: 1830
final-cycle-weight: 1382
291
298
320
329
370
368
362
367
357
358
345
338
328
319
318
317
316
315
314
313
312
311
310
309
308
307
306
305
326
332
337
344
351
353
354
355
356
366
375
374
394
373
372
371
395
393
392
391
390
389
388
387
386
385
384
383
382
381
380
364
379
378
377
376
363
359
346
339
333
369
352
327
321
322
340
347
334
341
348
360
365
361
349
342
335
330
343
350
336
331
325
324
323
304
300
301
283
259
242
241
243
244
260
261
262
245
227
228
229
209
192
162
191
190
200
203
208
199
202
207
219
218
224
251
282
299
217
215
206
201
197
185
186
152
135
107
66
85
67
68
69
70
71
86
99
108
109
110
122
136
132
131
130
153
187
154
155
188
156
157
189
158
159
160
161
137
100
111
112
101
87
72
73
84
74
75
64
58
57
63
56
62
55
50
46
37
14
1
2
3
16
17
18
19
4
5
6
20
21
7
8
9
10
11
12
13
25
24
23
22
42
53
51
47
45
43
40
36
26
27
28
29
30
31
32
33
34
35
15
39
38
41
49
52
54
44
48
65
61
60
59
78
91
92
79
80
81
82
83
94
93
98
106
117
121
128
118
129
134
151
150
149
148
147
133
146
145
127
144
143
126
120
116
105
97
104
115
114
103
96
90
77
76
89
88
95
102
113
119
125
142
141
140
139
124
123
138
163
164
165
166
167
168
169
170
171
172
173
210
204
193
194
174
175
176
177
178
179
180
195
196
181
182
183
184
198
216
225
226
214
213
240
239
238
237
223
222
212
205
211
236
235
234
221
220
233
232
231
230
246
263
271
284
302
303
292
293
285
277
286
278
272
264
247
248
249
250
252
253
254
255
258
257
256
268
267
266
265
270
273
279
287
294
295
296
288
280
274
281
275
289
297
276
290
269

improvements: 82
initial-cycle-weight: 1843
final-cycle-weight: 1355
53
59
60
61
65
48
44
54
52
49
41
38
39
15
35
34
33
32
31
30
29
28
27
26
36
40
43
45
47
51
42
25
24
23
13
12
11
22
10
9
8
7
21
20
6
5
4
19
18
17
16
3
2
1
14
37
46
50
55
66
107
85
67
68
69
70
71
86
99
108
109
110
122
136
132
131
130
135
152
153
186
185
197
201
206
215
217
299
282
251
224
218
219
207
202
199
187
154
155
188
156
157
189
158
159
208
203
200
190
160
161
191
162
163
192
164
165
166
167
168
169
170
171
172
173
174
194
193
204
210
220
233
232
231
230
209
229
228
227
243
244
260
261
262
245
246
263
271
277
285
284
293
292
303
302
241
242
259
283
301
300
304
323
324
325
331
336
350
343
330
335
342
349
361
365
360
348
341
334
347
340
322
321
327
352
369
333
339
346
359
363
376
377
378
379
364
380
381
382
383
384
385
386
387
388
389
390
391
392
393
395
371
372
373
394
374
375
366
356
355
354
353
351
344
337
332
326
305
306
307
308
309
310
311
312
313
314
315
316
317
318
319
328
338
345
358
357
367
362
368
370
329
320
298
291
269
290
276
297
289
275
281
274
270
273
280
288
296
295
294
287
279
286
278
272
264
247
248
265
249
250
252
253
266
254
267
268
256
257
258
255
236
235
234
221
211
205
212
222
223
237
238
239
240
213
214
226
225
216
198
184
183
182
181
196
195
180
179
178
177
176
175
143
126
115
104
97
105
116
120
127
144
145
146
133
147
148
149
150
151
134
129
118
128
121
117
106
98
93
94
83
82
81
80
79
92
91
78
77
76
90
96
103
114
89
95
102
113
119
125
142
141
140
139
124
123
138
137
111
100
112
101
88
75
74
87
84
73
72
62
56
63
57
58
64

improvements: 82
initial-cycle-weight: 1840
final-cycle-weight: 1355
72
73
84
87
74
75
88
101
112
100
111
137
138
123
124
139
140
141
142
125
119
113
102
95
89
114
103
96
90
76
77
78
91
92
79
80
81
82
83
94
93
98
106
117
121
128
118
129
134
151
150
149
148
147
133
146
145
144
127
120
116
105
97
104
115
126
143
175
176
177
178
179
180
195
196
181
182
183
184
198
216
225
226
214
213
240
239
238
237
223
222
212
205
211
221
234
235
236
255
258
257
256
268
267
254
266
253
252
250
249
265
248
247
264
272
278
286
279
287
294
295
296
288
280
273
270
274
281
275
289
297
276
290
269
291
298
320
329
370
368
362
367
357
358
345
338
328
319
318
317
316
315
314
313
312
311
310
309
308
307
306
305
326
332
337
344
351
353
354
355
356
366
375
374
394
373
372
371
395
393
392
391
390
389
388
387
386
385
384
383
382
381
380
364
379
378
377
376
363
359
346
339
333
369
352
327
321
322
340
347
334
341
348
360
365
361
349
342
335
330
343
350
336
331
325
324
323
304
300
301
283
259
242
241
302
303
292
293
284
285
277
271
263
246
245
262
261
260
244
243
227
228
229
209
230
231
232
233
220
210
204
193
194
174
173
172
171
170
169
168
167
166
165
164
163
192
191
162
161
160
190
200
203
208
159
158
189
157
156
188
155
154
187
199
202
207
219
218
224
251
282
299
217
215
206
201
197
185
186
153
152
135
130
131
132
136
122
110
109
108
99
86
71
70
69
68
67
85
107
66
55
50
46
37
14
1
2
3
16
17
18
19
4
5
6
20
21
7
8
9
10
22
11
12
13
23
24
25
42
51
47
45
43
40
36
26
27
28
29
30
31
32
33
34
35
15
39
38
41
49
52
54
44
48
65
61
60
59
53
64
58
57
63
56
62

