19747
19787
19336
20081
20367
19289
20628
20062
20628
20394
19886
20109
20223
19693
19714
19654
20552
19943
19413
20429
20515
20183
20290
20558
19767
19932
20228
19790
20213
19956
19401
20029
20125
19353
19582
20004
19956
19680
18952
18841
20698
19118
19746
20090
19756
19452
19281
19560
19133
19173
19649
19902
19749
19921
19698
19549
19523
18738
19163
19775
19891
19462
19804
20437
20687
20166
19919
20090
20628
20735
20221
19875
20373
19666
19867
20125
19532
19642
18996
20518
19727
19897
19859
20176
19951
19924
20174
19546
19040
20183
19865
20251
20128
19215
20179
20271
20145
20138
20349
19638
20644
20209
20338
19449
20169
19474
19584
19274
20577
19721
20447
20120
19849
19718
20074
20308
20526
19757
20215
19768
19875
20109
19999
20696
20339
19996
20299
20567
19177
19437
19996
20401
19693
19863
20230
19601
19302
19678
19309
19786
19811
20613
20210
20848
20335
20127
19850
19070
20661
19869
19969
19667
20824
19605
19587
20524
20113
19511
19356
19427
19605
19029
19345
19671
20736
19238
20351
19985
19986
20755
19716
20670
19870
20231
19701
20106
19413
19272
19781
20238
20355
20598
18767
19623
19896
19484
20244
19780
20120
19434
20221
19377
19381
19305
19750
19048
19977
20221
18913
19766
19153
19916
20807
20195
20426
19452
20833
20043
19252
19311
19867
19987
20033
20017
20117
19551
19499
19288
19695
20594
19091
19135
19550
19581
20710
19620
19668
20059
20680
20036
19603
21028
19856
19890
19823
19565
20009
20210
19841
19635
19310
20102
20471
19354
20292
20406
19333
19837
20082
19514
20355
20475
19533
20786
19160
19384
19554
19545
19919
19273
20276
20218
20156
19793
19852
20135
20002
19483
20644
20262
19752
19875
20480
20676
20047
19791
19364
19288
19995
20127
19918
19551
19841
19784
20237
19766
20025
19284
19719
20661
19563
19687
20203
18728
19865
20157
20278
20456
20175
19866
20321
20931
19807
19028
19773
20205
19450
19749
19359
20148
19703
19552
20609
19345
18500
20209
20180
20156
18857
19827
19674
19886
19888
19963
19896
19974
19783
19009
19098
19878
20465
20702
19980
20240
19638
19882
19591
20593
19710
20466
19744
19985
20729
19601
20743
20314
19490
19932
19955
20028
19798
20278
19486
19917
20203
19981
20275
19971
19746
19185
19500
19730
20217
20051
19485
20422
19319
19507
19485
19899
19745
20118
19523
19978
19873
20008
20460
20127
20376
20211
19636
21446
19827
20313
19222
19694
19842
20192
19416
19701
19467
20045
19875
19982
20194
19741
19910
20485
19734
19847
19370
19795
19708
20357
19642
19357
20096
19911
19511
19373
19704
19924
19134
19727
19915
19783
20037
20462
19635
19587
20178
20691
20119
19149
19806
19514
20098
19836
19819
20410
20354
20104
19815
19971
19950
19363
20081
19878
20401
19660
20132
20418
19436
19483
19593
20321
19416
20307
20057
20833
20190
19699
20102
19514
20062
19894
19719
19276
20550
20600
20332
20029
20178
19560
19961
20006
20032
21073
20442
19355
19491
19993
20041
19526
19743
19913
19041
20743
20257
19965
19603
19631
20549
19588
19840
20309
20183
19575
20245
19532
20708
20461
20467
20239
19628
20267
20306
20224
19819
19401
19592
19796
20547
20276
19848
19917
19350
19288
20423
19445
19380
19808
20155
19686
19973
18863
20177
19798
20734
20009
20357
20094
19090
19825
19958
20660
19649
19484
19678
19721
19776
20116
19634
19444
20243
20549
20478
19872
19541
19824
19643
20747
20309
20022
19933
20170
20031
20174
18743
20237
19793
18999
20107
19106
19869
20088
20222
19981
19654
19998
19769
19942
19811
20053
20922
19962
19312
19603
18833
19676
20115
20222
20182
20326
20098
19738
20196
18977
19797
19966
20284
19432
20046
19837
20033
20100
19341
20202
19965
19597
19961
19995
19888
20123
19489
20063
19852
20017
20372
19868
19562
19999
19757
20871
19698
20097
19783
19661
19701
19463
19330
19390
19327
19851
19859
19882
19410
19603
19708
19542
19652
19892
19939
20140
19313
20079
20197
19607
19420
20530
19490
20488
19896
19362
20031
19939
19372
20214
19837
20158
19446
20039
20243
20099
19278
18934
20270
19754
19516
20671
20333
20226
19900
18840
20127
19745
20409
20400
18399
20760
19342
19307
19245
20165
19535
19115
19209
19943
19935
19033
20288
20253
20245
19610
19091
19191
19389
20796
19578
20297
20120
20210
19948
19920
19872
19639
20064
20271
20518
18969
19812
19556
19625
20189
19764
19967
19912
20050
19178
19705
19819
20696
20195
19571
20280
20351
18957
19810
19954
19368
20750
19965
19640
19607
19756
20032
19962
20328
19917
19503
20292
19764
20064
20209
19877
20307
19440
20112
20174
19807
19576
19366
20008
20018
19828
20199
19476
19979
20215
19553
19891
19669
20930
19847
19719
20650
20404
19692
20020
19518
19414
19500
20062
20389
20207
20070
19390
19938
19392
20307
19888
20659
19816
19885
19845
19322
19907
20070
20445
19839
20783
19472
19983
20307
19898
20018
19210
20415
20066
19113
20185
20022
19311
19881
20595
20492
19714
20059
19940
19958
19563
19462
19363
19959
19796
20232
19857
19167
20019
19197
19736
19715
20390
19631
20209
19956
19876
19640
20224
19015
20296
19352
20451
20360
19661
19396
19553
20077
19859
19608
20227
21204
20138
20469
19960
20071
20175
19855
20427
19057
19262
19384
19202
20264
20648
20128
19969
19386
20149
20025
20859
19951
19803
19914
19612
20048
19125
19883
19999
19848
19378
19978
19491
20293
19775
20553
20190
20517
20035
19524
19717
20058
20347
20410
19639
19479
20016
20518
19648
19803
20127
19878
20165
20060
19597
20001
19492
19353
19930
20263
19519
20477
20231
19795
19616
20047
20480
20155
19710
20148
20055
19802
19802
19424
19944
20054
19950
19842
19359
19224
19940
19803
19461
20140
20363
18724
20382
19894
19289
20231
20178
19768
19507
19939
19735
20093
19048
19430
20326
19937
19672
20104
20022
19753
20214
19529
19722
20094
20029
20670
19596
19252
19867
19808
19783
20214
19610
20202
19714
19106
20103
20215
20065
19245
19745
20384
19725
20122
20083
19979
19783
19790
19614
19544
19712
19466
19115
19977
19447
18740
20281
20850
19917
19902
20218
19783
19213
19716
19762
20007
20062
19802
20038
20529
19391
20324
20500
20273
19093
20330
19660
19625
20281
20141
20504
20714
19736
20497
20183
19053
20593
19969
19833
20059
19543
19850
19553
19834
19611
19942
