weight: 1124
edges: 
1 2
1 14
2 1
2 3
3 2
3 16
4 18
4 5
5 4
5 6
6 5
6 7
6 20
7 6
7 8
8 7
8 9
9 8
9 10
10 9
10 11
10 22
11 10
11 12
12 11
12 13
12 23
13 12
14 1
14 37
15 35
16 3
16 17
17 16
17 18
18 4
18 17
18 19
19 18
20 6
20 21
21 20
22 10
22 42
23 12
23 24
24 23
24 25
25 24
25 26
26 25
26 27
26 36
27 26
27 28
28 27
28 29
29 28
29 30
30 29
30 31
31 30
31 32
32 31
32 33
32 44
33 32
33 34
34 33
34 35
35 15
35 34
35 38
36 26
36 40
37 14
37 46
38 35
38 39
38 41
39 38
40 36
40 43
41 38
41 49
42 22
43 40
43 45
44 32
44 48
45 43
45 47
46 37
46 55
47 45
47 51
48 44
48 61
49 41
49 52
50 55
51 47
51 53
52 49
52 54
53 51
54 52
55 50
55 46
56 63
56 62
57 63
57 58
58 57
58 64
59 60
60 59
60 61
61 60
61 48
61 65
62 56
63 56
63 57
63 73
64 58
65 61
65 79
66 67
67 66
67 68
67 85
68 67
68 69
69 68
69 70
70 69
70 71
71 70
71 86
72 73
73 63
73 72
73 84
74 75
74 84
75 74
75 88
76 77
76 89
77 76
77 78
77 90
78 77
78 91
79 65
79 80
79 92
80 79
80 81
81 80
82 94
82 83
83 82
84 73
84 74
85 67
85 107
86 71
86 99
87 88
88 75
88 87
88 89
88 95
89 88
89 76
90 77
90 96
91 78
91 92
91 97
92 91
92 79
93 98
93 94
94 82
94 93
95 88
95 101
95 102
96 90
96 103
97 91
97 104
97 105
98 93
98 106
99 86
99 109
100 101
100 111
101 100
101 95
101 112
102 95
102 113
103 96
103 114
104 97
104 115
105 97
105 116
106 98
106 117
107 85
108 109
109 99
109 108
109 122
109 110
110 109
111 100
112 101
113 102
113 119
114 103
115 104
116 105
116 120
117 106
117 121
118 129
119 113
119 124
119 125
120 116
120 126
120 127
121 117
121 128
122 109
122 136
123 124
123 138
124 123
124 119
125 119
125 140
126 120
127 120
127 144
128 121
128 149
129 118
129 151
129 134
130 135
130 131
131 130
131 132
132 131
132 136
133 146
133 147
134 129
135 130
135 152
136 122
136 132
137 138
137 162
138 137
138 123
139 140
140 139
140 125
140 141
141 140
141 142
142 141
143 144
144 143
144 127
144 145
145 144
145 146
146 133
146 145
147 133
147 148
148 147
148 149
149 128
149 148
149 150
150 149
150 151
151 129
151 150
152 135
152 185
153 154
154 153
154 155
154 187
155 154
155 156
156 155
156 157
156 188
157 156
157 158
158 157
158 159
158 189
159 158
159 160
160 159
160 161
160 190
161 160
161 162
162 161
162 137
162 163
162 191
163 162
163 164
163 192
164 163
164 165
165 164
165 166
166 165
166 167
167 166
167 168
168 167
168 169
169 168
169 170
170 169
170 171
171 170
171 172
172 171
172 173
173 172
173 174
174 173
174 175
174 193
175 174
175 176
176 175
176 177
177 176
177 178
178 177
178 179
179 178
179 180
180 179
180 181
180 195
181 180
181 182
182 181
182 183
183 182
183 184
184 183
184 198
185 152
185 186
185 197
186 185
186 187
187 186
187 154
187 199
188 156
189 158
190 160
190 200
191 162
192 163
193 174
193 194
193 204
194 193
195 180
195 196
195 205
196 195
197 185
198 184
199 187
199 201
199 202
200 190
200 203
201 199
201 206
202 199
202 207
203 200
203 208
204 193
204 210
205 195
205 211
205 212
206 201
206 218
207 202
208 203
209 229
210 204
210 220
211 205
212 205
212 222
213 239
213 214
214 213
214 216
215 224
215 217
216 214
216 225
217 215
218 206
218 219
218 224
219 218
220 210
220 221
220 232
221 220
221 234
222 212
222 223
223 222
223 237
224 215
224 218
224 251
225 216
225 226
226 225
227 228
228 227
228 229
229 209
229 228
229 230
230 229
230 231
230 246
231 230
231 232
232 231
232 220
232 233
233 232
234 221
234 235
235 234
235 236
236 235
237 223
237 238
238 237
238 239
239 213
239 238
239 240
240 239
241 242
242 241
242 259
243 244
244 243
244 260
245 246
245 262
246 245
246 230
246 247
246 263
247 246
247 248
247 264
248 247
248 249
249 248
249 250
249 265
250 249
250 252
251 224
251 282
252 250
252 253
252 266
253 252
253 254
254 253
254 255
254 267
255 254
256 268
256 257
257 256
257 258
258 257
259 242
259 283
260 244
260 261
261 260
261 262
262 261
262 245
263 246
263 271
264 247
264 272
265 249
265 270
266 252
267 254
267 268
268 256
268 267
269 291
270 265
270 273
271 263
271 277
272 264
272 278
273 270
273 279
273 280
274 280
274 281
275 281
275 289
276 289
276 290
277 271
277 285
278 272
278 286
279 273
279 287
280 274
280 273
280 288
281 275
281 274
282 251
282 299
283 259
283 301
284 292
285 277
285 293
286 278
287 279
288 280
288 294
288 295
289 276
289 275
289 297
290 276
290 291
291 269
291 290
291 298
292 284
292 293
292 303
293 292
293 285
293 305
294 288
295 288
295 296
296 295
297 289
298 291
299 282
300 304
300 301
301 283
301 300
302 303
303 302
303 292
304 300
304 323
305 293
305 306
305 326
306 305
306 307
307 306
307 308
308 307
308 309
309 308
309 310
310 309
310 311
311 310
311 312
312 311
312 313
313 312
313 314
314 313
314 315
315 314
315 316
316 315
316 317
317 316
317 318
318 317
318 319
319 318
319 320
319 328
320 319
320 329
321 333
321 322
321 327
322 321
323 304
323 324
323 334
324 323
324 330
325 331
325 330
326 305
326 331
326 332
327 321
327 352
328 319
328 338
329 320
330 324
330 325
330 335
331 325
331 326
331 336
332 326
332 337
333 321
333 339
334 323
334 340
334 341
335 330
335 342
336 331
336 343
337 332
337 344
338 328
338 345
339 333
339 346
340 334
340 347
341 334
341 348
342 335
342 349
343 336
343 350
344 337
344 351
345 338
345 357
345 358
345 362
346 339
346 359
347 340
348 341
348 360
349 342
349 361
350 343
351 344
352 327
352 369
353 373
354 375
354 355
355 354
355 356
355 366
356 355
357 345
357 367
358 345
359 346
359 363
360 348
360 364
360 365
361 349
362 345
362 368
363 359
363 378
364 360
364 379
365 360
365 381
366 355
367 357
368 362
368 370
369 352
370 368
371 393
371 372
372 371
372 373
373 353
373 372
373 394
374 394
374 375
375 354
375 374
376 377
377 376
377 378
378 363
378 377
378 379
379 378
379 364
380 381
381 380
381 365
381 382
382 381
382 383
383 382
383 384
384 383
384 385
385 384
385 386
386 385
386 387
387 386
387 388
388 387
388 389
389 388
389 390
390 389
390 391
391 390
391 392
392 391
392 393
393 371
393 392
393 395
394 374
394 373
395 393

