0.1 0.2 1352 1377.84 3.16933
55
50
46
37
14
1
2
3
16
17
18
19
4
5
6
7
21
20
8
9
10
11
13
12
22
23
24
25
26
42
53
51
47
45
43
40
36
27
28
29
30
31
32
33
34
35
15
39
38
41
49
52
54
44
48
59
60
61
65
81
80
79
92
91
78
77
76
90
96
103
114
89
88
95
102
113
119
124
125
139
140
141
142
143
126
115
104
97
105
116
120
127
144
145
146
133
147
148
149
150
151
129
128
121
117
106
98
93
94
82
83
118
134
198
184
183
182
181
196
213
214
216
225
226
240
239
238
237
223
222
212
205
211
195
180
179
178
177
176
175
194
193
174
173
172
171
170
169
168
167
166
165
164
192
163
162
191
161
160
159
190
200
203
208
189
158
157
156
188
155
154
153
187
186
199
202
207
201
206
224
218
219
241
242
259
283
302
303
292
293
284
285
277
271
263
246
245
262
261
260
244
243
227
228
229
209
230
231
232
233
204
210
220
221
234
235
236
255
258
257
256
268
267
254
266
253
252
250
249
265
248
247
264
272
278
286
279
287
294
295
296
288
280
273
270
274
281
275
289
297
276
290
269
291
298
320
329
370
368
362
367
357
358
345
338
328
319
318
317
316
315
314
313
312
311
310
309
308
307
306
305
326
332
337
344
351
353
354
355
356
366
375
374
394
373
372
371
395
393
392
391
390
389
388
387
386
385
384
383
382
381
380
364
379
378
377
376
363
359
346
339
333
369
352
327
321
322
340
347
334
341
348
360
365
361
349
342
335
330
343
350
336
331
325
324
323
304
301
300
299
282
251
217
215
197
185
152
135
130
131
132
136
122
108
99
109
110
137
138
123
111
100
112
101
87
72
73
84
74
75
64
58
57
63
56
62
86
71
70
69
68
67
85
107
66
