weight: 1871
vertices-order: 
1
14
37
46
55
50
2
3
16
17
18
19
4
5
6
20
21
7
8
9
10
22
42
11
12
23
24
25
26
36
40
43
45
47
51
53
27
28
29
30
31
32
44
48
61
65
79
92
91
97
105
116
120
127
144
145
146
133
147
148
149
150
151
129
134
118
128
121
117
106
98
93
94
82
83
143
126
104
115
78
77
90
96
103
114
76
89
88
95
102
113
119
125
140
141
142
139
124
123
138
137
162
191
163
192
164
165
166
167
168
169
170
171
172
173
174
193
204
210
220
232
233
231
230
246
263
271
277
285
293
305
326
332
337
344
351
331
336
343
350
325
330
335
342
349
361
324
323
334
341
348
360
365
381
382
383
384
385
386
387
388
389
390
391
392
393
395
371
372
373
394
374
375
354
355
366
356
353
380
364
379
378
377
376
363
359
346
339
333
321
327
352
369
322
340
347
304
300
301
283
259
242
241
306
307
308
309
310
311
312
313
314
315
316
317
318
319
328
338
345
362
368
370
358
357
367
320
329
292
303
302
284
247
264
272
278
286
248
249
265
270
273
280
288
295
296
294
274
281
275
289
297
276
290
291
298
269
279
287
250
252
266
253
254
267
268
256
257
258
255
245
262
261
260
244
243
229
228
227
209
221
234
235
236
194
175
176
177
178
179
180
195
205
212
222
223
237
238
239
240
213
214
216
225
226
211
196
181
182
183
184
198
161
160
190
200
203
208
159
158
189
157
156
188
155
154
187
199
202
207
201
206
218
224
251
282
299
215
217
219
186
185
197
152
135
130
131
132
136
122
109
110
108
99
86
71
70
69
68
67
85
107
66
153
101
112
100
111
87
75
74
84
73
72
63
57
58
64
56
62
80
81
60
59
33
34
35
38
41
49
52
54
39
15
13

