weight: 1269
edges: 
1 21
2 23
2 24
3 25
3 4
3 50
4 3
4 26
5 27
6 29
6 7
7 6
7 8
8 7
8 9
9 8
9 31
10 32
10 33
10 54
11 33
11 34
12 37
13 39
13 14
13 40
14 13
15 41
15 17
16 19
17 15
17 43
18 46
19 16
19 20
19 47
20 19
20 21
21 20
21 1
21 22
22 21
22 23
23 2
23 22
23 48
24 2
24 25
24 49
25 3
25 24
26 4
26 27
26 51
27 5
27 26
27 28
28 27
28 29
29 6
29 28
29 30
30 29
31 9
31 32
31 53
32 10
32 31
33 11
33 10
33 55
34 11
34 35
35 34
35 36
36 35
36 37
37 12
37 36
37 38
38 37
38 39
39 13
39 38
39 57
40 13
40 41
41 15
41 40
41 42
42 41
43 17
43 44
44 43
44 45
45 44
45 46
46 18
46 45
46 58
47 19
47 56
48 23
48 62
49 24
50 3
51 26
51 52
52 51
52 64
53 31
53 60
53 66
54 10
55 33
56 47
57 39
57 61
58 46
58 59
58 89
59 58
60 53
60 65
61 57
61 76
62 48
62 69
62 70
63 71
64 52
64 72
65 60
65 73
66 53
66 74
67 85
68 76
68 87
69 62
69 77
69 78
70 62
70 79
71 63
71 80
72 64
72 81
73 65
73 82
74 66
74 84
75 85
76 68
76 61
76 86
77 69
78 69
79 70
79 96
80 71
80 90
81 72
81 98
82 73
82 91
83 94
84 74
84 92
85 67
85 75
85 102
86 76
86 93
87 68
88 89
89 88
89 58
89 105
90 80
90 97
91 82
91 100
92 84
92 101
93 86
93 103
94 83
94 95
95 94
95 107
96 79
96 114
97 90
97 117
98 81
98 99
98 118
99 98
100 91
101 92
101 120
102 85
102 122
102 110
103 93
103 104
104 103
105 89
105 106
105 123
106 105
107 95
107 108
108 107
108 109
109 108
109 114
110 102
111 112
112 111
112 113
113 112
113 123
114 109
114 96
114 125
115 116
116 115
116 117
117 97
117 116
117 118
118 117
118 98
119 120
120 119
120 101
120 121
121 120
121 122
122 102
122 121
123 113
123 105
124 125
124 159
125 124
125 114
125 152
126 152
126 127
126 153
127 126
127 128
128 127
128 129
128 154
129 128
129 130
130 129
130 131
130 155
131 130
131 132
132 131
132 133
133 132
133 134
134 133
134 135
135 134
135 136
136 135
136 137
137 136
137 138
138 137
138 139
139 138
139 140
140 139
140 141
141 140
141 142
142 141
142 143
142 156
143 142
143 144
144 143
144 145
145 144
145 146
146 145
146 147
147 146
147 148
148 147
148 149
149 148
149 150
150 149
150 158
151 160
152 126
152 125
153 126
153 164
154 128
154 165
155 130
155 169
156 142
156 157
156 170
157 156
158 150
158 160
158 166
159 124
159 188
160 151
160 158
160 161
161 160
161 162
162 161
162 163
163 162
164 153
164 167
164 173
165 154
165 168
166 158
166 171
167 164
167 174
168 165
168 175
169 155
169 176
170 156
170 178
170 179
170 180
171 166
171 183
171 184
172 185
173 164
173 191
174 167
175 168
176 169
176 192
177 202
178 170
179 170
179 193
180 170
180 181
181 180
181 182
181 195
182 181
183 171
183 190
184 171
185 172
185 199
185 186
186 185
186 187
187 186
188 159
188 189
188 198
189 188
190 183
190 196
190 197
191 173
192 176
192 200
193 179
193 194
194 193
195 181
196 190
197 190
197 210
198 188
199 185
199 212
200 192
200 201
200 222
201 200
201 202
202 177
202 201
202 208
203 208
203 204
204 203
204 205
205 204
205 206
206 205
206 207
207 206
208 203
208 202
209 210
210 209
210 197
210 211
210 234
211 210
211 212
212 199
212 211
213 214
213 248
214 213
214 215
215 214
215 216
216 215
216 217
217 216
217 218
218 217
218 219
219 218
219 220
220 219
220 221
221 220
221 222
221 241
222 221
222 200
222 223
222 242
223 222
224 225
225 224
225 240
226 227
226 240
226 243
227 226
227 228
228 227
228 229
229 228
229 230
230 229
230 246
231 246
231 232
232 231
232 233
233 232
234 210
234 235
234 247
235 234
235 236
236 235
236 237
236 249
237 236
237 250
238 250
238 239
239 238
240 225
240 226
241 221
241 251
242 222
243 226
243 244
243 259
244 243
245 248
245 263
246 230
246 231
246 255
247 234
247 256
248 245
248 213
249 236
250 238
250 237
250 269
251 241
251 252
252 251
252 257
253 257
253 258
254 258
254 262
255 246
255 267
255 266
256 247
256 260
256 267
257 253
257 252
257 261
258 254
258 253
259 243
259 264
260 256
260 268
261 257
261 275
262 254
263 245
263 271
263 279
264 259
264 277
265 266
266 265
266 255
266 280
267 255
267 256
268 260
269 250
269 270
269 272
269 282
270 269
271 263
271 273
272 269
272 274
273 271
273 283
274 272
274 284
275 261
275 276
275 289
276 275
277 264
277 278
277 295
278 277
278 290
279 263
279 281
280 266
281 279
281 285
282 269
283 273
284 274
285 281
285 312
286 287
286 293
287 286
287 288
288 287
288 289
289 288
289 275
290 278
290 291
291 290
291 292
292 291
292 296
293 286
294 295
294 301
295 294
295 277
296 292
297 313
298 299
299 298
299 300
299 315
300 299
300 301
301 300
301 294
301 302
302 301
302 303
303 302
303 304
303 316
304 303
304 305
305 304
305 306
305 318
306 305
306 307
307 306
307 308
307 319
308 307
308 309
309 308
309 310
309 321
310 309
310 311
311 310
311 322
312 285
312 320
313 297
313 314
313 342
314 313
314 315
315 314
315 299
316 303
316 317
317 316
317 330
318 305
319 307
320 312
320 346
321 309
322 311
322 323
322 331
323 322
323 327
324 327
324 328
325 328
325 329
326 329
327 324
327 323
327 332
328 325
328 324
328 333
329 326
329 325
329 334
330 317
330 336
331 322
331 337
332 327
332 338
333 328
333 339
334 329
334 340
335 345
336 330
336 347
337 331
337 348
338 332
338 349
339 333
339 350
340 334
340 351
341 363
342 313
342 343
342 364
343 342
344 345
344 362
345 335
345 344
345 355
346 320
346 357
347 336
347 356
348 337
348 352
349 338
349 353
350 339
351 340
351 354
352 348
352 358
353 349
354 351
354 359
355 345
355 356
356 355
356 347
357 346
357 363
358 352
358 366
359 354
360 361
361 360
361 362
362 361
362 344
363 341
363 357
363 379
364 342
365 366
366 365
366 358
366 367
366 391
367 366
367 368
368 367
368 369
369 368
369 370
370 369
370 371
371 370
371 372
372 371
372 373
373 372
373 374
374 373
374 375
375 374
375 376
376 375
376 377
377 376
377 378
378 377
378 393
379 363
379 380
380 379
380 395
381 382
382 381
382 383
383 382
383 384
384 383
384 385
385 384
385 386
386 385
386 387
387 386
387 388
388 387
388 389
388 398
389 388
389 390
390 389
390 391
390 399
391 390
391 366
391 392
391 400
392 391
393 378
393 394
394 393
394 396
395 380
395 407
396 394
396 397
397 396
397 416
398 388
398 403
399 390
400 391
400 404
401 404
401 402
402 401
403 398
403 405
404 401
404 400
404 406
405 403
405 409
406 404
406 410
407 395
407 421
408 420
408 415
409 405
409 419
410 406
410 412
411 414
412 410
412 413
413 412
413 426
414 411
414 430
415 408
416 397
416 434
417 423
417 422
418 419
418 423
419 418
419 409
419 424
420 408
420 421
421 420
421 407
422 417
423 417
423 418
423 435
424 419
425 426
426 425
426 413
426 427
426 436
427 426
427 428
428 427
428 429
429 428
429 430
430 414
430 429
430 431
431 430
431 432
432 431
433 434
434 433
434 416
435 423
436 426

