weight: 2119
vertices-order: 
1
21
22
23
48
62
70
79
96
114
125
152
126
153
164
173
191
167
174
127
128
154
165
168
175
129
130
155
169
176
192
200
222
242
223
221
241
251
252
257
261
275
289
288
287
286
293
276
253
258
254
262
220
219
218
217
216
215
214
213
248
245
263
279
281
285
312
320
346
357
363
379
380
395
407
421
420
408
415
341
271
273
283
201
202
208
203
204
205
206
207
177
131
132
133
134
135
136
137
138
139
140
141
142
156
170
180
181
195
182
179
193
194
178
157
143
144
145
146
147
148
149
150
158
166
171
184
183
190
197
210
234
247
256
267
255
266
280
265
246
231
232
233
230
229
228
227
226
243
259
264
277
295
294
301
302
303
316
317
330
336
347
356
355
345
344
362
361
360
335
304
305
318
306
307
319
308
309
321
310
311
322
331
337
348
352
358
366
391
400
404
406
410
412
413
426
436
427
428
429
430
431
432
414
411
425
401
402
392
390
399
389
388
398
403
405
409
419
424
418
423
435
417
422
387
386
385
384
383
382
381
367
368
369
370
371
372
373
374
375
376
377
378
393
394
396
397
416
434
433
365
323
327
332
338
349
353
324
328
333
339
350
325
329
334
340
351
354
359
326
300
299
315
314
313
342
364
343
297
298
278
290
291
292
296
244
240
225
224
260
268
235
236
249
237
250
269
282
272
274
284
270
238
239
211
212
199
185
186
187
172
209
196
160
161
162
163
151
124
159
188
198
189
109
108
107
95
94
83
69
78
77
2
24
49
25
3
50
4
26
51
52
64
72
81
98
118
117
116
115
97
90
80
71
63
99
27
28
29
30
6
7
8
9
31
53
66
74
84
92
101
120
121
122
102
110
85
75
67
119
60
65
73
82
91
100
32
10
54
33
55
11
34
35
36
37
38
39
57
61
76
86
93
103
104
68
87
13
40
41
42
15
17
43
44
45
46
58
89
105
123
113
112
111
106
88
59
18
14
12
5
20
19
47
56
16

