0.1 0.2 1535 1563.53 5.08057
28
29
30
6
7
8
9
31
32
10
54
55
33
11
34
35
12
13
14
40
41
42
15
17
43
44
45
46
18
58
59
88
89
106
105
123
113
112
111
87
68
104
103
93
86
76
61
57
39
38
37
36
67
75
85
102
110
122
121
120
101
92
84
74
66
53
60
65
73
82
91
100
119
135
136
137
138
139
140
141
142
156
157
143
144
145
146
147
148
149
150
158
160
151
161
162
163
187
186
172
185
199
212
211
238
239
272
274
284
282
270
269
250
249
237
236
235
234
247
256
260
268
267
255
266
265
280
296
292
291
290
278
304
305
318
306
307
319
308
309
321
310
311
322
331
337
348
352
358
353
349
338
332
327
323
324
328
333
339
350
325
329
334
340
351
354
326
359
378
377
376
375
374
373
372
371
370
369
368
367
366
365
392
401
402
393
394
396
397
416
434
433
411
414
432
431
430
429
428
427
426
436
425
413
412
410
406
404
400
391
390
399
389
388
398
403
405
409
419
424
418
423
435
422
417
381
382
383
384
385
386
387
356
355
362
361
360
344
345
335
347
336
330
317
316
303
302
301
300
299
315
343
342
364
341
379
380
395
407
421
420
415
408
363
357
346
320
312
285
281
279
283
273
271
263
245
248
213
214
215
216
217
218
219
220
221
241
222
223
242
254
262
276
258
253
251
252
257
261
275
289
288
287
286
293
297
313
314
298
294
295
277
264
259
244
243
224
225
240
226
227
228
229
230
246
231
232
233
209
210
197
190
183
166
171
184
196
195
182
181
180
194
193
179
170
178
207
206
205
204
203
208
202
201
200
192
177
134
133
132
131
130
155
169
176
175
168
165
154
129
128
127
126
153
164
167
174
191
173
152
125
124
159
188
198
189
83
94
95
107
108
109
114
96
78
77
69
79
70
62
49
48
23
22
21
20
19
47
56
16
1
2
24
25
3
50
63
71
80
90
97
115
116
117
118
98
99
81
72
64
52
51
26
4
27
5
