0.5 0.95 0.2 0.1 1481 1540.18 3.1844
419
409
405
403
398
399
400
404
406
410
412
413
425
436
426
427
428
429
430
431
432
414
411
433
434
416
397
396
394
393
402
401
392
391
390
389
388
387
386
385
384
383
382
381
360
361
362
344
335
345
355
356
347
336
330
317
316
302
301
294
295
303
304
305
318
306
307
308
319
321
309
310
311
322
323
331
337
348
352
358
366
365
367
368
369
370
371
372
373
374
375
376
377
378
359
354
351
340
329
334
350
339
333
328
353
349
338
332
327
324
325
326
284
274
272
239
238
250
269
282
270
249
237
236
235
234
247
256
260
268
267
255
266
265
280
296
292
291
290
278
277
264
259
243
244
240
224
225
226
227
228
229
230
246
231
232
233
196
209
210
211
212
199
197
190
183
184
171
166
182
181
195
180
194
193
179
170
178
207
206
205
204
203
177
208
202
201
200
192
176
169
155
130
131
132
133
134
135
136
137
138
139
140
141
142
156
157
143
144
145
146
147
148
149
150
158
172
185
186
187
163
162
161
160
151
111
112
113
123
105
106
89
88
59
58
46
18
45
44
43
17
15
42
41
40
14
13
39
57
68
87
104
103
93
86
76
61
38
37
12
36
35
34
11
33
55
67
75
85
102
110
122
121
119
120
101
92
84
74
66
100
91
82
73
65
60
53
54
10
32
31
9
8
7
6
30
29
28
5
27
52
51
26
4
3
25
2
24
49
48
23
22
21
1
20
19
16
47
56
83
94
95
107
108
109
114
77
78
69
62
70
79
96
115
116
97
90
80
71
63
50
72
81
64
99
98
118
117
129
154
128
127
126
153
165
168
175
164
167
174
191
173
152
125
124
159
188
189
198
245
248
213
214
215
216
217
218
219
220
221
222
223
242
241
251
252
261
257
253
258
254
262
276
275
289
288
287
286
293
285
281
279
263
271
273
283
312
320
346
357
363
341
297
313
314
298
300
299
315
343
342
364
395
380
379
408
415
420
421
407
417
422
435
423
418
424
