23215
22888
22634
22479
24339
23304
22767
23411
23039
23391
23167
23359
23722
23018
23494
23494
23177
22514
22224
23643
23314
23826
23683
23270
23104
23104
22331
23317
23386
24261
22679
22993
23227
23337
22494
23791
23437
23083
24102
23106
23706
23141
23273
22698
22506
23423
22936
23436
22732
23950
22143
23108
23057
24079
23240
23421
23148
22400
23406
23154
23644
22536
24112
22776
23831
22557
23085
23416
22466
23276
23147
22905
23760
22651
23176
22783
23610
23264
24153
22868
23067
23993
23157
23393
23878
22754
23619
22614
23431
23171
21735
23769
22753
22833
22700
23541
23886
24493
23180
22906
22870
23101
22296
23339
23090
22973
23378
23094
23510
23126
22959
22156
23375
23534
23326
22766
23151
22970
23078
23265
24496
22422
23271
24273
23489
22761
23309
23301
24175
22580
22878
23962
22920
23677
22658
22210
22641
23459
23555
24453
23376
23155
23200
23254
23244
21967
22799
22550
22682
23907
23223
22943
23624
23288
22572
22849
23912
23279
23381
22565
23449
23788
23115
22938
23127
22716
23311
23154
22812
22925
23567
23231
22954
23277
22908
23054
23575
22844
22666
22956
23224
22733
23217
23612
24067
22850
22909
23757
22760
23105
24226
23620
23419
23054
22607
23464
22939
23947
21985
23238
23419
23302
23543
23528
23556
23402
23524
23453
23750
23115
22555
22950
24418
23339
22878
23712
23203
23330
22683
24065
22959
23224
23719
23582
23166
23307
23252
23103
22020
22872
23712
23052
23460
23877
23846
23162
23025
23363
23202
23409
23632
23162
23259
23353
22484
23846
23048
22687
23431
23974
22045
22923
22974
23775
23161
23496
23252
23833
23791
23352
22902
23487
23279
22628
22630
24485
23875
23705
21836
22862
23429
23421
23472
22918
23309
22594
23504
23538
22506
23118
23681
23636
23285
23013
23734
23202
22545
23462
22951
23127
22692
23452
22910
23058
23713
23235
23627
22692
23286
22947
23928
24189
23126
22921
22769
22231
23990
22861
22261
22879
22818
23583
23154
22332
23527
23382
23920
23229
23967
22963
22600
23597
23606
22887
22878
23677
23782
22458
22801
24709
23641
23453
23018
23564
24138
23308
22413
23641
23104
23148
22991
22964
23049
23703
23438
23875
22845
24267
22511
23292
23059
23014
23593
22561
23052
23151
23342
22368
23485
24549
22474
23263
23570
23230
23958
22622
22553
23141
23471
22226
23484
23035
23890
23260
23687
23527
23284
23103
22679
23851
23552
23531
22948
22844
23041
23819
23209
23239
23441
23418
23606
23424
23389
22933
23202
22715
24052
24468
23288
23420
24059
23025
23025
22586
22987
24283
23722
24754
23980
23447
22552
22247
22974
23514
22924
22273
22493
23404
24694
23661
23449
23106
22820
22638
23591
24057
22110
22997
23358
22608
23291
23551
23553
23282
22778
23021
23205
23608
22611
23604
23483
23282
23528
23154
22543
23424
22788
24319
22857
23129
23757
22537
22689
23289
23412
22970
22126
22731
23796
23094
22897
23267
23783
22983
22956
23648
23654
23009
23705
23131
22721
22669
22716
23467
22897
23781
23106
23343
23062
23627
23517
22507
22555
23933
23206
23237
24085
22977
23533
23893
23067
24036
22706
23241
23604
22596
22528
23760
22970
23891
22314
23310
22665
23383
23246
23002
23634
22904
23650
23394
23932
23139
22667
23905
22107
23271
23444
23813
23755
22967
23321
22875
23636
23387
24317
23367
23366
23057
23427
22896
23360
23566
23641
23878
23095
23478
23131
23221
23243
23522
22347
23771
23261
22907
23007
23315
23523
23833
23770
23504
23678
23422
24105
24315
23131
22802
22953
23433
23724
23525
23759
23374
23616
22349
23433
24146
22552
23774
23099
23602
22944
23830
23265
23741
24301
22711
22530
23721
22678
23219
22990
23098
23404
23384
23721
22991
23615
23802
22493
22949
23980
23867
22997
23076
22716
23122
23387
23256
22814
24231
23361
23271
23471
23828
23502
22838
23080
24028
23008
23207
23318
23005
23379
22303
23010
22727
22259
23671
23234
23961
23014
23092
23571
23847
23033
23434
23404
23465
23056
22663
23407
23259
23551
22963
23755
22887
23560
22967
22971
23643
24117
22750
23002
23149
23132
22858
23143
23018
23840
22206
22949
22790
23288
23381
23704
23135
22065
24568
23719
23665
23513
23941
24429
24128
22266
23323
23141
23444
23202
23266
23995
23799
23586
23626
23261
22919
22523
23375
23500
23548
23785
24310
23780
23630
23080
22894
24039
22809
24028
23253
23167
22906
23898
24231
23705
23058
22708
23422
21867
23887
23243
23417
23505
23008
22863
23406
23391
22923
23362
23366
23013
22826
23232
23750
22778
23279
22810
23525
22780
23711
23891
23401
23190
23112
23439
22785
23378
22916
23326
23764
23402
23686
22547
23414
22974
23041
23500
23496
23855
23088
24114
23828
23239
23127
23163
23691
22886
22887
22984
22982
23585
24387
23641
23431
23394
23618
22518
22930
23389
23080
22820
23239
23329
22852
22937
23531
24211
22506
22792
23435
23383
23019
22973
23257
23480
22855
22336
22897
22890
22908
22937
22898
23834
23389
23249
23120
23868
23301
23169
22482
22502
23680
22217
23640
23206
22833
23720
23684
23824
23134
23066
23941
23654
23358
22563
23262
22716
22789
23146
23020
23399
23412
23022
23231
22013
23015
23602
23633
23464
22733
24268
23169
23527
22556
23287
23334
22909
23186
23442
23556
23093
23293
22617
24035
23506
23441
23308
23967
22841
23060
24338
23616
23128
22340
22725
23167
23340
23608
23442
22937
23125
24324
22749
23925
22650
23364
23105
22959
23653
23139
23591
22634
23254
23464
22835
22440
23235
22865
23014
23790
23504
24218
22931
22949
23473
23644
22604
23035
23555
22547
23514
22529
22954
23600
22507
22724
23027
22909
23043
23982
23113
22244
23703
23456
23343
22378
23112
23591
23141
22962
24039
22492
23930
23109
23682
23450
23087
23381
23139
22673
23141
23728
23197
22801
23500
23330
22706
23309
23161
22905
23449
24053
22552
22971
23512
23617
23953
22936
23749
23294
22935
23537
23384
23388
23924
22926
22638
22703
22956
23677
22626
23205
22912
22022
24003
21906
23331
22881
23312
22799
23432
23704
23121
22545
22449
23008
23656
23728
24220
22350
22825
23759
22734
23488
23080
22301
23084
23150
22530
22852
23877
23114
23216
23004
23236
23323
23398
22627
21905
22764
24295
23045
23246
22701
22826
23205
22392
23204
24092
23207
23160
23405
23766
22789
22569
22583
22238
22865
23680
23127
