mst-weight: 1269
improvements: 92
initial-cycle-weight: 2064
final-cycle-weight: 1580
188
159
124
125
152
126
127
153
164
173
191
174
167
175
168
165
154
129
128
96
79
70
62
69
78
77
114
109
108
107
95
94
83
56
47
16
19
20
1
21
22
23
48
49
24
2
25
3
4
26
51
50
63
71
80
90
97
115
116
117
118
98
99
81
72
64
52
27
5
28
29
30
6
7
8
9
31
60
65
73
82
91
100
119
120
121
122
102
110
67
75
85
101
92
84
74
66
53
32
10
54
55
33
11
34
35
36
37
12
38
39
57
61
76
86
93
103
104
68
40
13
14
41
42
15
17
43
44
45
46
18
58
59
106
105
89
88
87
111
112
113
123
151
163
162
161
160
172
185
186
187
199
212
211
238
239
272
274
284
282
270
269
250
249
237
236
235
247
234
209
210
197
196
190
183
184
171
166
158
150
149
148
147
146
145
144
143
157
180
181
182
195
194
193
178
179
170
156
142
141
140
139
138
137
136
135
134
133
132
131
130
155
169
176
192
177
207
206
205
204
203
208
202
201
200
223
222
242
253
258
254
262
276
298
294
295
277
264
259
244
243
224
225
240
226
227
228
229
230
246
231
232
233
256
260
268
267
255
266
265
280
296
292
291
290
278
304
305
318
306
307
319
308
309
321
310
311
322
331
337
348
352
358
353
349
338
332
327
323
324
328
333
339
350
325
329
334
340
351
354
326
359
393
394
396
397
416
434
433
411
414
432
431
430
429
428
427
426
436
425
413
412
410
406
404
401
402
378
377
376
375
374
373
372
371
370
369
368
367
366
365
392
400
391
390
399
389
388
398
403
405
409
419
424
418
423
435
422
417
381
382
383
384
385
386
387
356
355
362
361
360
344
345
335
347
336
330
317
316
303
302
301
300
299
315
314
343
364
342
313
297
293
286
287
288
289
275
261
257
252
251
241
221
220
219
218
217
216
215
214
213
248
263
279
281
285
312
341
379
380
395
407
421
420
415
408
363
357
346
320
283
273
271
245
198
189

improvements: 98
initial-cycle-weight: 2085
final-cycle-weight: 1574
276
294
295
304
305
318
306
307
319
308
309
321
310
311
322
331
337
348
352
353
349
338
332
327
323
324
328
333
339
350
325
329
334
340
351
354
326
359
378
377
376
375
374
373
372
371
370
369
368
367
358
366
365
392
401
402
393
394
396
397
416
434
433
411
414
432
431
430
429
428
427
426
436
425
413
412
410
406
404
400
391
390
399
389
388
398
403
405
409
419
424
418
423
435
422
417
381
382
383
384
385
386
387
356
355
362
361
360
344
345
335
347
336
330
317
316
303
302
301
300
299
298
315
314
343
364
342
313
297
293
286
287
288
289
275
261
257
252
251
220
219
218
217
216
215
214
213
248
245
263
279
281
285
312
341
379
380
395
407
421
420
415
408
363
357
346
320
283
273
271
198
189
188
159
124
125
152
153
164
173
191
174
167
175
168
165
154
129
128
127
126
114
109
108
107
95
94
83
56
16
1
22
21
20
19
47
77
69
78
96
79
70
62
48
23
2
24
49
25
3
50
63
71
80
90
97
115
116
117
118
98
99
81
72
64
52
51
26
4
27
5
28
29
30
6
7
8
9
31
60
65
73
82
91
100
119
120
121
122
102
110
67
75
85
101
92
84
74
66
53
32
10
54
55
33
11
34
35
36
37
12
38
61
76
86
93
103
104
68
57
39
13
14
40
41
42
15
17
43
44
45
46
18
58
59
106
105
89
88
87
111
112
113
123
151
163
162
161
160
172
185
186
187
199
212
211
238
239
272
274
284
282
270
269
250
249
237
236
235
234
247
256
260
268
267
255
266
265
280
296
292
291
290
278
277
264
259
244
243
224
225
240
226
227
228
229
230
246
231
232
233
209
210
197
196
190
183
184
171
166
158
150
149
148
147
146
145
144
143
157
180
181
182
195
194
193
178
179
170
156
142
141
140
139
138
137
136
135
134
133
132
131
130
155
169
176
192
177
207
206
205
204
203
208
202
201
200
223
242
222
221
241
253
258
254
262

improvements: 114
initial-cycle-weight: 2129
final-cycle-weight: 1547
46
45
44
43
17
15
14
13
38
12
37
36
35
34
11
33
55
54
10
32
31
9
8
7
6
5
4
3
50
25
24
49
48
23
2
22
21
1
20
19
47
16
56
83
94
95
107
108
109
114
152
125
124
159
188
189
198
191
173
174
167
164
153
126
127
128
154
165
168
175
169
176
192
200
201
202
208
203
204
205
206
207
178
170
179
193
194
180
181
182
195
196
184
171
166
183
190
197
210
209
233
232
231
246
230
229
228
227
226
240
225
224
243
244
259
264
277
295
294
298
313
297
293
286
287
288
289
275
261
257
252
251
253
258
276
262
254
242
223
222
241
221
220
219
218
217
216
215
214
213
248
245
263
271
273
283
279
281
285
312
320
346
357
363
408
415
420
421
407
395
380
379
341
364
342
343
314
315
299
300
301
302
303
316
317
330
336
347
335
345
344
360
361
362
355
356
387
386
385
384
383
382
381
417
422
435
423
418
424
419
409
405
403
398
388
389
399
390
391
400
392
365
366
358
367
368
369
370
371
372
373
374
375
376
377
378
402
401
404
406
410
412
413
426
425
436
427
428
429
430
431
432
414
411
433
434
416
397
396
394
393
359
326
354
351
340
334
329
325
324
328
333
339
350
353
349
338
332
327
323
352
348
337
331
322
311
310
321
309
308
319
307
306
318
305
304
278
290
291
292
296
280
265
266
255
267
268
260
256
247
234
235
236
237
249
250
269
270
282
284
274
272
239
238
211
212
199
187
186
185
172
160
161
162
163
151
158
150
149
148
147
146
145
144
143
157
156
142
141
140
139
138
137
136
135
134
133
132
131
177
155
130
129
96
77
78
69
62
70
79
63
71
80
90
97
115
116
117
118
98
99
81
72
64
52
51
26
27
28
29
30
53
60
65
73
82
91
100
66
74
84
92
101
119
120
121
122
110
102
85
75
67
61
76
86
93
103
104
87
68
57
39
40
41
42
88
111
112
113
123
105
106
89
59
58
18

improvements: 89
initial-cycle-weight: 2106
final-cycle-weight: 1579
210
211
212
199
185
172
186
187
238
239
272
274
284
282
270
269
250
249
237
236
235
234
247
256
260
268
267
255
266
280
296
292
291
290
278
304
305
318
306
307
319
308
309
321
310
311
322
331
337
348
352
358
353
349
338
332
327
323
324
328
333
339
350
325
329
334
340
351
354
326
359
378
377
376
375
374
373
372
371
370
369
368
367
366
365
392
401
402
393
394
396
397
416
434
433
411
414
432
431
430
429
428
427
426
436
425
413
412
410
406
404
400
391
390
399
389
388
398
403
405
409
419
424
418
423
435
422
417
381
382
383
384
385
386
387
356
355
362
361
360
344
345
335
347
336
330
317
316
303
302
301
294
295
277
264
259
243
244
265
246
231
232
233
230
229
228
227
226
240
225
224
207
206
205
204
203
208
202
201
177
169
176
192
200
222
223
242
253
258
254
262
276
298
300
299
315
314
313
343
364
342
297
293
286
287
288
289
275
261
257
252
251
241
221
220
219
218
217
216
215
214
213
248
245
263
279
281
285
312
341
379
380
395
407
421
420
415
408
363
357
346
320
283
273
271
198
189
188
159
124
109
108
107
95
94
83
56
16
1
22
21
20
19
47
77
48
23
2
24
49
25
3
50
4
26
51
72
81
64
52
27
5
28
29
30
6
7
8
9
31
32
10
54
55
33
11
34
35
12
13
14
40
41
42
15
17
43
44
45
46
18
58
59
88
89
106
105
123
113
112
111
87
68
104
103
93
86
76
61
57
39
38
37
36
67
75
85
102
110
122
121
120
119
101
92
84
74
66
53
60
65
73
82
91
100
99
98
118
117
116
115
97
90
80
71
63
79
70
62
69
78
96
114
125
152
126
127
153
164
173
191
174
167
175
168
165
154
128
129
155
130
131
132
133
134
135
136
137
138
139
140
141
142
156
170
179
178
193
194
195
182
181
180
157
143
144
145
146
147
148
149
150
151
163
162
161
160
158
166
171
184
183
190
196
197
209

improvements: 92
initial-cycle-weight: 2087
final-cycle-weight: 1589
207
206
205
204
203
208
202
201
177
169
176
192
200
222
223
242
253
258
254
262
276
298
300
299
315
314
343
364
342
313
297
293
286
287
288
289
275
261
257
252
251
241
221
220
219
218
217
216
215
214
213
248
245
263
279
281
285
312
341
379
380
395
407
421
420
415
408
363
357
346
320
283
273
271
198
189
188
159
124
109
108
107
95
94
83
56
16
47
19
20
1
21
22
23
2
24
49
25
3
50
72
81
64
52
51
26
4
27
5
28
29
30
6
7
8
9
31
32
10
54
55
33
11
34
35
12
13
14
40
41
42
15
17
43
44
45
46
18
58
59
88
89
106
105
123
113
112
111
87
68
104
103
93
86
76
61
57
39
38
37
36
67
75
85
102
110
122
121
120
119
101
92
84
74
66
53
60
65
73
82
91
100
99
98
118
117
116
115
97
90
80
71
63
48
77
78
69
62
70
79
96
114
125
152
126
127
153
164
173
191
174
167
175
168
165
154
128
129
155
130
131
132
133
134
135
136
137
138
139
140
141
142
156
170
179
178
193
194
195
182
181
180
157
143
144
145
146
147
148
149
150
151
163
162
161
160
158
166
171
184
183
190
196
197
210
211
212
199
185
172
186
187
238
239
272
274
284
282
270
269
250
249
237
236
235
234
247
256
260
268
267
255
209
233
232
231
246
230
229
228
227
244
265
266
280
296
292
291
290
278
304
305
318
306
307
319
308
309
321
310
311
322
331
337
348
352
353
349
338
332
327
323
324
328
333
339
350
325
329
334
340
351
354
326
359
393
394
396
397
416
434
433
411
414
432
431
430
429
428
427
426
436
425
413
412
410
406
404
401
402
378
377
376
375
374
373
372
371
370
369
368
367
358
366
365
392
400
391
390
399
389
388
398
403
405
409
419
424
418
423
435
422
417
381
382
383
384
385
386
387
356
355
362
361
360
344
345
335
347
336
330
317
316
303
302
301
294
295
277
264
259
243
226
240
225
224

improvements: 101
initial-cycle-weight: 2119
final-cycle-weight: 1558
47
19
20
1
21
22
77
69
78
96
79
70
62
48
23
2
24
49
25
3
4
26
51
50
63
71
80
90
97
115
116
117
118
98
99
81
72
64
52
27
5
28
29
30
6
7
8
9
31
60
65
73
82
91
100
119
120
121
122
102
110
67
75
85
101
92
84
74
66
53
32
10
54
55
33
11
34
35
36
37
12
38
39
57
61
76
86
93
103
104
68
40
13
14
41
42
15
17
43
44
45
46
18
58
59
106
105
89
88
87
111
112
113
123
151
163
162
161
160
172
185
186
187
199
212
211
238
239
272
274
284
282
270
269
250
249
237
236
235
234
247
256
260
268
267
255
266
265
280
296
292
291
290
278
304
305
318
306
307
319
308
309
321
310
311
322
331
337
348
352
353
349
338
332
327
323
324
328
333
339
350
325
329
334
340
351
354
326
359
393
394
396
397
416
434
433
411
414
432
431
430
429
428
427
426
436
425
413
412
410
406
404
401
402
378
377
376
375
374
373
372
371
370
369
368
367
358
366
365
392
400
391
390
399
389
388
398
403
405
409
419
424
418
423
435
422
417
381
382
383
384
385
386
387
356
355
362
361
360
344
345
335
347
336
330
317
316
303
302
301
300
299
315
314
343
342
364
341
379
380
395
407
421
420
415
408
363
357
346
320
312
285
281
279
283
273
271
263
245
248
213
214
215
216
217
218
219
220
221
241
222
223
242
254
262
276
258
253
251
252
257
261
275
289
288
287
286
293
297
313
298
294
295
277
264
259
244
243
224
225
240
226
227
228
229
230
246
231
232
233
209
210
197
196
190
183
184
171
166
158
150
149
148
147
146
145
144
143
157
180
181
182
195
194
193
178
179
170
156
142
141
140
139
138
137
136
135
134
133
132
131
177
207
206
205
204
203
208
202
201
200
192
176
169
155
130
129
128
127
154
165
168
175
167
174
191
173
164
153
126
152
125
188
198
189
159
124
114
109
108
107
95
94
83
56
16

improvements: 93
initial-cycle-weight: 2086
final-cycle-weight: 1553
209
210
211
212
199
187
186
185
172
197
196
190
183
184
171
166
158
160
161
162
163
151
150
149
148
147
146
145
144
143
157
156
142
141
140
139
138
137
136
135
134
133
132
131
130
155
129
128
154
165
168
175
167
174
191
173
164
153
127
126
152
125
114
96
79
70
62
69
78
77
48
63
71
80
90
97
115
116
117
118
98
99
100
91
82
73
65
60
53
66
74
84
92
101
119
120
121
122
110
102
85
75
67
38
39
57
61
76
86
93
103
104
68
87
111
112
113
123
105
106
89
88
59
58
18
46
45
44
43
17
15
42
41
40
14
13
12
37
36
35
34
11
33
55
54
10
32
31
9
8
7
6
30
29
28
5
27
4
26
51
52
64
81
72
50
3
25
49
24
2
23
22
21
1
20
19
47
16
56
83
94
95
107
108
109
124
159
188
189
198
271
273
283
320
346
357
363
408
415
420
421
407
395
380
379
341
312
285
281
279
263
245
248
213
214
215
216
217
218
219
220
221
241
251
252
257
261
275
289
288
287
286
293
297
313
342
364
343
314
315
298
299
300
301
302
303
316
335
345
344
360
361
362
355
356
347
336
330
317
304
305
318
306
307
319
308
309
321
310
311
322
331
337
348
352
358
366
365
387
386
385
384
383
382
381
417
422
435
423
418
424
419
409
405
403
398
388
389
399
390
391
392
400
404
406
410
412
413
426
425
436
427
428
429
430
431
432
414
401
402
411
433
434
416
397
396
394
393
378
377
376
375
374
373
372
371
370
369
368
367
353
349
338
332
327
323
324
328
333
339
350
325
329
334
340
351
354
359
326
284
274
272
282
270
269
239
238
250
249
237
236
235
234
247
256
260
268
267
255
266
280
265
246
230
229
228
227
226
224
225
240
244
243
259
264
296
292
291
290
278
277
295
294
276
262
254
258
253
242
223
222
200
192
176
169
177
201
202
208
203
204
205
206
207
178
170
179
193
194
180
181
182
195
231
232
233

improvements: 119
initial-cycle-weight: 2131
final-cycle-weight: 1541
37
36
35
34
11
33
55
54
10
32
31
9
8
7
6
5
4
3
50
49
25
24
2
23
48
22
21
1
20
19
47
16
56
83
94
95
107
108
109
114
152
125
124
159
189
198
188
173
191
174
167
164
153
126
127
128
154
165
168
175
169
176
192
200
201
202
208
203
204
205
206
207
178
170
179
193
194
180
181
182
195
196
184
171
166
183
190
197
210
209
233
232
231
246
230
229
228
227
226
240
225
224
243
244
259
264
277
295
294
298
314
313
297
293
286
287
288
289
275
261
257
252
251
253
258
276
262
254
242
223
222
241
221
220
219
218
217
216
215
214
213
248
245
263
271
273
283
279
281
285
312
320
346
357
363
408
415
420
421
407
395
380
379
341
364
342
343
315
299
300
301
302
303
316
317
330
336
347
335
345
344
360
361
362
355
356
387
386
385
384
383
382
381
417
422
435
423
418
424
419
409
405
403
398
388
389
399
390
391
400
404
406
410
412
413
426
425
436
427
428
429
430
431
432
414
411
433
434
416
397
396
394
393
402
401
392
365
366
358
367
368
369
370
371
372
373
374
375
376
377
378
359
326
354
351
340
334
329
325
324
328
333
339
350
353
349
338
332
327
323
352
348
337
331
322
311
310
321
309
308
319
307
306
318
305
304
278
290
291
292
296
280
265
266
255
267
268
260
256
247
234
235
236
237
249
250
269
270
282
284
274
272
239
238
211
212
199
185
172
186
187
163
162
161
151
160
158
150
149
148
147
146
145
144
143
157
156
142
141
140
139
138
137
136
135
134
133
132
131
177
155
130
129
96
77
78
69
62
70
79
63
71
80
90
97
115
116
117
118
98
99
81
72
64
52
51
26
27
28
29
30
53
60
65
73
82
91
100
66
74
84
92
101
119
120
121
122
110
102
85
75
67
61
76
86
93
103
104
87
68
57
39
40
41
42
88
111
112
113
123
105
106
89
59
58
18
46
45
44
43
17
15
14
13
38
12

improvements: 88
initial-cycle-weight: 2077
final-cycle-weight: 1565
313
342
364
343
314
315
299
300
301
302
303
316
335
345
344
360
361
362
355
356
347
336
330
317
304
305
318
306
307
319
308
309
321
310
311
322
331
337
348
352
358
366
365
387
386
385
384
383
382
381
417
422
435
423
418
424
419
409
405
403
398
388
389
399
390
391
392
400
404
406
410
412
413
426
425
436
427
428
429
430
431
432
414
401
402
411
433
434
416
397
396
394
393
378
377
376
375
374
373
372
371
370
369
368
367
353
349
338
332
327
323
324
328
333
339
350
325
329
334
340
351
354
359
326
284
274
272
282
270
269
239
238
250
249
237
236
235
234
247
256
260
268
267
255
266
280
265
246
230
229
228
227
226
224
225
240
244
243
259
264
296
292
291
290
278
277
295
294
298
276
262
254
258
253
242
223
222
200
192
176
169
177
201
202
208
203
204
205
206
207
178
170
179
193
194
180
181
182
195
231
232
233
209
210
211
212
199
187
186
185
172
197
196
190
183
184
171
166
158
160
161
162
163
151
150
149
148
147
146
145
144
143
157
156
142
141
140
139
138
137
136
135
134
133
132
131
130
155
129
128
154
165
168
175
167
174
191
173
164
153
127
126
152
125
114
96
78
69
62
70
79
63
71
80
90
97
115
116
117
118
98
99
100
91
82
73
65
60
53
66
74
84
92
101
119
120
121
122
110
102
85
75
67
38
39
57
61
76
86
93
103
104
68
87
111
112
113
123
105
106
89
88
59
58
18
46
45
44
43
17
15
42
41
40
14
13
12
37
36
35
34
11
33
55
54
10
32
31
9
8
7
6
30
29
28
5
27
4
26
51
52
64
81
72
50
3
25
49
24
2
23
48
77
47
21
22
1
20
19
16
56
83
94
95
107
108
109
124
159
188
189
198
271
273
283
320
346
357
363
408
415
420
421
407
395
380
379
341
312
285
281
279
263
245
248
213
214
215
216
217
218
219
220
221
241
251
252
257
261
275
289
288
287
286
293
297

improvements: 95
initial-cycle-weight: 2066
final-cycle-weight: 1566
379
380
395
407
421
420
415
408
363
357
346
320
312
285
281
279
283
273
271
263
245
248
213
198
189
188
159
124
125
152
126
127
153
164
173
191
174
167
175
168
165
154
129
128
96
79
70
62
69
78
77
114
109
108
107
95
94
83
56
47
16
19
20
1
21
22
23
48
49
24
2
25
3
4
26
51
50
63
71
80
90
97
115
116
117
118
98
99
81
72
64
52
27
5
28
29
30
6
7
8
9
31
60
65
73
82
91
100
119
120
121
122
102
110
67
75
85
101
92
84
74
66
53
32
10
54
55
33
11
34
35
36
37
12
38
39
57
61
76
86
93
103
104
68
40
13
14
41
42
15
17
43
44
45
46
18
58
59
106
105
89
88
87
111
112
113
123
151
163
162
161
160
172
185
186
187
199
212
211
238
239
272
274
284
282
270
269
250
249
237
236
235
234
247
256
260
268
267
255
266
265
280
296
292
291
290
278
304
305
318
306
307
319
308
309
321
310
311
322
331
337
348
352
358
353
349
338
332
327
323
324
328
333
339
350
325
329
334
340
351
354
326
359
393
394
396
397
416
434
433
411
414
432
431
430
429
428
427
426
436
425
413
412
410
406
404
401
402
378
377
376
375
374
373
372
371
370
369
368
367
366
365
392
400
391
390
399
389
388
398
403
405
409
419
424
418
423
435
422
417
381
382
383
384
385
386
387
356
355
362
361
360
344
345
335
347
336
330
317
316
303
302
301
300
299
315
314
343
364
342
297
313
298
294
295
277
264
259
244
243
224
225
240
226
227
228
229
230
246
231
232
233
209
210
197
196
190
183
184
171
166
158
150
149
148
147
146
145
144
143
157
180
181
182
195
194
193
178
179
170
156
142
141
140
139
138
137
136
135
134
133
132
131
130
155
169
176
192
177
207
206
205
204
203
208
202
201
200
223
222
242
258
254
262
276
253
241
221
220
219
218
217
216
215
214
251
252
257
261
275
289
288
287
286
293
341

improvements: 88
initial-cycle-weight: 2106
final-cycle-weight: 1583
210
211
212
199
187
186
185
172
197
196
190
183
184
171
166
158
160
161
162
163
151
150
149
148
147
146
145
144
143
157
180
181
182
195
194
193
178
179
170
156
142
141
140
139
138
137
136
135
134
133
132
131
130
155
129
128
154
165
168
175
167
174
191
173
164
153
127
126
152
125
114
96
78
69
62
70
79
63
71
80
90
97
115
116
117
118
98
99
100
91
82
73
65
60
53
66
74
84
92
101
119
120
121
122
110
102
85
75
67
38
39
57
61
76
86
93
103
104
68
87
111
112
113
123
105
106
89
88
59
58
18
46
45
44
43
17
15
42
41
40
14
13
12
37
36
35
34
11
33
55
54
10
32
31
9
8
7
6
30
29
28
5
27
52
64
81
72
51
26
4
50
3
25
49
24
2
23
48
77
47
21
22
1
20
19
16
56
83
94
95
107
108
109
124
159
188
189
198
271
273
283
320
346
357
363
408
415
420
421
407
395
380
379
341
312
285
281
279
263
245
248
213
214
215
216
217
218
219
220
221
241
251
252
257
261
275
289
288
287
286
293
297
342
364
343
313
314
315
299
300
298
276
262
254
258
253
242
223
222
200
192
176
169
177
201
202
208
203
204
205
206
207
224
225
240
226
227
228
229
230
233
232
231
246
265
244
243
259
264
277
295
294
301
302
303
316
317
330
336
347
335
345
344
360
361
362
355
356
387
386
385
384
383
382
381
417
422
435
423
418
424
419
409
405
403
398
388
389
399
390
391
400
404
406
410
412
413
426
425
436
427
428
429
430
431
432
414
411
433
434
416
397
396
394
393
402
401
392
365
366
367
368
369
370
371
372
373
374
375
376
377
378
359
326
354
351
340
334
329
325
350
339
333
328
324
323
327
332
338
349
353
358
352
348
337
331
322
311
310
321
309
308
319
307
306
318
305
304
278
290
291
292
296
280
266
255
267
268
260
256
247
234
235
236
249
270
269
282
284
274
272
239
238
250
237
209

improvements: 121
initial-cycle-weight: 2124
final-cycle-weight: 1534
88
87
68
57
61
76
86
93
104
103
67
75
85
102
110
122
121
120
119
101
92
84
74
66
100
91
82
73
65
60
53
30
29
28
27
26
51
52
64
72
81
99
98
118
117
116
115
97
90
80
71
63
62
70
79
69
78
77
96
129
130
155
177
131
132
133
134
135
136
137
138
139
140
141
142
156
157
143
144
145
146
147
148
149
150
158
160
151
161
162
163
187
186
172
185
199
212
211
238
239
272
274
284
282
270
269
250
249
237
236
235
234
247
256
260
268
267
255
266
265
280
296
292
291
290
278
304
305
318
306
307
319
308
309
321
310
311
322
331
337
348
352
353
349
338
332
327
323
324
328
333
339
350
325
329
334
340
351
354
326
359
378
377
376
375
374
373
372
371
370
369
368
367
358
366
365
392
401
402
393
394
396
397
416
434
433
411
414
432
431
430
429
428
427
426
436
425
413
412
410
406
404
400
391
390
399
389
388
398
403
405
409
419
424
418
423
435
422
417
381
382
383
384
385
386
387
356
355
362
361
360
344
345
335
347
336
330
317
316
303
302
301
300
299
315
343
342
364
341
379
380
395
407
421
420
415
408
363
357
346
320
312
285
281
279
283
273
271
263
245
248
213
214
215
216
217
218
219
220
221
241
222
223
242
254
262
276
258
253
251
252
257
261
275
289
288
287
286
293
297
313
314
298
294
295
277
264
259
244
243
224
225
240
226
227
228
229
230
246
231
232
233
209
210
197
190
183
166
171
184
196
195
182
181
180
194
193
179
170
178
207
206
205
204
203
208
202
201
200
192
176
169
175
168
165
154
128
127
126
153
164
167
174
191
173
188
198
189
159
124
125
152
114
109
108
107
95
94
83
56
16
47
19
20
1
21
22
48
23
2
24
25
49
50
3
4
5
6
7
8
9
31
32
10
54
55
33
11
34
35
36
37
12
38
39
13
14
40
41
42
15
17
43
44
45
18
46
58
59
89
106
105
123
113
112
111

improvements: 100
initial-cycle-weight: 2080
final-cycle-weight: 1565
360
361
362
344
335
345
355
356
347
336
330
317
316
303
304
305
306
318
319
307
308
309
321
310
311
270
282
269
250
249
237
236
235
234
247
256
260
268
267
255
266
265
280
296
292
291
290
278
277
295
294
302
301
300
299
298
315
314
313
343
364
342
297
293
286
287
288
289
275
261
257
252
251
241
253
258
254
262
276
264
259
243
224
225
240
226
244
227
228
229
230
246
231
232
233
209
195
182
181
180
194
193
179
170
178
207
206
205
204
203
208
202
201
177
169
176
192
200
223
242
222
221
220
219
218
217
216
215
214
213
248
245
263
279
281
285
312
341
379
380
395
407
421
420
415
408
363
357
346
320
283
273
271
198
189
188
159
124
109
108
107
95
94
83
56
16
1
22
21
20
19
47
77
48
23
2
24
49
25
3
50
4
26
51
72
81
64
52
27
5
28
29
30
6
7
8
9
31
32
10
54
55
33
11
34
35
12
13
14
40
41
42
15
17
43
44
45
46
18
58
59
88
89
106
105
123
113
112
111
87
68
104
103
93
86
76
61
57
39
38
37
36
67
75
85
102
110
122
121
120
119
101
92
84
74
66
53
60
65
73
82
91
100
99
98
118
117
116
115
97
90
80
71
63
79
70
62
69
78
96
114
125
152
126
127
153
164
173
191
174
167
175
168
165
154
128
129
155
130
131
132
133
134
135
136
137
138
139
140
141
142
156
157
143
144
145
146
147
148
149
150
151
163
162
161
160
158
166
171
184
183
190
196
197
210
211
212
199
185
172
186
187
238
239
272
274
284
326
359
354
351
340
334
329
325
324
328
333
339
350
353
349
338
332
327
323
322
331
337
348
352
358
365
366
367
368
369
370
371
372
373
374
375
376
377
378
393
394
396
397
416
434
433
411
402
401
414
432
431
430
429
428
427
426
436
425
413
412
410
406
404
400
392
391
390
389
399
398
388
387
386
385
403
405
409
419
424
418
423
435
422
417
384
383
382
381

improvements: 89
initial-cycle-weight: 2077
final-cycle-weight: 1560
345
355
356
347
336
330
317
316
303
304
305
318
306
307
319
308
309
321
310
311
322
331
337
348
352
358
366
365
387
386
385
384
383
382
381
417
422
435
423
418
424
419
409
405
403
398
388
389
399
390
391
392
400
404
406
410
412
413
426
425
436
427
428
429
430
431
432
414
401
402
411
433
434
416
397
396
394
393
378
377
376
375
374
373
372
371
370
369
368
367
353
349
338
332
327
323
324
328
333
339
350
325
329
334
340
351
354
359
326
284
274
272
282
270
269
239
238
250
249
237
236
235
234
247
256
260
268
267
255
266
280
265
246
230
229
228
227
226
224
225
240
244
243
259
264
296
292
291
290
278
277
295
294
302
301
300
299
298
276
262
254
258
253
242
223
222
200
192
176
169
177
201
202
208
203
204
205
206
207
178
170
179
193
194
180
181
182
195
231
232
233
209
210
211
212
199
187
186
185
172
197
196
190
183
184
171
166
158
160
161
162
163
151
150
149
148
147
146
145
144
143
157
156
142
141
140
139
138
137
136
135
134
133
132
131
130
155
129
128
154
165
168
175
167
174
191
173
164
153
127
126
152
125
114
96
78
69
62
70
79
63
71
80
90
97
115
116
117
118
98
99
100
91
82
73
65
60
53
66
74
84
92
101
119
120
121
122
110
102
85
75
67
38
39
57
61
76
86
93
103
104
68
87
111
112
113
123
105
106
89
88
59
58
18
46
45
44
43
17
15
42
41
40
14
13
12
37
36
35
34
11
33
55
54
10
32
31
9
8
7
6
30
29
28
5
27
4
26
51
52
64
81
72
50
3
25
49
24
2
23
48
77
47
21
22
1
20
19
16
56
83
94
95
107
108
109
124
159
188
189
198
271
273
283
320
346
357
363
408
415
420
421
407
395
380
379
341
312
285
281
279
263
245
248
213
214
215
216
217
218
219
220
221
241
251
252
257
261
275
289
288
287
286
293
297
342
364
343
313
314
315
360
361
362
344
335

improvements: 97
initial-cycle-weight: 2096
final-cycle-weight: 1560
354
359
393
394
396
397
416
434
433
411
414
432
431
430
429
428
427
426
436
425
413
412
410
406
404
401
402
378
377
376
375
374
373
372
371
370
369
368
367
366
365
392
400
391
390
399
389
388
398
403
405
409
419
424
418
423
435
422
417
387
386
385
384
383
382
381
360
361
362
344
315
314
343
364
342
313
297
293
286
287
288
289
275
261
257
252
251
241
221
220
219
218
217
216
215
214
213
248
245
263
279
281
285
312
341
379
380
395
407
421
420
415
408
363
357
346
320
283
273
271
198
189
188
159
124
109
108
107
95
94
83
56
16
47
19
20
1
21
22
23
2
24
49
25
3
50
4
26
51
72
81
64
52
27
5
28
29
30
6
7
8
9
31
32
10
54
55
33
11
34
35
12
13
14
40
41
42
15
17
43
44
45
46
18
58
59
88
89
106
105
123
113
112
111
87
68
104
103
93
86
76
61
57
39
38
37
36
67
75
85
102
110
122
121
120
119
101
92
84
74
66
53
60
65
73
82
91
100
99
98
118
117
116
115
97
90
80
71
63
48
77
78
69
62
70
79
96
114
125
152
126
127
153
164
173
191
174
167
175
168
165
154
128
129
155
130
131
132
133
134
135
136
137
138
139
140
141
142
156
157
143
144
145
146
147
148
149
150
151
163
162
161
160
158
166
171
184
183
190
196
197
210
211
212
199
185
172
186
187
238
239
272
274
284
282
270
269
250
249
237
236
235
234
247
256
260
268
267
255
266
265
280
296
292
291
290
278
277
295
294
264
259
243
224
225
240
226
244
227
228
229
230
246
231
232
233
209
195
182
181
180
194
193
179
170
178
207
206
205
204
203
208
202
201
177
169
176
192
200
222
223
242
253
258
254
262
276
298
299
300
301
302
335
345
355
356
347
336
330
317
316
303
304
305
306
318
319
307
308
309
321
310
311
322
323
331
337
348
352
358
353
349
338
332
327
324
328
333
339
350
325
329
334
340
351
326

improvements: 96
initial-cycle-weight: 2103
final-cycle-weight: 1577
188
159
124
125
152
126
127
153
164
173
191
174
167
175
168
165
154
129
128
96
79
70
62
69
78
77
114
109
108
107
95
94
83
56
47
16
19
20
1
21
22
23
48
49
24
2
25
3
4
26
51
50
63
71
80
90
97
115
116
117
118
98
99
81
72
64
52
27
5
28
29
30
6
7
8
9
31
60
65
73
82
91
100
119
120
121
122
102
110
67
75
85
101
92
84
74
66
53
32
10
54
55
33
11
34
35
36
37
12
38
39
57
61
76
86
93
103
104
68
40
13
14
41
42
15
17
43
44
45
46
18
58
59
106
105
89
88
87
111
112
113
123
151
163
162
161
160
172
185
186
187
199
212
211
238
239
272
274
284
282
270
269
250
249
237
236
235
234
247
256
260
268
267
255
266
265
280
296
292
291
290
278
304
305
318
306
307
319
308
309
321
310
311
322
331
337
348
352
353
349
338
332
327
323
324
328
333
339
350
325
329
334
340
351
354
326
359
393
394
396
397
416
434
433
411
414
432
431
430
429
428
427
426
436
425
413
412
410
406
404
401
402
378
377
376
375
374
373
372
371
370
369
368
367
358
366
365
392
400
391
390
399
389
388
398
403
405
409
419
424
418
423
435
422
417
381
382
383
384
385
386
387
356
355
362
361
360
344
345
335
347
336
330
317
316
303
302
301
294
295
277
264
259
244
243
224
225
240
226
227
228
229
230
246
231
232
233
209
210
197
196
190
183
184
171
166
158
150
149
148
147
146
145
144
143
157
180
181
182
195
194
193
178
179
170
156
142
141
140
139
138
137
136
135
134
133
132
131
130
155
169
176
192
177
207
206
205
204
203
208
202
201
200
222
223
242
253
258
254
262
276
298
300
299
315
314
343
364
342
313
297
293
286
287
288
289
275
261
257
252
251
241
221
220
219
218
217
216
215
214
213
248
245
263
279
281
285
312
341
379
380
395
407
421
420
415
408
363
357
346
320
283
273
271
198
189

improvements: 85
initial-cycle-weight: 2081
final-cycle-weight: 1556
344
362
361
360
315
314
343
364
342
313
297
293
286
287
288
289
275
261
257
252
251
241
221
220
219
218
217
216
215
214
213
248
245
263
279
281
285
312
341
379
380
395
407
421
420
415
408
363
357
346
320
283
273
271
198
189
188
159
124
109
108
107
95
94
83
56
16
47
19
20
1
21
22
23
2
24
49
25
3
50
4
26
51
72
81
64
52
27
5
28
29
30
6
7
8
9
31
32
10
54
55
33
11
34
35
12
13
14
40
41
42
15
17
43
44
45
46
18
58
59
88
89
106
105
123
113
112
111
87
68
104
103
93
86
76
61
57
39
38
37
36
67
75
85
102
110
122
121
120
119
101
92
84
74
66
53
60
65
73
82
91
100
99
98
118
117
116
115
97
90
80
71
63
48
77
78
69
62
70
79
96
114
125
152
126
127
153
164
173
191
174
167
175
168
165
154
128
129
155
130
131
132
133
134
135
136
137
138
139
140
141
142
156
157
143
144
145
146
147
148
149
150
151
163
162
161
160
158
166
171
184
183
190
196
197
172
185
186
187
199
212
211
210
209
233
232
231
195
182
181
180
194
193
179
170
178
207
206
205
204
203
208
202
201
177
169
176
192
200
222
223
242
253
258
254
262
276
298
299
300
301
302
294
295
277
278
290
291
292
296
264
259
243
224
225
240
226
244
227
228
229
230
246
265
280
266
255
267
268
260
256
247
234
235
236
237
249
250
238
239
269
270
282
272
274
284
326
359
354
351
340
334
329
325
350
339
333
328
324
323
327
332
338
349
353
367
368
369
370
371
372
373
374
375
376
377
378
393
394
396
397
416
434
433
411
402
401
414
432
431
430
429
428
427
426
436
425
413
412
410
406
404
400
392
391
390
399
389
388
398
403
405
409
419
424
418
423
435
422
417
381
382
383
384
385
386
387
365
366
358
352
348
337
331
322
311
310
321
309
308
319
307
306
318
305
304
303
316
317
330
336
347
356
355
345
335

improvements: 87
initial-cycle-weight: 2102
final-cycle-weight: 1579
210
211
212
199
185
172
186
187
238
239
272
274
284
282
270
269
250
249
237
236
235
234
247
256
260
268
267
255
266
280
296
292
291
290
278
304
305
318
306
307
319
308
309
321
310
311
322
331
337
348
352
358
353
349
338
332
327
323
324
328
333
339
350
325
329
334
340
351
354
326
359
378
377
376
375
374
373
372
371
370
369
368
367
366
365
392
401
402
393
394
396
397
416
434
433
411
414
432
431
430
429
428
427
426
436
425
413
412
410
406
404
400
391
390
399
389
388
398
403
405
409
419
424
418
423
435
422
417
381
382
383
384
385
386
387
356
355
362
361
360
344
345
335
347
336
330
317
316
303
302
301
294
295
277
264
259
243
244
265
246
231
232
233
230
229
228
227
226
240
225
224
207
206
205
204
203
208
202
201
177
169
176
192
200
222
223
242
253
258
254
262
276
298
300
299
315
314
313
343
364
342
297
293
286
287
288
289
275
261
257
252
251
241
221
220
219
218
217
216
215
214
213
248
245
263
279
281
285
312
341
379
380
395
407
421
420
415
408
363
357
346
320
283
273
271
198
189
188
159
124
109
108
107
95
94
83
56
16
1
22
21
20
19
47
77
48
23
2
24
49
25
3
50
4
26
51
72
81
64
52
27
5
28
29
30
6
7
8
9
31
32
10
54
55
33
11
34
35
12
13
14
40
41
42
15
17
43
44
45
46
18
58
59
88
89
106
105
123
113
112
111
87
68
104
103
93
86
76
61
57
39
38
37
36
67
75
85
102
110
122
121
120
119
101
92
84
74
66
53
60
65
73
82
91
100
99
98
118
117
116
115
97
90
80
71
63
79
70
62
69
78
96
114
125
152
126
127
153
164
173
191
174
167
175
168
165
154
128
129
155
130
131
132
133
134
135
136
137
138
139
140
141
142
156
170
179
178
193
194
195
182
181
180
157
143
144
145
146
147
148
149
150
151
163
162
161
160
158
166
171
184
183
190
196
197
209

improvements: 97
initial-cycle-weight: 2089
final-cycle-weight: 1547
209
210
211
212
199
187
186
185
172
197
196
190
183
184
171
166
158
160
161
162
163
151
150
149
148
147
146
145
144
143
157
156
142
141
140
139
138
137
136
135
134
133
132
131
130
155
129
128
154
165
168
175
167
174
191
173
164
153
127
126
152
125
114
96
79
70
62
69
78
77
48
63
71
80
90
97
115
116
117
118
98
99
100
91
82
73
65
60
53
66
74
84
92
101
119
120
121
122
110
102
85
75
67
38
39
57
61
76
86
93
103
104
68
87
111
112
113
123
105
106
89
88
59
58
18
46
45
44
43
17
15
42
41
40
14
13
12
37
36
35
34
11
33
55
54
10
32
31
9
8
7
6
30
29
28
5
27
4
26
51
52
64
81
72
50
3
25
49
24
2
23
22
21
1
20
19
47
16
56
83
94
95
107
108
109
124
159
188
189
198
271
273
283
320
346
357
363
408
415
420
421
407
395
380
379
341
312
285
281
279
263
245
248
213
214
215
216
217
218
219
220
221
241
251
252
257
261
275
289
288
287
286
293
297
313
342
364
343
314
315
298
299
300
301
302
303
316
335
345
344
360
361
362
355
356
347
336
330
317
304
305
318
306
307
319
308
309
321
310
311
322
331
337
348
352
358
366
365
387
386
385
384
383
382
381
417
422
435
423
418
424
419
409
405
403
398
388
389
399
390
391
392
400
404
406
410
412
413
426
425
436
427
428
429
430
431
432
414
401
402
411
433
434
416
397
396
394
393
378
377
376
375
374
373
372
371
370
369
368
367
353
349
338
332
327
323
324
328
333
339
350
325
329
334
340
351
354
359
326
284
274
272
282
270
269
239
238
250
249
237
236
235
234
247
256
260
268
267
255
246
230
229
228
227
226
224
225
240
244
243
259
264
265
266
280
296
292
291
290
278
277
295
294
276
262
254
258
253
242
223
222
200
192
176
169
177
201
202
208
203
204
205
206
207
178
170
179
193
194
180
181
182
195
231
232
233

improvements: 116
initial-cycle-weight: 2127
final-cycle-weight: 1537
88
111
112
113
123
105
106
89
59
58
18
46
45
44
43
17
15
42
41
40
14
13
12
35
34
11
33
55
54
10
32
31
9
8
7
6
5
4
3
50
49
25
24
2
23
48
22
21
1
20
19
47
16
56
83
94
95
107
108
109
114
152
125
124
159
189
198
188
173
191
174
167
164
153
126
127
128
154
165
168
175
169
176
192
200
201
202
208
203
204
205
206
207
178
170
179
193
194
180
181
182
195
196
184
171
166
183
190
197
210
209
233
232
231
246
230
229
228
227
226
240
225
224
243
244
259
264
277
295
294
298
314
313
297
293
286
287
288
289
275
261
257
252
251
241
253
258
276
262
254
242
223
222
221
220
219
218
217
216
215
214
213
248
245
263
271
273
283
279
281
285
312
320
346
357
363
408
415
420
421
407
395
380
379
341
364
342
343
315
299
300
301
302
303
316
317
330
336
347
335
345
344
360
361
362
355
356
387
386
385
384
383
382
381
417
422
435
423
418
424
419
409
405
403
398
388
389
399
390
391
400
404
406
410
412
413
426
425
436
427
428
429
430
431
432
414
411
433
434
416
397
396
394
393
402
401
392
365
366
367
368
369
370
371
372
373
374
375
376
377
378
359
326
354
351
340
334
329
325
350
339
333
328
324
323
327
332
338
349
353
358
352
348
337
331
322
311
310
321
309
308
319
307
306
318
305
304
278
290
291
292
296
280
265
266
255
267
268
260
256
247
234
235
236
237
249
250
269
270
282
284
274
272
239
238
211
212
199
185
172
186
187
163
162
161
151
160
158
150
149
148
147
146
145
144
143
157
156
142
141
140
139
138
137
136
135
134
133
132
131
177
155
130
129
96
77
78
69
62
70
79
63
71
80
90
97
115
116
117
118
98
99
81
72
64
52
51
26
27
28
29
30
53
60
65
73
82
91
100
66
74
84
92
101
119
120
121
122
110
102
85
75
67
36
37
38
39
57
61
76
86
93
103
104
68
87

