weight: 1918
vertices-order: 
1
16
40
53
63
73
89
85
90
105
114
138
143
146
148
154
168
173
215
217
236
251
230
240
242
254
225
218
220
226
238
243
267
268
269
256
257
258
270
273
274
285
313
329
328
266
272
287
305
312
311
322
327
346
367
390
404
413
414
415
417
391
402
405
392
368
394
411
347
348
349
350
365
326
271
277
203
176
177
178
179
180
204
221
228
244
245
246
247
259
275
276
286
288
300
306
314
320
323
333
334
335
336
337
338
339
340
341
342
343
344
345
332
331
330
352
366
353
354
369
378
379
385
393
406
419
418
407
380
386
381
387
395
408
382
396
383
388
397
384
389
398
403
409
421
422
423
410
416
400
401
399
420
373
374
364
375
376
377
412
372
362
363
355
356
370
357
358
371
359
360
361
351
297
301
307
315
321
289
298
302
308
316
290
299
303
309
317
310
318
304
291
278
279
280
292
281
282
293
283
284
294
319
324
325
295
296
260
261
262
231
227
222
229
205
206
207
182
183
184
185
186
187
188
189
190
191
192
193
194
195
208
210
219
224
235
250
249
234
233
232
248
263
264
265
223
196
197
211
198
199
212
200
201
213
202
214
237
239
252
241
253
255
216
171
166
167
172
156
157
152
140
141
137
136
135
134
133
132
131
170
165
181
209
174
175
164
145
147
115
139
144
116
117
118
119
120
142
153
155
158
159
160
169
161
162
163
150
151
149
121
122
123
124
125
126
127
128
129
113
130
106
107
91
92
109
110
111
108
86
75
65
54
42
43
17
2
3
4
5
18
44
56
55
66
76
19
20
21
22
23
52
87
93
99
100
78
6
7
8
24
25
26
27
28
29
30
45
67
80
79
94
95
101
102
103
112
31
32
33
34
12
35
36
46
57
68
82
81
58
69
84
88
96
97
98
83
37
38
47
48
49
59
70
60
71
61
50
51
14
13
11
10
9
64
74
104
62
77
72
41
15
39

