weight: 1201
edges: 
1 15
1 16
2 17
2 3
3 2
3 4
4 3
4 5
5 4
5 18
6 22
6 7
7 6
7 8
8 7
8 24
9 26
10 29
11 31
12 34
12 35
13 38
14 49
15 1
15 39
16 1
16 40
17 2
17 42
18 5
18 19
18 44
19 18
19 20
20 19
20 21
21 20
21 22
22 6
22 21
22 23
23 22
23 52
24 8
24 25
25 24
25 26
26 9
26 25
26 27
27 26
27 28
28 27
28 29
29 10
29 28
29 30
30 29
30 31
30 45
31 11
31 30
31 32
32 31
32 33
33 32
33 34
34 12
34 33
35 12
35 36
36 35
36 37
36 46
37 36
37 38
38 13
38 37
38 47
39 15
40 16
40 41
40 53
41 40
42 17
42 54
42 43
43 42
44 18
44 55
44 56
45 30
45 67
46 36
46 57
47 38
47 48
48 47
48 49
49 14
49 48
49 50
49 59
50 49
50 51
51 50
52 23
52 87
53 40
53 62
53 63
54 42
54 65
55 44
55 66
56 44
57 46
57 58
57 68
58 57
58 69
59 49
59 70
60 70
60 71
61 71
62 53
62 72
62 77
63 53
63 73
64 75
64 74
65 54
65 75
66 55
66 76
67 45
67 79
67 80
68 57
68 81
68 82
69 58
69 83
69 84
70 60
70 59
71 61
71 60
72 62
73 63
73 85
73 89
74 64
75 64
75 65
75 86
76 66
77 62
78 87
79 67
79 94
80 67
81 68
82 68
83 69
84 69
84 88
85 73
85 90
86 75
86 91
87 78
87 52
87 93
88 84
88 96
89 73
90 85
90 105
91 86
91 107
91 92
92 91
92 109
93 87
93 99
94 79
94 95
95 94
95 101
96 88
96 97
97 96
97 98
98 97
99 93
99 100
100 99
101 95
101 102
102 101
102 103
103 102
103 112
104 105
105 104
105 90
105 106
105 114
106 105
106 107
107 91
107 106
108 109
109 108
109 92
109 110
110 109
110 111
111 110
112 103
113 114
113 130
114 113
114 105
114 115
114 138
115 114
115 116
115 139
116 115
116 117
117 116
117 118
118 117
118 119
119 118
119 120
120 119
120 121
120 142
121 120
121 122
122 121
122 123
123 122
123 124
124 123
124 125
125 124
125 126
126 125
126 127
127 126
127 128
128 127
128 129
129 128
130 113
131 132
132 131
132 133
133 132
133 134
134 133
134 135
135 134
135 136
136 135
136 140
137 141
138 114
138 143
139 115
139 144
140 136
140 152
140 141
141 137
141 140
142 120
142 153
143 138
143 145
143 146
144 139
145 143
145 147
146 143
146 148
147 145
148 146
148 154
149 153
150 163
150 151
151 150
152 140
152 156
153 149
153 142
153 155
154 148
154 168
155 153
155 158
156 152
156 167
156 157
157 156
158 155
158 159
159 158
159 160
160 159
160 169
161 169
161 162
162 161
162 163
163 150
163 162
164 168
165 170
166 171
166 167
167 156
167 166
167 172
168 164
168 154
168 173
169 161
169 160
170 165
170 195
171 166
171 198
172 167
173 168
173 174
173 215
174 173
174 175
175 174
176 203
176 177
177 176
177 178
178 177
178 179
179 178
179 180
180 179
180 204
181 206
182 207
182 183
183 182
183 184
184 183
184 185
185 184
185 186
186 185
186 187
187 186
187 188
188 187
188 189
189 188
189 190
190 189
190 191
191 190
191 192
192 191
192 193
193 192
193 194
194 193
194 195
195 170
195 194
195 196
195 208
196 195
196 197
197 196
197 198
197 211
198 171
198 197
198 199
199 198
199 200
199 212
200 199
200 201
201 200
201 202
201 213
202 201
202 214
203 176
203 218
204 180
204 205
204 221
205 204
205 206
206 181
206 205
206 207
207 182
207 206
208 195
208 210
209 215
210 208
210 219
211 197
212 199
213 201
214 202
214 216
214 237
215 209
215 173
215 217
216 214
217 215
217 225
217 236
218 203
218 225
218 220
219 210
219 224
220 218
220 226
221 204
221 222
221 227
221 228
222 221
222 229
223 234
224 219
224 235
225 218
225 217
226 220
226 238
227 221
228 221
228 244
229 222
230 236
230 240
231 262
232 233
232 248
233 232
233 234
234 223
234 233
234 249
235 224
235 250
236 230
236 217
236 251
237 214
237 239
238 226
238 243
239 237
239 252
240 230
240 242
241 252
241 253
242 240
242 254
243 238
243 267
244 228
244 245
245 244
245 246
246 245
246 247
247 246
247 259
248 232
248 263
249 234
249 250
250 249
250 235
251 236
252 241
252 239
253 241
253 255
254 242
255 253
256 269
256 257
257 256
257 258
258 257
258 270
259 247
259 260
259 275
260 259
260 261
261 260
261 262
262 231
262 261
263 248
263 264
264 263
264 265
265 264
266 267
266 272
267 266
267 243
267 268
268 267
268 269
269 256
269 268
270 258
270 273
271 272
271 277
272 271
272 266
272 287
273 270
273 274
274 273
274 285
275 259
275 276
276 275
276 286
277 271
278 291
278 279
279 278
279 280
280 279
280 281
280 292
281 280
281 282
282 281
282 283
282 293
283 282
283 284
284 283
284 294
285 274
285 313
286 276
286 288
287 272
287 305
288 286
288 297
288 300
289 297
289 298
290 298
290 299
291 278
291 304
292 280
293 282
294 284
294 295
294 319
295 294
295 296
296 295
297 289
297 288
297 301
298 290
298 289
298 302
299 290
299 303
300 288
300 306
301 297
301 307
302 298
302 308
303 299
303 309
304 291
304 310
305 287
305 311
305 312
306 300
306 314
307 301
307 315
308 302
308 316
309 303
309 317
310 304
310 317
310 318
311 305
311 322
312 305
313 285
313 329
314 306
314 320
315 307
315 321
316 308
317 310
317 309
318 310
319 294
319 324
320 314
320 323
321 315
322 311
322 327
323 320
323 333
324 319
324 325
325 324
326 327
327 326
327 322
327 346
328 329
329 328
329 313
330 331
330 352
331 330
331 332
332 331
332 333
333 332
333 323
333 334
334 333
334 335
335 334
335 336
336 335
336 337
337 336
337 338
338 337
338 339
339 338
339 340
340 339
340 341
341 340
341 342
342 341
342 343
343 342
343 344
344 343
344 345
345 344
346 327
346 365
346 367
347 367
347 348
348 347
348 349
349 348
349 350
350 349
351 352
352 351
352 330
352 366
353 366
353 354
354 353
354 355
354 369
355 354
355 356
356 355
356 357
356 370
357 356
357 358
358 357
358 359
358 371
359 358
359 360
360 359
360 361
361 360
362 372
362 363
363 362
364 374
364 375
365 346
366 353
366 352
367 347
367 346
367 390
368 392
369 354
369 378
370 356
371 358
372 362
372 383
373 384
373 374
374 364
374 373
375 364
375 376
376 375
376 377
377 376
377 412
378 369
378 379
379 378
379 385
380 385
380 386
381 386
381 387
382 387
382 396
383 372
383 396
383 384
383 388
384 373
384 383
384 389
385 380
385 379
385 393
386 381
386 380
387 382
387 381
387 395
388 383
388 397
389 384
389 398
390 367
390 394
390 404
391 415
391 402
392 368
392 402
393 385
393 406
394 390
394 411
395 387
395 408
396 383
396 382
397 388
398 389
398 403
399 410
400 410
400 401
401 400
402 392
402 391
402 405
403 398
403 409
404 390
404 413
405 402
406 393
406 407
406 419
407 406
408 395
409 403
409 421
410 399
410 400
410 423
410 416
411 394
412 377
413 404
413 414
414 413
414 415
415 391
415 414
415 417
416 410
417 415
418 419
419 418
419 406
420 421
421 420
421 409
421 422
422 421
422 423
423 410
423 422

