0.1 0.2 1440 1468.39 3.9524
141
140
136
135
134
133
132
131
112
103
102
101
81
82
68
57
83
69
58
46
47
48
49
84
88
96
97
98
59
70
60
71
61
51
50
14
13
38
37
36
35
12
34
33
32
11
31
30
45
67
80
79
95
94
78
100
99
93
87
52
26
27
28
29
10
9
25
24
8
7
6
23
22
21
20
19
56
76
66
55
44
18
5
4
3
2
17
42
43
54
65
75
86
92
111
110
109
108
91
74
64
90
85
73
63
53
41
40
16
1
15
39
77
62
72
89
104
105
106
107
115
114
113
130
138
139
116
117
118
119
120
121
122
123
124
125
126
127
128
129
151
150
163
162
161
169
160
159
158
155
153
149
142
144
148
146
143
145
147
154
168
164
175
174
173
209
215
217
225
251
236
230
240
242
254
277
271
266
272
287
305
311
312
322
327
326
365
394
411
390
404
413
414
415
417
391
402
405
392
368
350
349
348
347
367
346
328
329
313
285
274
273
270
258
257
256
269
268
267
243
238
226
220
218
203
176
177
178
179
180
204
205
206
207
181
182
183
184
185
186
187
188
189
190
191
192
193
194
223
219
224
235
250
249
234
233
265
264
263
248
232
231
262
261
260
229
222
221
227
228
244
245
246
247
259
275
276
286
288
300
306
314
320
323
333
334
335
361
360
359
371
358
357
370
356
355
332
331
330
351
352
366
353
354
369
378
379
385
393
418
419
406
407
408
395
380
386
381
387
382
396
383
388
397
384
389
398
403
409
420
421
422
423
410
416
400
401
412
377
376
375
364
374
399
373
372
362
363
345
344
343
342
341
340
339
338
337
336
321
315
307
301
297
289
298
302
308
316
290
299
303
309
317
318
310
304
291
278
279
280
292
281
282
293
283
284
294
319
324
325
295
296
255
253
241
252
239
237
216
214
213
202
201
200
212
199
198
211
197
196
210
208
195
170
165
171
166
167
172
156
157
152
137
