22935
23298
22660
22853
21642
23014
23171
24043
22976
22768
21675
22735
22737
23342
22940
22210
22809
22818
22853
22964
22673
22907
22200
22391
22519
22721
22416
22440
21957
23647
22502
22882
22344
22047
23080
22720
23428
22897
22561
23159
23583
23871
22966
22521
22579
22828
22978
23001
22891
22682
23011
22042
22204
22831
22696
23241
22959
23301
23068
21735
22165
22849
22201
23407
22907
23767
22856
23001
22989
22273
22207
22938
22148
22542
22840
24117
22174
22246
23830
23302
23343
23184
22257
22762
22771
23411
23340
23741
22613
22188
22228
22745
22049
22699
22094
22926
22355
22910
22543
22724
22195
22485
23151
23257
22852
23173
21609
23053
22878
23340
22896
22390
21265
22419
23384
22682
23615
22180
22606
23132
23023
22558
22489
22306
22868
22666
23202
22304
22648
23114
22971
22333
22114
22956
21689
22365
22683
23413
22256
22753
23100
23520
23120
23100
22276
22959
22119
22209
23261
22981
22413
23439
22625
22415
22418
23112
22362
23080
22566
22733
22922
22769
22766
22048
21991
22835
23437
23654
23186
22572
24146
23096
23906
23177
23000
23317
22730
22621
23543
22904
23242
22958
22171
22498
22047
22707
22626
23631
23422
22878
22629
22889
22083
22505
22340
22023
22434
22392
23324
22497
22574
22681
21872
22400
22506
22744
23058
22744
22728
21956
23722
21941
23109
23134
23489
22094
23054
22943
22032
23478
22554
23274
21974
22965
22568
22323
23966
23212
22660
22537
22509
23216
22843
22110
23371
23249
22548
22212
23137
22472
21975
22711
22586
22629
23271
22383
22277
22404
23146
22235
22907
22862
23183
23247
22988
23284
22587
22967
21647
23116
22631
22411
22281
21212
22232
22631
23157
22522
22201
22790
23180
21900
22578
22895
23028
21542
22053
23169
22992
23021
22267
22916
22969
22125
22390
23299
22688
22954
22689
22527
22571
23306
22662
21908
22066
22537
22661
22572
23064
23043
23649
22666
22244
22238
22032
22755
22689
23473
22519
22686
22797
22327
22670
22505
21978
23196
22648
22284
22491
22992
22207
23063
22766
22080
22503
23457
22371
22301
22977
23100
22870
22363
22380
21347
23586
23324
23078
22760
23249
23004
22419
21015
21897
22110
22822
24169
22137
23023
22483
22604
22852
22580
22339
23073
22896
22247
22624
22699
22176
23099
21951
22765
22858
22708
22682
22819
22520
22563
22151
22735
23092
22519
22746
22742
21775
21890
23566
23177
22892
22993
22375
22560
23460
22628
23212
22175
22340
22236
22737
23300
22767
22551
22265
22367
22940
22173
23302
23636
21713
22091
23256
22867
22875
22957
22861
23510
22999
23323
23631
22472
22558
21953
22934
23082
23494
22151
23034
22443
22505
21437
22520
22379
22230
22974
22815
23011
22056
22906
23316
22531
23471
22322
23656
22273
22247
23130
22393
23205
22510
22608
22702
21899
23312
22860
22466
22584
22752
22977
22853
23391
22819
22495
22366
22353
22192
22741
22812
22420
22289
21849
22679
22716
23117
22321
22230
22909
22493
22068
22423
22913
23246
21990
22437
23437
22352
22795
22452
21827
22349
21880
22519
22590
22665
22820
23556
22128
22245
22759
22497
21963
22642
22739
22891
23615
23151
23016
22675
21714
22582
23652
22939
22373
22641
23631
22170
22453
22674
22595
22825
22386
22840
22474
22929
23513
22541
22620
23046
22120
21597
22601
22964
22384
23638
23274
22755
22894
22631
22190
21995
22244
23015
22806
22942
21819
22620
22039
22828
23091
23098
22249
22689
22555
22946
22112
22941
22015
22738
22533
22951
22407
23158
23212
23498
22245
22827
22940
23557
22624
22609
22713
22947
22037
22292
23365
22689
22219
23441
22657
22280
22501
23320
23219
22758
21808
22815
21973
23576
22030
23488
22761
22816
23204
22420
22091
23673
22054
22476
22305
23303
22438
22109
23477
22203
22304
22090
23440
22060
22873
22453
22977
23328
21768
22334
23215
23183
23208
22452
23755
22807
22753
22337
22824
23812
22441
23047
22253
21720
22890
22072
22384
22308
22825
22507
23006
22705
22288
23011
22910
21754
22529
22482
23097
22608
23347
22523
23201
23679
22958
23051
22617
23178
22622
22417
23057
23483
22405
22968
22983
22849
22869
22331
22071
22757
22739
22312
22947
22377
23576
22542
22162
23083
23116
22008
22343
23102
22795
22114
22931
22713
22583
21557
22590
22391
22312
23474
22652
22859
22614
23297
22659
23554
23392
22800
22410
23798
23010
23134
22555
23228
22108
22019
22100
22011
22489
22710
22995
22511
22646
22836
22777
23053
22030
22335
22532
22638
22952
21947
23016
22297
23234
22825
22773
22842
22595
23083
22540
21939
22845
22531
22579
22131
22551
22458
22447
22421
22975
22878
23025
22707
22423
22454
22894
22704
23358
22449
23093
23029
22481
22357
22975
22026
23196
22701
22675
22464
22365
21885
22361
22412
22798
22710
22917
22651
23177
23239
22476
23377
22322
21642
21360
22795
22332
22285
23197
22116
22208
22157
22735
22557
22164
22581
23244
22707
22854
23059
23090
22848
23552
22564
22616
22834
22690
22069
22573
22975
22386
22011
21946
22943
22582
23358
23914
22544
22641
22334
22899
22751
23220
22178
23050
22071
22168
23931
22171
23023
23007
22374
23266
22190
22950
22808
22350
23326
22934
22952
22534
22303
22792
22791
22681
22288
22934
22299
22023
22678
22313
22902
22660
22324
23226
21946
22295
23299
22615
22648
22535
22423
22974
23463
23222
22280
22684
21903
22389
23959
22395
23059
22666
23402
22786
22130
21975
22848
22094
21990
22561
22990
23043
22416
22376
22709
22518
22135
22411
23190
23402
22214
22927
23478
22378
22229
22893
22400
22463
22547
22356
22854
23205
22614
23098
22386
22077
21596
21409
21885
23177
23561
22858
22385
22695
23451
22667
22744
22858
22780
22191
23580
22788
22976
23132
22285
22494
22642
22966
22996
23352
22459
23790
22843
22563
21773
22853
23567
22945
22398
23436
22935
23169
22701
22988
22933
22831
22699
22279
23311
21696
22270
22866
22798
23266
21454
22513
23162
23063
21560
22598
22034
22869
22926
22769
21908
22860
22776
22080
22043
22691
22661
22830
22937
22542
22504
22756
22494
23521
22689
22128
23906
23404
22529
22559
22208
23238
22416
22045
22681
22238
22088
22473
22320
22701
22702
22973
21858
21925
22778
23499
23168
23308
22856
22258
23296
22948
23006
23047
22858
22112
22063
22429
23341
23072
22715
22919
22791
22843
23233
23082
22927
23209
22954
22452
