0.5 0.95 0.2 0.1 1412 1457.62 3.19096
332
331
330
351
352
366
353
354
355
369
378
379
393
385
380
386
381
387
395
408
407
406
419
418
405
392
368
350
349
348
347
391
402
417
415
414
413
404
411
394
390
367
346
365
326
327
322
311
305
312
328
329
313
285
274
273
256
257
258
270
244
245
246
229
222
228
221
227
179
178
177
176
203
218
220
226
238
243
268
269
267
266
272
287
271
277
254
242
240
230
236
251
225
217
215
209
173
174
175
164
168
154
147
145
148
146
143
144
142
120
119
118
117
116
115
139
138
114
113
130
77
39
15
1
16
40
41
17
2
3
4
5
18
44
19
20
21
22
6
7
8
23
24
25
9
26
27
28
10
29
45
30
31
11
32
33
34
12
35
36
37
38
13
14
50
51
61
71
60
70
59
49
48
47
46
57
82
68
58
69
83
84
88
96
97
98
137
141
157
156
152
140
136
135
134
133
132
131
112
103
102
101
81
67
79
80
95
94
78
100
99
93
87
52
56
76
66
55
43
42
54
65
75
86
74
64
85
73
63
53
62
72
89
104
105
90
106
107
91
108
109
92
110
111
121
122
123
124
125
126
127
128
129
151
150
163
162
161
149
153
155
158
159
160
169
180
204
205
206
207
181
182
183
184
185
186
187
188
189
190
191
192
193
194
208
210
196
195
170
165
171
166
167
172
202
214
216
241
253
255
252
239
237
213
201
200
212
199
198
197
211
219
224
235
250
249
234
223
233
265
264
263
248
232
231
262
261
260
259
247
275
276
286
288
300
306
314
320
323
321
315
307
301
297
289
298
302
308
316
290
299
303
309
317
318
310
304
291
278
279
280
281
292
293
282
283
284
294
295
296
319
324
325
377
412
376
375
364
374
399
400
401
416
410
423
422
421
420
409
403
398
389
384
373
363
362
372
383
388
397
396
382
371
370
356
357
358
359
360
361
343
344
345
342
341
340
339
338
337
336
335
334
333
