mst-weight: 1201
improvements: 75
initial-cycle-weight: 1910
final-cycle-weight: 1481
164
209
215
217
251
236
230
240
242
254
277
271
266
272
287
305
311
312
322
327
326
365
394
411
390
404
413
414
415
417
391
402
405
392
368
350
349
348
347
367
346
328
329
313
285
274
273
270
258
257
256
269
268
267
243
238
226
220
218
227
228
221
222
229
244
245
246
247
259
260
261
262
231
275
276
286
288
300
306
314
320
323
333
334
335
361
360
359
371
358
357
370
356
355
332
331
330
351
352
366
353
354
369
378
379
385
393
418
419
406
407
408
395
380
386
381
387
382
396
383
388
397
384
389
398
403
399
409
420
421
422
423
410
416
400
401
412
377
376
375
364
374
373
372
362
363
345
344
343
342
341
340
339
338
337
336
321
315
307
301
297
289
298
302
308
316
290
299
303
309
317
318
310
304
291
278
279
280
292
281
282
293
283
284
294
319
324
325
295
296
255
253
241
252
239
237
216
214
213
202
201
200
212
199
198
171
166
167
172
156
157
152
140
141
137
136
135
134
133
132
131
165
170
197
211
219
224
235
250
249
265
264
263
248
232
233
234
223
208
210
196
195
194
193
192
191
190
189
188
187
186
185
184
183
182
207
206
181
205
204
180
179
178
177
176
203
225
173
174
175
168
154
148
146
143
147
145
138
114
115
139
144
116
117
118
119
120
142
153
155
158
159
160
169
161
162
163
151
150
149
121
122
123
124
125
126
127
128
129
100
99
93
87
52
78
27
28
29
30
45
67
80
79
94
95
101
102
103
112
81
82
68
57
83
69
58
46
47
48
49
84
88
96
97
98
59
70
60
71
61
51
50
14
13
38
37
36
35
12
34
33
32
31
11
10
9
26
25
24
8
7
6
23
22
21
20
19
56
76
66
55
44
18
5
4
3
2
17
42
43
54
65
75
86
92
111
110
109
108
91
107
106
105
90
74
64
85
73
63
53
41
40
16
1
15
39
77
62
72
89
104
113
130

improvements: 73
initial-cycle-weight: 1909
final-cycle-weight: 1465
100
99
93
87
52
56
44
55
66
76
92
111
110
109
108
107
106
105
114
138
143
146
148
144
139
115
116
117
118
119
120
121
122
123
124
125
126
127
128
129
151
150
163
162
161
149
142
153
155
158
159
160
169
181
205
206
207
182
183
184
185
186
187
188
189
190
191
192
193
194
195
170
165
131
132
133
134
135
136
137
141
140
152
157
156
172
167
166
171
197
196
210
208
223
234
233
232
248
263
264
265
249
250
235
224
219
211
198
199
212
200
201
202
213
214
216
237
239
252
241
253
255
296
295
325
324
319
294
284
283
293
282
281
292
280
279
278
291
304
310
318
317
309
303
299
290
316
308
302
298
289
297
301
307
315
321
338
339
340
341
342
343
344
345
363
362
372
373
399
374
364
375
376
377
412
401
400
416
410
423
422
421
420
409
403
398
389
384
397
388
383
396
382
387
381
386
380
395
408
407
406
419
418
393
385
379
378
369
354
353
366
352
351
330
331
332
355
356
370
357
358
371
359
360
361
337
336
335
334
333
323
320
314
306
300
288
286
276
275
231
262
261
260
259
247
246
245
244
229
222
228
227
221
204
180
179
178
177
176
203
218
225
220
226
238
243
267
268
269
256
257
258
270
273
274
285
313
329
328
346
367
347
348
349
350
368
392
405
402
391
417
415
414
413
404
390
411
394
365
326
327
322
312
311
305
287
272
266
271
277
254
242
240
230
236
251
217
215
209
174
175
173
164
168
154
147
145
113
130
104
89
72
62
77
39
15
1
16
40
41
53
63
73
85
90
91
74
64
86
75
65
54
43
42
17
2
3
4
5
18
19
20
21
22
23
6
7
8
24
25
26
9
10
11
31
32
33
34
12
35
36
37
38
13
14
50
51
61
71
60
70
59
98
97
96
88
84
49
48
47
46
58
69
83
57
68
82
81
112
103
102
101
95
94
79
80
67
45
30
29
28
27
78

improvements: 74
initial-cycle-weight: 1879
final-cycle-weight: 1485
352
366
369
378
379
385
393
418
419
406
407
408
395
380
386
381
387
382
396
383
388
397
384
389
398
403
399
409
420
421
422
423
410
416
400
401
412
377
376
375
364
374
373
372
362
363
345
344
343
342
341
340
339
338
337
336
335
334
333
332
331
330
313
329
328
346
367
347
348
349
350
368
392
405
402
391
417
415
414
413
404
390
411
394
365
326
327
322
312
311
305
287
272
266
271
277
254
242
240
230
236
251
225
217
215
209
164
130
113
104
89
72
62
77
39
15
1
16
40
41
53
63
73
85
64
74
90
105
106
107
91
108
109
110
111
92
86
75
65
54
43
42
17
2
3
4
5
55
66
76
56
44
18
19
20
21
22
23
6
7
8
24
25
26
9
10
11
31
32
33
34
12
35
36
37
38
13
14
50
51
61
71
60
70
59
98
97
96
88
84
49
48
47
46
58
69
83
57
68
82
81
112
103
102
101
95
94
79
80
67
45
30
29
28
27
78
52
87
93
99
100
129
128
127
126
125
124
123
122
121
149
150
151
163
162
161
169
160
159
158
155
153
142
120
119
118
117
116
115
114
138
139
144
148
146
143
145
147
154
168
173
174
175
203
218
220
226
238
243
267
268
269
256
257
258
270
273
274
285
275
276
286
259
260
261
262
231
247
246
245
244
227
221
228
229
222
205
204
176
177
178
179
180
181
206
207
182
183
184
185
186
187
188
189
190
191
192
193
194
195
208
223
234
233
232
248
263
264
265
249
250
235
224
219
210
196
197
211
198
199
212
200
201
213
202
166
171
165
170
131
132
133
134
135
136
137
141
140
152
157
156
167
172
214
216
237
239
252
241
253
255
296
295
325
324
319
294
284
283
293
282
281
292
280
279
278
291
304
310
318
317
309
303
299
290
289
298
302
308
316
321
315
307
301
297
288
300
306
314
320
323
361
360
359
371
358
357
370
356
355
354
353
351

improvements: 71
initial-cycle-weight: 1925
final-cycle-weight: 1471
91
90
85
73
63
53
41
40
16
1
15
39
77
62
72
89
104
130
113
145
147
154
168
164
173
175
174
209
215
217
251
236
230
240
242
254
277
271
266
272
287
305
311
312
322
327
326
365
394
411
390
404
413
414
415
417
391
402
405
392
368
350
349
348
347
367
346
328
329
313
285
274
273
270
258
257
256
269
268
267
243
238
226
220
225
218
203
176
177
178
179
180
204
227
228
221
222
229
244
245
246
247
259
260
261
262
231
275
276
286
288
300
306
314
320
323
333
334
335
361
360
359
371
358
357
370
356
355
332
331
330
351
352
366
353
354
369
378
379
385
393
418
419
406
407
408
395
380
386
381
387
382
396
383
388
397
384
389
398
403
399
409
420
421
422
423
410
416
400
401
412
377
376
375
364
374
373
372
362
363
345
344
343
342
341
340
339
338
337
336
321
315
307
301
297
289
298
302
308
316
290
299
303
309
317
318
310
304
291
278
279
280
292
281
282
293
283
284
294
319
324
325
295
296
255
253
241
252
239
237
216
214
213
202
201
167
172
156
157
152
140
141
137
136
135
134
133
132
131
170
165
171
166
200
212
199
198
211
197
196
210
219
224
235
250
249
265
264
263
248
232
233
234
223
208
195
194
193
192
191
190
189
188
187
186
185
184
183
182
207
206
205
181
169
160
159
158
155
153
142
149
161
162
163
150
151
129
128
127
126
125
124
123
122
121
120
119
118
117
116
115
139
144
148
146
143
138
114
105
106
107
108
109
110
111
92
76
66
55
56
52
87
93
99
100
78
27
28
29
30
45
67
80
79
94
95
101
102
103
112
81
82
68
57
83
69
58
46
47
48
49
84
88
96
97
98
59
70
60
71
61
51
50
14
13
38
37
36
35
12
34
33
32
31
11
10
9
26
25
24
8
7
6
23
22
21
20
19
44
18
5
4
3
2
17
42
43
54
65
75
86
64
74

improvements: 66
initial-cycle-weight: 1892
final-cycle-weight: 1485
236
251
230
240
242
254
277
271
266
272
287
305
311
312
322
327
326
365
394
411
390
404
413
414
415
417
391
402
405
392
368
350
349
348
347
367
346
328
329
313
285
274
273
270
258
257
256
269
268
267
243
238
226
220
218
227
221
228
244
245
246
247
259
275
276
286
288
300
306
314
320
323
333
334
335
361
360
359
371
358
357
370
356
355
332
331
330
351
352
366
353
354
369
378
379
385
393
418
419
406
407
408
395
380
386
381
387
382
396
383
388
397
384
389
398
403
399
409
420
421
422
423
410
416
400
401
412
377
376
375
364
374
373
372
362
363
345
344
343
342
341
340
339
338
337
336
321
315
307
301
297
289
298
302
308
316
290
299
303
309
317
318
310
304
291
278
279
280
292
281
282
293
283
284
294
319
324
325
295
296
255
253
241
252
239
237
216
214
213
202
201
200
212
199
198
171
166
167
172
156
157
152
140
141
137
136
135
134
133
132
131
165
170
196
197
211
219
224
235
250
249
265
264
263
248
232
233
234
223
210
208
195
194
193
192
191
190
189
188
187
186
185
184
183
182
181
205
206
207
231
262
261
260
229
222
204
180
179
178
177
176
203
225
217
215
173
174
175
168
154
148
146
147
145
143
144
139
138
114
115
116
117
118
119
120
142
153
155
158
159
160
169
161
162
163
151
150
149
121
122
123
124
125
126
127
128
129
100
99
93
87
52
78
27
28
29
30
45
67
80
79
94
95
101
102
103
112
81
82
68
57
83
69
58
46
47
48
49
84
88
96
97
98
59
70
60
71
61
51
50
14
13
38
37
36
35
12
34
33
32
31
11
10
9
26
25
24
8
7
6
23
22
21
20
19
56
76
66
55
44
18
5
4
3
2
17
42
43
54
65
75
86
92
111
110
109
108
91
107
106
105
90
74
64
85
73
63
53
41
40
16
1
15
39
77
62
72
89
104
113
130
164
209

improvements: 69
initial-cycle-weight: 1872
final-cycle-weight: 1477
379
378
369
386
380
385
393
418
419
406
407
408
395
387
381
382
396
383
388
397
384
389
398
403
399
409
420
421
422
423
410
416
400
401
412
377
376
375
364
374
373
372
363
362
361
360
359
371
358
357
370
356
355
354
353
366
352
330
331
332
333
334
335
336
337
338
339
340
341
342
343
344
345
324
325
319
296
295
294
284
283
293
282
281
292
280
279
278
291
304
310
318
317
309
303
299
290
316
308
302
298
289
297
301
307
315
321
323
320
314
306
300
288
286
276
275
259
260
261
262
231
247
246
245
244
229
222
228
221
227
204
205
206
207
182
183
184
185
186
187
188
189
190
191
192
193
194
195
208
223
234
233
232
248
263
264
265
249
250
235
224
219
210
196
197
211
198
199
212
200
201
213
237
239
252
255
253
241
216
214
202
171
166
167
172
156
157
152
140
141
137
136
135
134
133
132
131
165
170
151
150
149
121
122
123
124
125
126
127
128
129
100
99
93
87
52
78
27
28
29
30
45
67
80
79
94
95
101
102
103
112
81
82
68
57
83
69
58
46
47
48
49
84
88
96
97
98
59
70
60
71
61
51
50
14
13
38
37
36
35
12
34
33
32
31
11
10
9
26
25
24
8
7
6
23
22
21
20
19
56
76
66
55
44
18
5
4
3
2
17
42
43
54
65
75
86
92
111
110
109
108
91
107
106
105
90
74
64
85
73
63
53
41
40
16
1
15
39
77
62
72
89
104
113
130
164
209
215
173
174
175
168
154
148
146
147
145
143
144
139
138
114
115
116
117
118
119
120
142
153
155
158
159
160
169
161
162
163
181
180
179
178
177
176
203
218
220
226
238
225
217
251
236
230
240
242
254
277
271
326
365
394
411
390
404
413
414
415
417
391
402
405
392
368
350
349
348
347
367
346
327
322
312
311
305
287
272
266
267
243
268
269
256
257
258
270
273
274
285
313
328
329
351

improvements: 78
initial-cycle-weight: 1920
final-cycle-weight: 1470
14
50
51
61
71
60
70
59
98
97
96
88
84
49
48
47
46
58
69
83
82
68
57
81
112
103
102
101
95
94
79
80
67
45
30
29
28
27
78
100
99
93
87
52
56
44
55
66
76
92
111
110
109
108
107
106
105
114
138
143
146
148
144
139
115
116
117
118
119
120
121
122
123
124
125
126
127
128
129
151
150
163
162
161
149
142
153
155
158
159
160
169
181
205
206
207
182
183
184
185
186
187
188
189
190
191
192
193
194
195
196
210
208
223
234
233
232
248
263
264
265
249
250
235
224
219
212
199
198
211
197
170
165
131
132
133
134
135
136
137
141
140
152
157
156
172
167
166
171
200
201
202
213
214
216
237
239
252
241
253
255
296
295
325
324
319
294
284
283
293
282
281
292
280
279
278
291
304
310
318
317
309
303
299
290
316
308
302
298
289
297
301
307
315
321
338
339
340
341
342
343
344
345
363
362
372
373
374
364
375
376
377
412
401
400
416
410
423
422
421
420
409
399
403
398
389
384
397
388
383
396
382
387
381
386
380
395
408
407
406
419
418
393
385
379
378
369
354
353
366
352
351
330
331
332
355
356
370
357
358
371
359
360
361
337
336
335
334
333
323
320
314
306
300
288
286
276
275
231
262
261
260
259
247
246
245
244
229
222
228
227
221
204
180
179
178
177
176
203
218
225
220
226
238
243
267
268
269
256
257
258
270
273
274
285
313
329
328
346
367
347
348
349
350
368
392
405
402
391
417
415
414
413
404
390
411
394
365
326
327
322
312
311
305
287
272
266
271
277
254
242
240
230
236
251
217
215
209
174
175
173
164
168
154
147
145
113
130
104
89
72
62
77
39
15
1
16
40
41
53
63
73
85
90
91
74
64
86
75
65
54
43
42
17
2
3
4
5
18
19
20
21
22
23
6
7
8
24
25
26
9
10
11
31
32
33
34
12
35
36
37
38
13

improvements: 70
initial-cycle-weight: 1887
final-cycle-weight: 1492
132
133
134
135
136
140
141
137
152
157
156
172
167
166
171
198
199
212
200
201
202
213
214
216
237
239
252
241
253
255
296
295
325
324
319
294
284
283
293
282
281
292
280
279
278
291
304
310
318
317
309
303
299
290
316
308
302
298
289
297
301
307
315
321
338
339
340
341
342
343
344
345
363
362
372
373
374
364
375
376
377
412
401
400
416
410
423
422
421
420
409
399
403
398
389
384
397
388
383
396
382
387
381
386
380
395
408
407
406
419
418
393
385
379
378
369
354
353
366
352
351
330
331
332
355
356
370
357
358
371
359
360
361
337
336
335
334
333
323
320
314
306
300
288
286
276
275
259
247
246
245
244
228
221
227
218
220
226
238
243
267
268
269
256
257
258
270
273
274
285
313
329
328
346
367
347
348
349
350
368
392
405
402
391
417
415
414
413
404
390
411
394
365
326
327
322
312
311
305
287
272
266
271
277
254
242
240
230
236
251
225
217
215
209
164
130
113
104
89
72
62
77
39
15
1
16
40
41
53
63
73
85
64
74
90
105
106
107
108
109
110
111
92
91
86
75
65
54
43
42
17
2
3
4
5
55
66
76
56
44
18
19
20
21
22
23
6
7
8
24
25
26
9
10
11
31
32
33
34
12
35
36
37
38
13
14
50
51
61
71
60
70
59
98
97
96
88
84
49
48
47
46
58
69
83
57
68
82
81
112
103
102
101
95
94
79
80
67
45
30
29
28
27
78
52
87
93
99
100
129
128
127
126
125
124
123
122
121
149
150
151
163
162
161
169
160
159
158
155
153
142
120
119
118
117
116
115
114
138
139
144
148
146
143
145
147
154
168
173
174
175
203
176
177
178
179
180
181
182
183
184
185
207
206
205
204
222
229
260
261
262
231
232
248
263
264
265
233
234
249
250
235
224
219
211
197
210
196
195
208
223
194
193
192
191
190
189
188
187
186
170
165
131

improvements: 71
initial-cycle-weight: 1896
final-cycle-weight: 1487
165
170
186
187
188
189
190
191
192
193
194
195
196
197
211
210
208
223
219
224
235
250
249
234
233
265
264
263
248
232
231
262
261
260
229
222
204
205
206
207
185
184
183
182
181
180
179
178
177
176
203
175
174
173
168
154
148
146
147
145
143
144
139
138
114
115
116
117
118
119
120
142
153
155
158
159
160
169
161
162
163
151
150
149
121
122
123
124
125
126
127
128
129
100
99
93
87
52
78
27
28
29
30
45
67
80
79
94
95
101
102
103
112
81
82
68
57
83
69
58
46
47
48
49
84
88
96
97
98
59
70
60
71
61
51
50
14
13
38
37
36
35
12
34
33
32
31
11
10
9
26
25
24
8
7
6
23
22
21
20
19
56
76
66
55
44
18
5
4
3
2
17
42
43
54
65
75
86
92
111
110
109
108
91
107
106
105
90
74
64
85
73
63
53
41
40
16
1
15
39
77
62
72
89
104
113
130
164
209
215
217
225
251
236
230
240
242
254
277
271
266
272
287
305
311
312
322
327
326
365
394
411
390
404
413
414
415
417
391
402
405
392
368
350
349
348
347
367
346
328
329
313
285
274
273
270
258
257
256
269
268
267
243
238
226
220
218
227
221
228
244
245
246
247
259
275
276
286
288
300
306
314
320
323
333
334
335
361
360
359
371
358
357
370
356
355
332
331
330
351
352
366
353
354
369
378
379
385
393
418
419
406
407
408
395
380
386
381
387
382
396
383
388
397
384
389
398
403
409
420
421
422
423
410
416
400
401
412
377
376
375
364
374
399
373
372
362
363
345
344
343
342
341
340
339
338
337
336
321
315
307
301
297
289
298
302
308
316
290
299
303
309
317
318
310
304
291
278
279
280
292
281
282
293
283
284
294
319
324
325
295
296
255
253
241
252
239
237
216
214
213
202
201
200
212
199
198
171
166
167
172
156
157
152
137
141
140
136
135
134
133
132
131

improvements: 70
initial-cycle-weight: 1893
final-cycle-weight: 1483
131
132
133
134
135
136
137
141
140
152
157
156
172
167
166
171
197
211
198
199
212
200
201
202
213
214
216
237
239
252
241
253
255
296
295
325
324
319
294
284
283
293
282
281
292
280
279
278
291
304
310
318
317
309
303
299
290
316
308
302
298
289
297
301
307
315
321
338
339
340
341
342
343
344
345
363
362
372
373
374
364
375
376
377
412
401
400
416
410
423
422
421
420
409
399
403
398
389
384
397
388
383
396
382
387
381
386
380
395
408
407
406
419
418
393
385
379
378
369
354
353
366
352
351
330
331
332
355
356
370
357
358
371
359
360
361
337
336
335
334
333
323
320
314
306
300
288
286
276
275
259
247
246
245
244
228
221
227
218
220
226
238
243
267
268
269
256
257
258
270
273
274
285
313
329
328
346
367
347
348
349
350
368
392
405
402
391
417
415
414
413
404
390
411
394
365
326
327
322
312
311
305
287
272
266
271
277
254
242
240
230
236
251
225
217
215
209
164
130
113
104
89
72
62
77
39
15
1
16
40
41
53
63
73
85
64
74
90
105
106
107
108
109
110
111
92
91
86
75
65
54
43
42
17
2
3
4
5
55
66
76
56
44
18
19
20
21
22
23
6
7
8
24
25
26
9
10
11
31
32
33
34
12
35
36
37
38
13
14
50
51
61
71
60
70
59
98
97
96
88
84
49
48
47
46
58
69
83
57
68
82
81
112
103
102
101
95
94
79
80
67
45
30
29
28
27
78
52
87
93
99
100
129
128
127
126
125
124
123
122
121
149
150
151
163
162
161
169
160
159
158
155
153
142
120
119
118
117
116
115
114
138
139
144
148
146
143
145
147
154
168
173
174
175
203
176
177
178
179
180
181
182
183
184
185
207
206
205
204
222
229
260
261
262
231
232
248
263
264
265
233
223
234
249
250
235
224
219
210
208
196
195
194
193
192
191
190
189
188
187
186
170
165

improvements: 68
initial-cycle-weight: 1896
final-cycle-weight: 1478
326
365
394
411
390
404
413
414
415
417
391
402
405
392
368
350
349
348
347
367
346
327
322
311
305
312
328
329
313
285
274
273
270
258
257
256
227
221
228
244
245
246
247
259
275
276
286
288
300
306
314
320
323
333
334
335
361
360
359
371
358
357
370
356
355
332
331
330
351
352
366
353
354
369
378
379
385
393
418
419
406
407
408
395
380
386
381
387
382
396
383
388
397
384
389
398
403
399
409
420
421
422
423
410
416
400
401
412
377
376
375
364
374
373
372
362
363
345
344
343
342
341
340
339
338
337
336
321
315
307
301
297
289
298
302
308
316
290
299
303
309
317
318
310
304
291
278
279
280
292
281
282
293
283
284
294
319
324
325
295
296
255
253
241
252
239
237
216
214
172
167
156
157
152
140
141
137
136
135
134
133
132
131
170
165
171
166
202
213
201
200
212
199
198
211
197
196
210
219
224
235
250
249
265
264
263
248
232
233
234
223
208
195
194
193
192
191
190
189
188
187
186
185
184
183
182
181
205
206
207
231
262
261
260
229
222
204
180
179
178
177
176
203
175
174
173
168
154
148
146
147
145
143
144
139
138
114
115
116
117
118
119
120
142
153
155
158
159
160
169
161
162
163
151
150
149
121
122
123
124
125
126
127
128
129
100
99
93
87
52
78
27
28
29
30
45
67
80
79
94
95
101
102
103
112
81
82
68
57
83
69
58
46
47
48
49
84
88
96
97
98
59
70
60
71
61
51
50
14
13
38
37
36
35
12
34
33
32
31
11
10
9
26
25
24
8
7
6
23
22
21
20
19
56
76
66
55
44
18
5
4
3
2
17
42
43
54
65
75
86
92
111
110
109
108
91
107
106
105
90
74
64
85
73
63
53
41
40
16
1
15
39
77
62
72
89
104
113
130
164
215
209
230
240
242
254
251
236
217
225
218
220
226
238
243
269
268
267
266
272
287
271
277

improvements: 73
initial-cycle-weight: 1871
final-cycle-weight: 1479
313
329
328
346
367
347
348
349
350
368
392
405
402
391
417
415
414
413
404
390
411
394
365
326
327
322
312
311
305
287
272
271
277
254
242
240
230
236
251
217
225
266
267
268
269
273
274
285
270
258
257
256
243
238
226
220
218
203
176
177
178
179
180
181
169
160
159
158
155
153
142
120
119
118
117
116
115
114
138
139
144
148
146
143
145
147
154
168
175
174
173
215
209
164
130
113
104
89
72
62
77
39
15
1
16
40
41
53
63
73
85
64
74
90
105
106
107
108
109
110
111
92
91
86
75
65
54
43
42
17
2
3
4
5
55
66
76
56
44
18
19
20
21
22
23
6
7
8
24
25
26
9
10
11
31
32
33
34
12
35
36
37
38
13
14
50
51
61
71
60
70
59
98
97
96
88
84
49
48
47
46
58
69
83
57
68
82
81
112
103
102
101
95
94
79
80
67
45
30
29
28
27
78
52
87
93
99
100
129
128
127
126
125
124
123
122
121
149
161
162
163
150
151
170
165
131
132
133
134
135
136
137
141
140
152
157
156
172
167
166
171
202
214
216
241
253
255
252
239
237
213
201
200
212
199
198
211
197
196
210
219
224
235
250
249
265
264
263
248
232
233
234
223
208
195
194
193
192
191
190
189
188
187
186
185
184
183
182
207
206
205
204
222
229
221
227
228
244
245
246
247
231
262
261
260
259
275
276
286
288
300
306
314
320
323
321
315
307
301
297
289
298
302
308
316
290
299
303
309
317
318
310
304
291
278
279
280
292
281
282
293
283
284
294
295
296
319
325
324
345
344
343
342
341
340
339
338
337
336
335
334
333
332
331
330
355
356
370
357
358
371
359
360
361
362
363
372
373
399
374
364
375
376
377
412
401
400
416
410
423
422
421
420
409
403
398
389
384
397
388
383
396
382
387
381
386
380
395
408
407
406
419
418
393
385
379
378
369
354
353
366
352
351

improvements: 76
initial-cycle-weight: 1919
final-cycle-weight: 1465
10
11
31
32
33
34
12
35
36
37
38
13
14
50
51
61
71
60
70
59
98
97
96
88
84
49
48
47
46
58
69
83
57
68
82
81
112
103
102
101
95
94
79
80
67
45
30
29
28
27
78
100
99
93
87
52
56
44
55
66
76
92
111
110
109
108
107
106
105
114
138
143
146
148
144
139
115
116
117
118
119
120
121
122
123
124
125
126
127
128
129
151
150
163
162
161
149
142
153
155
158
159
160
169
181
205
206
207
182
183
184
185
186
187
188
189
190
191
192
193
194
195
170
165
131
132
133
134
135
136
137
141
140
152
157
156
172
167
166
171
197
196
210
208
223
234
233
232
248
263
264
265
249
250
235
224
219
211
198
199
212
200
201
202
213
214
216
237
239
252
241
253
255
296
295
325
324
319
294
284
283
293
282
281
292
280
279
278
291
304
310
318
317
309
303
299
290
316
308
302
298
289
297
301
307
315
321
338
339
340
341
342
343
344
345
363
362
372
373
399
374
364
375
376
377
412
401
400
416
410
423
422
421
420
409
403
398
389
384
397
388
383
396
382
387
381
386
380
395
408
407
406
419
418
393
385
379
378
369
354
353
366
352
351
330
331
332
355
356
370
357
358
371
359
360
361
337
336
335
334
333
323
320
314
306
300
288
286
276
275
231
262
261
260
259
247
246
245
244
229
222
228
227
221
204
180
179
178
177
176
203
218
225
220
226
238
243
267
268
269
256
257
258
270
273
274
285
313
329
328
346
367
347
348
349
350
368
392
405
402
391
417
415
414
413
404
390
411
394
365
326
327
322
312
311
305
287
272
266
271
277
254
242
240
230
236
251
217
215
209
174
175
173
164
168
154
147
145
113
130
104
89
72
62
77
39
15
1
16
40
41
53
63
73
85
90
91
74
64
86
75
65
54
43
42
17
2
3
4
5
18
19
20
21
22
23
6
7
8
24
25
26
9

improvements: 80
initial-cycle-weight: 1919
final-cycle-weight: 1453
33
34
12
35
36
37
38
13
46
47
48
49
14
50
51
61
71
60
70
59
98
97
96
88
84
83
69
58
57
68
82
81
112
103
102
101
95
94
79
80
67
78
100
99
93
87
52
56
44
55
66
76
92
111
110
109
108
107
106
105
114
138
143
146
148
144
139
115
116
117
118
119
120
121
122
123
124
125
126
127
128
129
151
150
149
142
153
155
158
159
160
169
161
162
163
181
205
206
207
182
183
184
185
186
187
188
189
190
191
192
193
194
195
196
170
165
131
132
133
134
135
136
137
141
140
152
157
156
172
167
166
171
197
210
208
223
234
233
232
248
263
264
265
249
250
235
224
219
211
198
199
212
200
201
202
213
214
216
237
239
252
241
253
255
296
295
325
324
319
294
284
283
293
282
281
292
280
279
278
291
304
310
318
317
309
303
299
290
316
308
302
298
289
297
301
307
315
321
338
339
340
341
342
343
344
345
363
362
372
373
399
374
364
375
376
377
412
401
400
416
410
423
422
421
420
409
403
398
389
384
397
388
383
396
382
387
381
386
380
395
408
407
406
419
418
393
385
379
378
369
354
353
366
352
351
330
331
332
355
356
370
357
358
371
359
360
361
337
336
335
334
333
323
320
314
306
300
288
286
276
275
231
262
261
260
259
247
246
245
244
229
222
228
227
221
204
180
179
178
177
176
203
218
225
220
226
238
243
267
268
269
256
257
258
270
273
274
285
313
329
328
346
367
347
348
349
350
368
392
405
402
391
417
415
414
413
404
390
411
394
365
326
327
322
312
311
305
287
272
266
271
277
254
242
240
230
236
251
217
215
209
174
175
173
164
168
154
147
145
113
130
104
89
72
62
77
39
15
1
16
40
41
53
63
73
85
90
91
74
64
86
75
65
54
43
42
17
2
3
4
5
18
19
20
21
22
23
6
7
8
24
25
26
9
27
28
29
10
30
45
32
31
11

improvements: 72
initial-cycle-weight: 1881
final-cycle-weight: 1469
236
251
230
240
242
254
277
271
266
272
287
305
311
312
322
327
326
365
394
411
390
404
413
414
415
417
391
402
405
392
368
350
349
348
347
367
346
328
329
313
285
274
273
270
258
257
256
269
268
267
243
227
221
228
244
245
246
247
231
262
261
260
259
275
276
286
288
300
306
314
320
330
331
332
333
334
335
336
337
338
339
340
341
342
343
344
345
363
362
372
373
399
374
364
375
376
377
412
401
400
416
410
423
422
421
420
409
403
398
389
384
397
388
383
396
382
387
381
386
380
395
408
407
406
419
418
393
385
379
378
351
352
366
353
354
355
369
370
356
357
358
371
359
360
361
323
321
315
307
301
297
289
298
302
308
316
290
299
303
309
317
318
310
304
291
278
279
280
292
281
282
293
283
284
294
319
324
325
295
296
255
253
241
252
239
237
216
214
213
202
201
200
212
199
198
211
219
224
235
250
249
265
264
263
248
232
233
234
223
208
210
197
171
166
167
172
156
157
152
140
141
137
136
135
134
133
132
131
165
170
196
195
194
193
192
191
190
189
188
187
186
185
184
183
182
207
222
229
204
205
206
181
180
179
178
177
176
203
218
220
226
238
225
217
215
173
174
175
168
154
148
146
147
145
143
144
139
138
114
115
116
117
118
119
120
142
153
155
158
159
160
169
161
162
163
151
150
149
121
122
123
124
125
126
127
128
129
100
99
93
87
52
78
27
28
29
30
45
67
80
79
94
95
101
102
103
112
81
82
68
57
83
69
58
46
47
48
49
84
88
96
97
98
59
70
60
71
61
51
50
14
13
38
37
36
35
12
34
33
32
31
11
10
9
26
25
24
8
7
6
23
22
21
20
19
56
76
66
55
44
18
5
4
3
2
17
42
43
54
65
75
86
92
111
110
109
108
91
107
106
105
90
74
64
85
73
63
53
41
40
16
1
15
39
77
62
72
89
104
113
130
164
209

improvements: 79
initial-cycle-weight: 1925
final-cycle-weight: 1466
51
50
49
59
70
60
71
61
98
97
96
88
84
83
69
58
57
68
82
81
112
103
102
101
95
94
79
80
67
45
30
29
28
27
78
100
99
93
87
52
56
44
55
66
76
92
111
110
109
108
107
106
105
114
138
143
146
148
144
139
115
116
117
118
119
120
121
122
123
124
125
126
127
128
129
151
150
163
162
161
149
142
153
155
158
159
160
169
181
205
206
207
182
183
184
185
186
187
188
189
190
191
192
193
194
195
196
210
208
223
234
233
232
248
263
264
265
249
250
235
224
219
212
199
198
211
197
170
165
131
132
133
134
135
136
137
141
140
152
157
156
172
167
166
171
200
201
202
213
214
216
237
239
252
241
253
255
296
295
325
324
319
294
284
283
293
282
281
292
280
279
278
291
304
310
318
317
309
303
299
290
316
308
302
298
289
297
301
307
315
321
338
339
340
341
342
343
344
345
363
362
372
373
374
364
375
376
377
412
401
400
416
410
423
422
421
420
409
399
403
398
389
384
397
388
383
396
382
387
381
386
380
395
408
407
406
419
418
393
385
379
378
369
354
353
366
352
351
330
331
332
355
356
370
357
358
371
359
360
361
337
336
335
334
333
323
320
314
306
300
288
286
276
275
231
262
261
260
259
247
246
245
244
229
222
228
227
221
204
180
179
178
177
176
203
218
225
220
226
238
243
267
268
269
256
257
258
270
273
274
285
313
329
328
346
367
347
348
349
350
368
392
405
402
391
417
415
414
413
404
390
411
394
365
326
327
322
312
311
305
287
272
266
271
277
254
242
240
230
236
251
217
215
209
174
175
173
164
168
154
147
145
113
130
104
89
72
62
77
39
15
1
16
40
41
53
63
73
85
90
91
74
64
86
75
65
54
43
42
17
2
3
4
5
18
19
20
21
22
23
6
7
8
24
25
26
9
10
11
31
32
33
34
12
35
36
37
46
47
48
38
13
14

improvements: 73
initial-cycle-weight: 1873
final-cycle-weight: 1471
372
373
374
364
375
376
377
412
401
400
416
410
423
422
421
420
409
399
403
398
389
384
397
388
383
396
382
387
381
386
380
395
408
407
406
419
418
393
385
379
378
369
353
366
352
351
329
328
313
285
274
273
270
258
257
256
269
268
243
267
266
272
287
305
311
312
322
327
346
367
347
348
349
350
368
392
405
402
391
417
415
414
413
404
390
411
394
365
326
271
277
254
242
240
230
236
251
217
225
238
226
220
218
203
176
177
178
179
180
181
163
162
161
169
160
159
158
155
153
142
120
119
118
117
116
115
114
138
139
144
148
146
143
145
147
154
168
175
174
173
215
209
164
130
113
104
89
72
62
77
39
15
1
16
40
41
53
63
73
85
64
74
90
105
106
107
108
109
110
111
92
91
86
75
65
54
43
42
17
2
3
4
5
55
66
76
56
44
18
19
20
21
22
23
6
7
8
24
25
26
9
10
11
31
32
33
34
12
35
36
37
38
13
14
50
51
61
71
60
70
59
98
97
96
88
84
49
48
47
46
58
69
83
57
68
82
81
112
103
102
101
95
94
79
80
67
45
30
29
28
27
78
52
87
93
99
100
129
128
127
126
125
124
123
122
121
149
150
151
170
165
131
132
133
134
135
136
137
141
140
152
157
156
172
167
166
171
202
214
216
241
253
255
252
239
237
213
201
200
212
199
198
211
197
196
210
219
224
235
250
249
265
264
263
248
232
233
234
223
208
195
194
193
192
191
190
189
188
187
186
185
184
183
182
207
206
205
204
222
229
221
227
228
244
245
246
247
231
262
261
260
259
275
276
286
288
300
306
314
320
323
321
315
307
301
297
289
298
302
308
316
290
299
303
309
317
318
310
304
291
278
279
280
292
281
282
293
283
284
294
295
296
319
325
324
345
344
343
342
341
340
339
338
337
336
335
334
333
332
331
330
354
355
356
370
357
358
371
359
360
361
362
363

improvements: 71
initial-cycle-weight: 1920
final-cycle-weight: 1473
142
153
155
158
159
160
169
181
205
206
207
182
183
184
185
186
187
188
189
190
191
192
193
194
195
208
223
234
233
232
248
263
264
265
249
250
235
224
219
210
196
197
211
198
199
212
200
166
171
165
170
131
132
133
134
135
136
137
141
140
152
157
156
172
167
201
202
213
214
216
237
239
252
241
253
255
296
295
325
324
319
294
284
283
293
282
281
292
280
279
278
291
304
310
318
317
309
303
299
290
316
308
302
298
289
297
301
307
315
321
338
339
340
341
342
343
344
345
363
362
372
373
374
364
375
376
377
412
401
400
416
410
423
422
421
420
409
399
403
398
389
384
397
388
383
396
382
387
381
386
380
395
408
407
406
419
418
393
385
379
378
369
354
353
366
352
351
330
331
332
355
356
370
357
358
371
359
360
361
337
336
335
334
333
323
320
314
306
300
288
286
276
275
231
262
261
260
259
247
246
245
244
229
222
228
227
221
204
180
179
178
177
176
203
218
225
220
226
238
243
267
268
269
256
257
258
270
273
274
285
313
329
328
346
367
347
348
349
350
368
392
405
402
391
417
415
414
413
404
390
411
394
365
326
327
322
312
311
305
287
272
266
271
277
254
242
240
230
236
251
217
215
209
174
175
173
164
168
154
147
145
130
113
104
89
72
62
77
39
15
1
16
40
41
53
63
73
85
90
74
64
42
17
2
3
4
5
18
44
19
20
21
22
23
6
7
8
24
25
26
9
10
11
31
32
33
34
12
35
36
37
38
13
14
50
51
61
71
60
70
59
98
97
96
88
84
49
48
47
46
58
69
83
57
68
82
81
112
103
102
101
95
94
79
80
67
45
30
29
28
27
78
100
99
93
87
52
56
76
66
55
43
54
65
75
86
92
111
110
109
108
91
107
106
105
114
138
143
146
148
144
139
115
116
117
118
119
120
121
122
123
124
125
126
127
128
129
151
150
163
162
161
149

improvements: 68
initial-cycle-weight: 1927
final-cycle-weight: 1475
129
128
127
126
125
124
123
122
121
120
119
118
117
116
115
139
144
148
146
143
138
114
105
106
107
108
109
110
111
92
91
86
75
65
54
43
55
66
76
56
52
87
93
99
100
78
27
28
29
30
45
67
80
79
94
95
101
102
103
112
81
82
68
57
83
69
58
46
47
48
49
84
88
96
97
98
59
70
60
71
61
51
50
14
13
38
37
36
35
12
34
33
32
31
11
10
9
26
25
24
8
7
6
23
22
21
20
19
44
18
5
4
3
2
17
42
64
74
90
85
73
63
53
41
40
16
1
15
39
77
62
72
89
104
113
130
145
147
154
168
164
173
175
174
209
215
217
251
236
230
240
242
254
277
271
266
272
287
305
311
312
322
327
326
365
394
411
390
404
413
414
415
417
391
402
405
392
368
350
349
348
347
367
346
328
329
313
285
274
273
270
258
257
256
269
268
267
243
238
226
220
225
218
203
176
177
178
179
180
204
227
228
221
222
229
244
245
246
247
259
260
261
262
231
275
276
286
288
300
306
314
320
323
333
334
335
361
360
359
371
358
357
370
356
355
332
331
330
351
352
366
353
354
369
378
379
385
393
418
419
406
407
408
395
380
386
381
387
382
396
383
388
397
384
389
398
403
399
409
420
421
422
423
410
416
400
401
412
377
376
375
364
374
373
372
362
363
345
344
343
342
341
340
339
338
337
336
321
315
307
301
297
289
298
302
308
316
290
299
303
309
317
318
310
304
291
278
279
280
292
281
282
293
283
284
294
319
324
325
295
296
255
253
241
252
239
237
216
214
172
167
156
157
152
140
141
137
136
135
134
133
132
131
170
165
171
166
202
213
201
200
212
199
198
211
197
196
210
219
224
235
250
249
265
264
263
248
232
233
234
223
208
195
194
193
192
191
190
189
188
187
186
185
184
183
182
207
206
205
181
169
160
159
158
155
153
142
149
161
162
163
150
151

improvements: 69
initial-cycle-weight: 1866
final-cycle-weight: 1472
352
366
353
354
369
378
379
385
393
418
419
406
407
408
395
380
386
381
387
382
396
383
388
397
384
389
398
403
399
409
420
421
422
423
410
416
400
401
412
377
376
375
364
374
373
372
363
362
361
360
359
371
358
357
370
356
355
330
331
332
333
334
335
336
337
338
339
340
341
342
343
344
345
324
325
319
296
295
294
284
283
293
282
281
292
280
279
278
291
304
310
318
317
309
303
299
290
316
308
302
298
289
297
301
307
315
321
323
320
314
306
300
288
286
276
275
259
260
261
262
231
247
246
245
244
229
222
228
221
227
204
205
206
207
182
183
184
185
186
187
188
189
190
191
192
193
194
195
208
223
234
233
232
248
263
264
265
249
250
235
224
219
210
196
197
211
198
199
212
200
201
213
237
239
252
255
253
241
216
214
202
171
166
167
172
156
157
152
140
141
137
136
135
134
133
132
131
165
170
151
150
149
121
122
123
124
125
126
127
128
129
100
99
93
87
52
78
27
28
29
30
45
67
80
79
94
95
101
102
103
112
81
82
68
57
83
69
58
46
47
48
49
84
88
96
97
98
59
70
60
71
61
51
50
14
13
38
37
36
35
12
34
33
32
31
11
10
9
26
25
24
8
7
6
23
22
21
20
19
56
76
66
55
44
18
5
4
3
2
17
42
43
54
65
75
86
92
111
110
109
108
91
107
106
105
90
74
64
85
73
63
53
41
40
16
1
15
39
77
62
72
89
104
113
130
164
209
215
173
174
175
168
154
148
146
147
145
143
144
139
138
114
115
116
117
118
119
120
142
153
155
158
159
160
169
161
162
163
181
180
179
178
177
176
203
218
220
226
238
225
217
251
236
230
240
242
254
277
271
326
365
394
411
390
404
413
414
415
417
391
402
405
392
368
350
349
348
347
367
346
327
322
312
311
305
287
272
266
267
243
268
269
256
257
258
270
273
274
285
313
328
329
351

