342442
340354
340562
348106
339124
341621
345336
343684
342841
345029
341629
342405
341434
338060
347438
338290
342521
344383
343648
336482
343885
342189
343646
341701
335846
343632
344493
343385
341795
343282
341643
343563
342683
348588
343206
338117
348816
338884
345816
340209
341474
341225
344643
342606
337866
343638
343146
335997
341636
340309
345848
343494
350667
341985
346923
345893
346776
342658
341394
344978
344875
337436
344319
351723
342564
345279
338993
339145
341503
343287
345510
342868
340589
344096
345577
349855
341464
343214
342926
340276
344292
347312
342196
348097
342420
342106
344782
342710
344730
345328
339086
339026
342584
339965
341877
338415
345869
345007
344178
342807
345655
340890
343255
340777
347263
347114
347102
341914
343160
341659
342375
346978
340554
346641
333603
344980
343451
350393
333449
341596
343367
343279
346961
346660
346719
349948
341822
340153
342022
337526
343728
344903
345934
343768
344321
340917
345129
344282
341821
344080
338684
336226
344625
335330
338495
345272
344786
340287
343999
340411
348544
342723
341816
345248
343856
345282
346065
344841
345337
337636
342523
347978
340496
342089
340303
342529
341296
345615
347522
347089
342711
342311
350259
341995
345421
340304
343461
345409
340284
340704
347685
341731
343867
346076
341039
340177
347256
343183
344060
342965
343223
347163
345712
340928
336659
341258
346769
343058
342982
345898
339679
345782
349063
347999
340231
343624
343749
344229
342065
340569
342689
344984
345931
339040
341069
346229
340920
339609
341764
347509
344606
345159
343352
338919
346921
345770
340313
341655
343806
336527
345735
340698
342527
344716
339582
339103
345080
346163
339250
342283
345050
343638
344837
341259
338581
340336
344727
342137
344572
342924
336496
342970
345545
343650
345963
345796
341106
341215
340349
343515
343814
346483
339688
346018
345533
345700
343423
344747
344271
337504
340317
345253
343918
341042
340722
346970
345915
343090
341460
344286
340301
337761
342166
341003
350697
340612
347035
341941
344941
337794
342534
341919
340351
342709
346268
342655
346358
338230
342012
343092
345041
347680
340773
347044
342308
340013
344958
341286
347991
345312
343220
343963
341613
339892
337117
338493
342366
342696
338246
345754
343035
344024
345296
339338
343414
334732
345944
340976
339412
336413
346114
344562
339001
344365
346671
341601
343917
340244
341815
348410
349228
340085
347315
344116
342893
343008
343960
346322
344340
343659
342709
343207
341269
345167
339352
337770
340060
344296
344464
346968
339775
345305
340513
338284
342806
346929
344216
343807
346826
345040
341850
340397
336369
340068
343234
346358
340859
343321
342052
341282
348016
341936
340441
345828
348631
340632
342894
343835
342083
336907
339258
339822
344783
342259
340346
342170
349266
343696
345790
342025
348045
352411
345806
344416
342602
344305
344939
341594
345212
345980
340787
344014
344266
341150
347217
343883
342877
338359
345313
342626
339359
338627
343853
341980
345258
343360
346314
339741
340709
337748
339200
344290
344238
343878
339159
343663
343380
340727
340494
338995
342670
336304
344844
341378
345077
343349
339995
340438
342655
344649
348842
344993
338387
343977
338643
347550
340765
341343
337374
343185
340398
338980
338869
344261
344441
346453
339458
342865
337981
348035
343030
345337
341758
339826
340889
343703
338854
341924
345085
343457
347090
342005
342971
346951
342315
341435
343045
344712
341603
347993
341722
339685
337250
337921
336716
340785
341267
344940
343373
342793
339336
344928
345079
348440
345724
345939
346039
348395
344233
343115
340850
340189
345437
339544
339195
343022
335750
342471
347514
338605
345309
344000
346053
344113
348269
343501
343410
340188
340372
344760
334375
345916
348082
340886
343838
340539
344117
340305
340525
343674
346922
341817
343688
341451
340764
341096
350783
344449
335807
340926
347235
344964
345087
341715
345421
345670
338943
342039
336404
346471
340967
343510
342959
338479
344384
341275
346626
341267
342269
337178
342668
347184
338420
343909
341909
340941
337419
342796
346714
336264
349217
344666
337409
342681
338992
341004
340186
343048
342079
342331
347318
342903
341019
344460
345978
342506
337733
347154
343340
341613
345432
341197
343330
346822
341921
341392
341419
343401
342643
341131
345556
338903
343550
344657
343832
340769
336413
338473
337465
342316
347324
340091
338810
344172
343552
342963
342862
343186
335830
340658
344657
343748
345126
341575
336779
340116
342828
341137
346075
340431
345055
340253
347462
343334
344154
340071
345930
342604
346490
337946
340176
346025
343812
349348
342578
351933
338212
343754
344812
339068
343355
340660
344235
344721
337428
339795
345323
340091
343248
346524
343370
347576
343304
341488
336536
340404
345134
343147
348614
346904
345246
343277
341205
346440
342766
346062
342190
340833
340055
337798
339083
344531
343350
340460
349211
341866
343941
348368
345116
344723
337936
342643
337629
344583
342566
342400
346407
348534
343053
342021
339971
343952
347062
338089
339795
341384
342084
339266
342722
340520
344758
339745
340710
343235
342801
342911
339598
342924
342760
338862
341906
346411
335025
341908
342274
342873
343022
339146
344207
347768
346576
345979
341458
343600
337594
340497
343586
339664
342215
343180
344150
342191
351201
346010
342940
345587
342706
344394
342557
343796
339607
341375
344038
345361
343966
344868
345529
339563
346789
342124
344348
342259
346544
340602
342216
340729
342868
343075
335489
349000
339734
343044
342049
346162
343563
345298
342047
342620
341703
338017
340969
339941
338758
342222
344048
345423
344544
344121
344950
341687
346163
340877
341958
342585
344687
344558
345439
345341
341757
347970
338805
337870
341144
346163
348063
347822
343655
344619
341479
343885
337987
348705
347766
338025
343263
340016
345099
339262
338436
349199
345553
345212
343303
346371
341602
348204
341828
341715
342923
347388
344285
343455
338713
341661
343256
345112
342870
344999
344523
341049
347264
342311
340754
343092
346018
344179
342769
340394
344051
339910
342819
343203
345600
341469
347225
336587
340909
340189
341351
340130
352114
341103
344565
341864
345583
341118
342027
338745
337798
340328
345287
341515
340027
342318
342624
347563
342934
344288
341124
341402
339888
341780
347139
343452
338163
342936
343241
348947
347100
340144
348095
341604
343819
340233
341330
342303
342047
349760
339150
347800
344167
350947
339409
339751
340795
338072
347500
339022
344344
342326
341764
344721
350449
339831
342462
340985
339567
335681
341753
345997
347808
344711
345928
344218
337789
344363
340833
340284
339490
343850
343481
344282
345987
338122
339934
343090
340790
342299
338138
346674
341893
339696
346611
348471
343383
341142
339394
344568
342585
345896
347631
339257
345628
344076
343253
347975
345180
343803
338643
343720
348158
343126
348920
343305
336897
344440
341755
341615
344801
343647
341605
345394
344767
340243
342385
343299
338479
341428
342959
340699
340996
341438
342031
341323
341419
342256
347051
347514
344852
347566
