weight: 11427
vertices-order: 
1
39
111
132
142
182
170
183
184
197
199
231
128
159
185
123
49
112
58
63
113
133
146
165
186
212
145
163
66
67
114
68
69
70
71
72
115
147
166
188
219
220
221
217
218
216
73
74
75
76
77
78
116
134
149
168
189
135
150
169
180
190
191
171
172
151
148
167
117
79
80
81
118
119
82
120
121
83
84
85
86
87
88
89
122
130
138
154
175
193
239
238
301
302
303
304
305
338
359
377
399
427
428
398
339
340
306
307
341
361
379
401
429
482
481
360
378
400
408
308
342
309
310
311
312
313
314
315
316
343
362
380
402
410
430
484
483
460
459
458
457
461
462
431
432
433
463
434
435
464
486
487
436
437
438
465
488
489
490
527
439
440
466
441
491
492
493
495
442
443
467
444
445
468
446
447
448
469
497
498
528
499
500
501
502
503
504
505
533
575
612
611
627
666
716
733
734
717
718
711
610
609
626
664
665
663
662
661
660
659
658
657
656
654
710
653
652
651
650
649
648
647
646
709
645
644
643
642
641
640
639
638
708
637
636
635
634
706
705
704
703
702
713
700
699
698
697
696
695
694
693
692
712
691
690
689
688
721
687
686
685
684
683
682
681
680
679
678
677
720
723
725
728
736
743
768
767
742
765
790
823
878
911
930
956
912
965
931
957
982
998
1038
1037
1069
1121
1148
1160
1178
1149
1161
1180
1202
1214
1265
1287
1316
1351
1370
1369
1361
1330
1335
1292
1295
1322
1336
1343
1357
1296
1297
1323
1298
1299
1324
1337
1344
1358
1300
1325
1301
1302
1326
1303
1304
1327
1338
1345
1359
1367
1305
1306
1329
1307
1328
1339
1347
1362
1346
1360
1368
1375
1390
1432
1461
1478
1483
1496
1516
1530
1541
1571
1572
1495
1515
1433
1434
1462
1435
1463
1464
1479
1485
1498
1531
1544
1545
1521
1499
1486
1500
1523
1522
1466
1468
1469
1470
1487
1502
1525
1532
1546
1501
1524
1441
1442
1443
1471
1472
1488
1504
1527
1534
1549
1576
1575
1548
1547
1574
1625
1653
1665
1677
1694
1652
1624
1623
1650
1651
1658
1664
1676
1693
1700
1715
1759
1760
1714
1758
1811
1833
1858
1877
1899
1921
1940
1939
1857
1876
1898
1908
1834
1812
1813
1814
1835
1815
1816
1836
1859
1878
1922
1923
1860
1879
1861
1900
1863
1880
1837
1838
1817
1763
1764
1757
1756
1755
1754
1753
1752
1751
1712
1698
1711
1710
1709
1687
1689
1672
1662
1647
1648
1646
1645
1619
1644
1618
1617
1643
1661
1670
1686
1616
1615
1614
1613
1612
1641
1642
1611
1640
1638
1659
1667
1683
1696
1706
1745
1746
1747
1748
1749
1707
1708
1734
1750
1685
1669
1660
1668
1684
1697
1744
1794
1795
1796
1797
1798
1826
1854
1872
1893
1920
1855
1873
1894
1871
1892
1927
1926
1827
1799
1800
1828
1801
1802
1829
1803
1804
1805
1806
1807
1830
1856
1874
1895
1808
1809
1831
1875
1897
1810
1783
1773
1818
1881
1910
1909
1896
1941
1862
1832
1705
1738
1735
1702
1761
1762
1666
1680
1608
1589
1621
1657
1620
1671
1688
1713
1699
1690
1673
1663
1675
1692
1674
1691
1622
1649
1626
1627
1654
1628
1629
1655
1656
1695
1716
1701
1630
1577
1634
1678
1703
1717
1736
1718
1719
1737
1720
1721
1722
1739
1765
1820
1819
1766
1767
1821
1839
1844
1865
1884
1902
1912
1924
1911
1901
1882
1864
1883
1768
1769
1822
1845
1866
1885
1903
1770
1824
1840
1847
1868
1887
1905
1914
1935
1936
1937
1934
1933
1932
1931
1930
1950
1951
1952
1953
1954
1955
2003
1956
1958
2004
2031
2046
2069
2094
2133
2047
2070
2096
2095
2044
2067
2092
2132
2151
2187
2188
2189
2190
2150
2066
2091
1959
1960
1961
1962
2005
2006
2007
1963
1964
1966
1967
2009
2048
2097
2153
2192
2249
2265
2283
2248
2264
2250
2193
2194
2195
2196
2197
2198
2199
2237
2244
2266
2277
2284
2267
2238
2239
2285
2152
1968
1970
1971
1972
2032
2049
2118
2134
1973
1974
1975
1976
2033
2119
2136
2154
1977
1979
1994
1995
1949
1948
1993
1946
2001
1944
2000
2030
2043
2065
2090
2117
2130
2159
2182
2183
2160
2147
2161
2184
2185
2186
2234
2148
2149
2162
2158
2157
2156
2155
2129
2116
2088
2063
2042
2041
2062
2087
2115
1943
1999
1942
1998
1997
2028
2029
2124
2146
2127
2128
2114
2086
2061
2040
2027
2039
2060
2085
2113
2123
2112
2084
2059
2038
2026
2024
2037
2058
2083
2111
2122
2144
2170
2171
2172
2173
2174
2175
2176
2177
2178
2179
2082
2110
2109
2081
2057
2036
2023
2022
2035
2056
2080
2108
2121
1991
1990
2021
2034
2055
2079
2107
2120
2143
2163
2224
2225
2226
2227
2228
2229
2230
2231
2232
2242
2233
2223
2222
2221
2220
2219
2218
2217
2216
2215
2214
2213
2212
2211
2210
2209
2246
2253
2270
2290
2254
2272
2291
2255
2273
2293
2256
2274
2294
2257
2275
2280
2296
2276
2260
2295
2258
2269
2289
2279
2288
2208
2207
2206
2205
2245
2252
2278
2287
2204
2203
2202
2201
2240
2251
2268
2286
2200
2191
2181
2236
2259
2263
2261
2282
2297
2292
2281
2301
2401
2405
2445
2458
2459
2439
2475
2491
2500
2557
2546
2515
2524
2535
2540
2541
2542
2543
2544
2545
2547
2548
2549
2550
2551
2552
2553
2554
2555
2556
2558
2559
2560
2561
2562
2417
2403
2392
2311
2323
2333
2343
2409
2424
2448
2466
2356
2359
2360
2361
2411
2425
2452
2470
2362
2363
2364
2365
2412
2426
2453
2471
2366
2367
2368
2369
2413
2427
2454
2472
2370
2371
2372
2373
2414
2428
2455
2473
2374
2375
2376
2377
2404
2415
2456
2474
2457
2476
2440
2378
2379
2380
2429
2442
2478
2430
2443
2479
2431
2444
2480
2432
2433
2441
2477
2381
2382
2383
2384
2385
2386
2387
2388
2389
2390
2391
2393
2394
2395
2396
2397
2398
2306
2307
2407
2416
2446
2460
2308
2309
2310
2312
2408
2418
2435
2463
2481
2492
2516
2514
2513
2512
2511
2510
2509
2508
2507
2506
2505
2504
2503
2502
2501
2566
2565
2564
2563
2482
2483
2493
2517
2518
2519
2520
2521
2522
2523
2494
2487
2488
2495
2489
2490
2464
2437
2465
2421
2438
2467
2422
2423
2436
2420
2486
2485
2484
2419
2434
2462
2447
2461
2313
2314
2315
2316
2317
2318
2319
2320
2321
2322
2399
2324
2325
2326
2327
2328
2329
2330
2331
2332
2400
2334
2335
2336
2337
2338
2339
2340
2341
2342
2344
2345
2346
2347
2348
2349
2350
2351
2352
2353
2354
2355
2357
2358
2402
2410
2449
2468
2450
2469
2406
2451
2496
2497
2498
2499
2539
2538
2537
2536
2534
2533
2532
2531
2530
2529
2528
2527
2526
2525
2305
2300
2299
2303
2304
2302
2298
2262
2271
2247
2235
2180
2243
2241
2164
2165
2166
2167
2168
2169
2141
2140
2078
2106
2054
2077
2053
2076
2052
2017
1989
1988
2016
1987
1986
2015
2051
2103
2139
2075
2104
1985
2014
1984
1983
1982
1981
2011
2012
2013
1980
1978
1969
2008
2010
1965
1957
1947
2002
2045
2071
2098
2135
2050
2073
2100
2137
2138
2074
2102
2101
2072
2099
2068
2093
2131
2145
2142
2125
2126
2105
2064
2089
2025
2020
1996
1938
1928
2019
2018
1992
1945
1929
1913
1904
1886
1867
1846
1771
1825
1823
1723
1724
1740
1725
1726
1727
1741
1728
1729
1742
1772
1774
1848
1775
1776
1777
1841
1849
1906
1915
1778
1779
1780
1781
1842
1850
1888
1907
1916
1843
1851
1869
1890
1919
1925
1891
1870
1853
1852
1889
1918
1917
1782
1784
1785
1786
1787
1788
1789
1790
1791
1792
1793
1730
1731
1578
1579
1631
1580
1581
1582
1583
1584
1585
1586
1587
1588
1632
1590
1591
1592
1593
1594
1595
1596
1597
1598
1633
1599
1600
1601
1602
1603
1604
1605
1635
1679
1636
1606
1607
1637
1681
1704
1733
1743
1732
1609
1610
1639
1682
1566
1553
1554
1567
1555
1556
1557
1568
1558
1559
1569
1561
1562
1507
1551
1573
1503
1526
1444
1473
1489
1505
1528
1474
1445
1446
1447
1475
1448
1449
1476
1450
1394
1395
1490
1506
1550
1565
1396
1465
1438
1439
1440
1543
1520
1542
1519
1497
1518
1484
1436
1437
1431
1430
1460
1429
1459
1481
1492
1512
1540
1570
1491
1511
1480
1477
1482
1494
1514
1493
1513
1428
1427
1426
1425
1424
1415
1400
1397
1453
1467
1517
1533
1535
1552
1560
1393
1391
1392
1376
1389
1264
1248
1249
1204
1219
1220
1187
1165
1188
1166
1189
1152
1167
1190
1153
1168
1191
1205
1223
1222
1221
1146
1131
1130
1129
1128
1089
1090
1091
1092
1093
1094
1132
1133
1154
1194
1170
1193
1206
1226
1270
1269
1225
1224
1268
1267
1169
1192
1095
1134
1135
1136
1096
1097
1098
1099
1100
1101
1138
1155
1171
1196
1253
1252
1251
1250
1102
1103
1104
1105
1139
1156
1172
1197
1207
1228
1272
1271
1254
1255
1256
1257
1258
1273
1310
1332
1340
1348
1364
1311
1333
1312
1313
1334
1349
1365
1314
1309
1308
1331
1363
1377
1385
1274
1275
1230
1208
1198
1173
1157
1106
1107
1108
1109
1110
1111
1141
1074
1085
1123
1087
1088
1060
1140
1137
1195
1227
1229
1175
829
886
844
845
846
847
848
849
888
905
918
939
968
1001
1041
1040
917
938
967
984
1000
937
966
916
904
850
851
889
890
919
941
970
985
1003
1002
940
969
852
853
891
906
920
942
971
986
1004
1044
1045
1043
1042
854
892
855
893
856
894
921
945
975
987
1006
1005
944
974
943
973
857
858
897
907
923
947
977
989
1009
1050
1051
1030
1031
1049
1048
1047
1046
1007
988
976
946
922
859
860
898
861
862
863
864
899
924
948
978
865
866
867
900
979
1010
990
1033
1032
868
870
871
901
908
925
950
981
1011
991
909
926
952
951
992
902
949
980
872
802
803
804
805
874
806
807
808
809
875
876
910
929
955
928
954
993
1017
1016
1015
994
1018
1019
1035
1064
1116
1063
1062
1120
1119
1144
1147
1179
1211
1236
1260
1278
1318
1317
1352
1366
1371
1378
1386
1401
1451
1399
1398
1402
1403
1404
1405
1406
1407
1408
1409
1452
1410
1411
1412
1413
1414
1416
1417
1418
1419
1454
1508
1536
1537
1538
1563
1529
1539
1564
1509
1455
1456
1420
1421
1457
1422
1423
1458
1510
1379
1380
1387
1381
1382
1353
1342
1315
1279
1280
1281
1282
1283
1284
1285
1286
1277
1237
1238
1261
1159
1177
1061
1059
1058
1057
1118
1117
1158
1176
1201
1210
1234
1235
1209
1055
1054
1053
1052
1115
1114
1113
1142
1174
1200
1231
1259
1232
1276
1341
1350
1233
1199
1143
1112
1056
1065
1066
1067
1068
1070
1071
1072
1073
1075
1076
1122
1145
1151
1163
1182
1212
1263
1262
1242
1241
1240
1239
1213
1243
1244
1245
1246
1183
1150
1162
1181
1203
1077
1078
1079
1080
1081
1082
1020
1021
1036
927
953
810
811
813
877
814
815
816
817
873
818
819
820
821
822
824
825
826
827
828
830
831
832
879
914
934
960
983
997
933
959
995
1025
1024
1023
1022
996
932
958
913
903
833
834
880
881
915
935
962
963
961
882
883
884
885
837
838
839
840
841
887
936
964
999
1029
1039
1086
1127
1126
1125
1124
1164
1185
1186
1184
1215
1266
1290
1291
1293
1294
1319
1355
1372
1373
1374
1356
1354
1384
1388
1383
1320
1321
1289
1288
1216
1217
1218
1247
1084
1083
1013
1027
1028
1026
842
843
799
801
792
835
836
785
751
752
786
753
754
787
755
756
788
757
758
789
759
760
791
761
762
763
764
732
731
750
749
748
796
783
782
795
780
779
778
794
777
776
793
775
895
812
869
896
972
1008
1034
1012
1014
766
735
727
744
769
770
771
772
745
773
774
741
746
740
738
730
726
724
729
737
676
675
674
673
672
671
719
670
669
668
667
655
701
722
739
747
784
797
798
800
781
707
714
715
622
605
623
624
606
607
625
608
573
554
549
551
613
449
450
470
317
318
240
241
242
243
244
245
319
246
247
248
249
250
252
253
254
255
320
256
257
258
259
261
262
263
264
265
321
266
267
268
270
271
272
273
274
275
322
276
277
279
280
281
282
283
285
286
326
385
419
453
452
451
412
237
215
198
187
232
200
233
201
202
234
203
204
205
235
206
207
236
208
209
210
211
213
214
161
143
160
300
299
334
375
396
425
480
479
478
477
426
455
456
376
397
335
336
298
333
349
358
374
395
407
297
296
332
348
357
373
394
406
356
372
392
295
331
347
355
371
391
405
294
293
330
292
291
290
329
346
353
369
389
388
422
472
506
535
536
555
564
577
586
594
629
628
614
593
592
563
576
534
532
553
562
574
585
572
561
589
581
604
548
550
547
571
590
591
496
494
485
530
543
531
507
537
508
509
538
552
556
566
579
557
567
580
587
597
631
630
615
616
588
598
599
600
558
568
559
569
560
582
542
516
517
544
583
601
602
603
617
632
618
619
633
620
621
570
584
545
546
518
519
529
520
521
522
523
524
525
526
541
540
596
595
565
578
510
511
512
513
539
514
515
471
354
370
390
404
424
474
473
454
475
476
423
328
289
288
287
327
284
278
269
260
251
323
337
324
325
344
350
365
383
366
384
351
367
386
352
368
387
403
345
364
382
363
409
393
411
413
414
381
415
416
417
418
420
421
194
224
225
195
226
227
228
176
155
137
153
174
181
192
223
222
152
173
136
129
90
91
92
93
94
124
95
96
97
98
99
100
101
125
131
139
156
177
196
229
230
102
103
104
105
106
126
140
157
178
141
158
179
107
108
127
2
3
32
33
109
34
35
36
37
38
7
8
40
41
42
43
110
44
45
46
47
48
12
50
13
14
51
52
53
54
55
56
57
59
60
61
16
62
144
162
17
19
64
164
65
15
11
10
9
5
6
31
4
30
29
28
27
26
24
25
23
21
22
20
18

