weight: 6956
edges: 
1 39
2 108
2 3
3 2
3 4
3 31
3 32
4 3
5 34
5 6
6 5
7 38
7 8
8 7
8 40
9 42
10 43
11 46
12 48
12 50
13 50
13 14
14 13
14 51
15 61
16 61
16 62
17 62
17 19
18 63
19 17
19 64
20 70
21 73
21 22
22 21
23 77
24 80
24 25
25 24
26 82
27 87
28 91
29 98
30 105
31 3
32 3
32 33
33 32
33 109
34 5
34 109
34 35
35 34
35 36
36 35
36 37
37 36
37 38
38 7
38 37
39 1
39 49
39 111
40 8
40 41
41 40
41 42
42 9
42 41
42 43
43 10
43 42
43 110
44 110
44 45
45 44
45 46
46 11
46 45
46 47
47 46
47 48
48 12
48 47
49 39
49 58
49 112
50 13
50 12
51 14
51 52
52 51
52 53
53 52
53 54
54 53
54 55
55 54
55 56
56 55
56 57
57 56
57 59
58 49
58 63
59 57
59 60
60 59
60 61
61 15
61 16
61 60
62 17
62 16
62 144
63 18
63 58
63 66
63 113
64 19
64 65
64 164
65 64
66 63
66 67
67 66
67 68
67 114
68 67
68 69
69 68
69 70
70 20
70 69
70 71
71 70
71 72
72 71
72 73
72 115
73 21
73 72
73 74
74 73
74 75
75 74
75 76
76 75
76 77
77 23
77 76
77 78
78 77
78 79
78 116
79 78
79 80
80 24
80 79
80 81
81 80
81 118
82 26
82 119
82 120
83 121
83 84
84 83
84 85
85 84
85 86
86 85
86 87
87 27
87 86
87 88
88 87
88 89
89 88
89 90
89 122
90 89
90 91
91 28
91 90
91 92
92 91
92 93
93 92
93 94
94 93
94 95
94 124
95 94
95 96
96 95
96 97
97 96
97 98
98 29
98 97
98 99
99 98
99 100
100 99
100 101
101 100
101 102
101 125
102 101
102 103
103 102
103 104
104 103
104 105
105 30
105 104
105 106
106 105
106 107
106 126
107 106
107 108
108 2
108 107
108 127
109 34
109 33
110 44
110 43
111 39
111 123
111 132
112 49
113 63
113 133
114 67
115 72
115 147
116 78
116 117
116 134
117 116
118 81
118 119
119 82
119 118
120 82
120 121
121 83
121 120
122 89
122 130
123 111
124 94
125 101
125 131
126 106
126 140
127 108
128 170
129 136
130 122
130 137
130 138
131 125
131 139
132 111
132 142
133 113
133 145
133 146
134 116
134 148
134 149
135 149
135 150
136 129
136 152
137 130
137 152
137 153
138 130
138 154
139 131
139 156
140 126
140 141
140 157
141 140
141 158
142 132
142 159
142 182
143 161
144 62
144 162
145 133
145 163
146 133
146 165
147 115
147 166
148 134
148 167
149 135
149 134
149 168
150 135
150 169
151 171
152 136
152 137
152 173
153 137
153 174
154 138
154 175
155 176
156 139
156 177
157 140
157 178
158 141
158 179
159 142
159 185
160 208
161 143
161 214
162 144
163 145
164 64
165 146
165 186
166 147
166 188
167 148
168 149
168 189
169 150
169 180
170 128
170 182
170 183
171 151
171 191
171 172
172 171
173 152
174 153
174 181
175 154
175 193
176 155
176 195
177 156
177 196
178 157
179 158
180 169
180 190
181 174
181 192
182 170
182 142
183 170
183 184
184 183
184 197
185 159
186 165
186 212
187 198
188 166
188 217
188 219
189 168
190 180
190 191
191 171
191 190
192 181
192 223
193 175
193 194
193 239
194 193
194 224
195 176
195 224
195 226
196 177
196 229
197 184
197 199
198 187
198 215
199 197
199 231
200 232
200 233
201 233
201 202
202 201
202 234
203 234
203 204
204 203
204 205
205 204
205 235
206 235
206 207
207 206
207 236
208 160
208 236
208 209
209 208
209 210
210 209
210 211
211 210
211 213
212 186
213 211
213 214
214 161
214 213
215 198
215 237
216 217
217 216
217 188
217 218
218 217
219 188
219 220
220 219
220 221
221 220
222 223
223 222
223 192
224 195
224 194
224 225
225 224
226 195
226 227
227 226
227 228
228 227
229 196
229 230
230 229
231 199
232 200
232 240
233 201
233 200
234 203
234 202
235 206
235 205
236 208
236 207
237 215
237 286
238 239
238 301
239 238
239 193
240 232
240 318
240 241
241 240
241 242
242 241
242 243
243 242
243 244
244 243
244 245
245 244
245 319
246 319
246 247
247 246
247 248
248 247
248 249
249 248
249 250
250 249
250 252
251 260
251 323
252 250
252 253
253 252
253 254
254 253
254 255
255 254
255 320
256 320
256 257
257 256
257 258
258 257
258 259
259 258
259 261
260 251
260 269
261 259
261 262
262 261
262 263
263 262
263 264
264 263
264 265
265 264
265 321
266 321
266 267
267 266
267 268
268 267
268 270
269 260
269 278
270 268
270 271
271 270
271 272
272 271
272 273
273 272
273 274
274 273
274 275
275 274
275 322
276 322
276 277
277 276
277 279
278 269
278 284
279 277
279 280
280 279
280 281
281 280
281 282
282 281
282 283
283 282
283 285
284 278
284 287
285 283
285 286
286 237
286 285
286 326
287 284
287 288
287 327
288 287
288 289
289 288
289 328
290 291
290 329
291 290
291 292
292 291
292 330
293 294
293 330
294 293
294 295
295 294
295 296
295 331
296 295
296 297
296 332
297 296
297 333
298 299
298 333
299 298
299 300
299 334
300 299
300 301
301 300
301 238
301 302
302 301
302 303
303 302
303 304
304 303
304 305
305 304
305 338
306 340
306 307
307 306
307 308
307 341
308 307
308 309
308 342
309 308
309 310
310 309
310 311
311 310
311 312
312 311
312 313
313 312
313 314
314 313
314 315
315 314
315 316
316 315
316 317
316 343
317 316
317 318
318 240
318 317
319 246
319 245
320 256
320 255
321 266
321 265
322 276
322 275
323 251
323 324
323 337
324 323
324 325
325 324
325 344
326 286
326 385
327 287
328 289
328 329
329 328
329 290
329 346
330 292
330 293
331 295
331 347
332 296
332 348
333 297
333 298
333 349
334 299
334 335
334 375
335 334
335 336
336 335
337 323
338 305
338 339
338 359
339 338
339 340
340 306
340 339
341 307
341 361
342 308
343 316
343 362
344 325
344 350
345 351
346 329
346 353
347 331
347 355
348 332
348 356
348 357
349 333
349 358
350 344
350 364
350 365
351 345
351 366
351 367
352 367
352 368
353 346
353 369
354 369
354 370
355 347
355 371
356 348
356 372
357 348
357 373
358 349
358 374
359 338
359 377
360 361
360 378
361 360
361 341
361 379
362 343
362 380
363 364
363 381
363 409
364 363
364 350
364 382
365 350
365 366
365 383
366 351
366 365
366 384
367 352
367 351
367 386
368 352
368 387
369 354
369 353
369 389
370 354
370 390
371 355
371 391
372 356
372 392
373 357
373 394
374 358
374 395
375 334
375 376
375 396
376 375
376 397
377 359
377 398
377 399
378 360
378 400
379 361
379 401
380 362
380 402
381 363
381 415
382 364
383 365
384 366
385 326
385 419
386 367
387 368
387 403
388 389
388 422
389 388
389 369
390 370
390 404
391 371
391 405
392 372
393 409
393 411
394 373
394 406
395 374
395 407
396 375
396 425
397 376
398 377
399 377
399 427
400 378
400 408
401 379
401 429
402 380
402 410
403 387
404 390
404 423
404 424
405 391
406 394
407 395
408 400
409 393
409 363
410 402
410 430
411 393
411 413
412 419
413 411
413 414
414 413
415 381
415 416
416 415
416 417
417 416
417 418
418 417
418 420
419 412
419 385
419 453
420 418
420 421
421 420
422 388
422 472
423 404
424 404
424 454
424 474
425 396
425 426
425 480
426 425
426 455
427 399
427 428
428 427
429 401
429 482
430 410
430 461
430 484
431 462
431 432
432 431
432 433
433 432
433 463
434 463
434 435
435 434
435 464
436 464
436 437
437 436
437 438
438 437
438 465
439 465
439 440
440 439
440 466
441 466
441 442
441 491
442 441
442 443
443 442
443 467
444 467
444 445
445 444
445 468
446 468
446 447
447 446
447 448
448 447
448 469
449 469
449 450
450 449
450 470
451 452
452 451
452 453
453 452
453 419
454 424
454 475
455 426
455 456
456 455
457 458
458 457
458 459
459 458
459 460
460 459
460 483
461 430
461 462
462 431
462 461
463 434
463 433
464 436
464 435
464 486
465 439
465 438
465 488
466 441
466 440
467 444
467 443
468 446
468 445
469 449
469 448
469 497
470 450
471 472
472 471
472 422
472 506
473 474
474 473
474 424
475 454
475 476
476 475
477 478
478 477
478 479
479 478
479 480
480 479
480 425
481 482
482 481
482 429
483 460
483 484
484 483
484 430
485 494
485 530
486 464
486 487
487 486
488 465
488 489
489 488
489 490
490 489
490 527
491 441
491 492
492 491
492 493
493 492
493 495
494 485
494 496
495 493
496 494
496 532
497 469
497 498
498 497
498 528
499 528
499 500
500 499
500 501
501 500
501 502
502 501
502 503
503 502
503 504
504 503
504 505
505 504
505 533
506 472
506 507
506 535
507 506
507 537
508 537
508 509
509 508
509 510
509 538
510 509
510 511
511 510
511 512
512 511
512 513
513 512
513 514
513 539
514 513
514 515
515 514
516 542
516 517
517 516
517 544
518 546
518 519
519 518
519 529
520 529
520 521
521 520
521 522
522 521
522 523
523 522
523 524
524 523
524 525
525 524
525 526
526 525
527 490
528 499
528 498
529 520
529 519
530 485
530 531
530 543
531 530
532 496
532 534
532 553
533 505
533 549
533 575
534 532
534 535
535 534
535 506
535 536
536 535
536 555
537 508
537 507
538 509
538 552
539 513
540 558
541 559
542 516
542 560
543 530
544 517
544 545
544 583
545 544
545 546
546 518
546 545
547 548
548 547
548 581
548 550
549 533
549 551
550 548
551 549
551 613
552 538
552 556
553 532
553 561
553 562
554 573
555 536
555 563
555 564
556 552
556 565
556 566
557 566
557 567
558 540
558 588
558 568
559 541
559 568
559 569
560 542
560 569
560 582
561 553
561 571
561 589
562 553
562 572
562 574
563 555
563 576
564 555
564 577
565 556
565 578
566 557
566 556
566 579
567 557
567 580
568 559
568 558
569 560
569 559
570 621
571 561
571 590
572 562
573 554
573 608
574 562
574 585
575 533
575 612
576 563
577 564
577 586
578 565
579 566
580 567
580 587
581 548
581 589
581 604
582 560
583 544
583 584
583 601
584 583
585 574
586 577
586 593
586 594
587 580
587 596
587 597
588 558
588 616
588 598
589 581
589 561
590 571
590 591
591 590
592 593
593 592
593 586
594 586
594 614
594 629
595 596
596 595
596 587
597 587
597 615
597 631
598 588
598 599
599 598
599 600
600 599
601 583
601 602
602 601
602 603
603 602
603 617
604 581
605 622
606 651
606 607
607 606
607 625
608 573
608 626
609 610
609 626
610 609
610 627
611 612
611 627
612 611
612 575
613 551
614 594
615 597
615 616
616 588
616 615
617 603
617 632
618 632
618 619
619 618
619 633
620 633
620 621
621 570
621 620
622 605
622 642
623 645
623 624
624 623
625 607
626 608
626 609
626 664
627 610
627 611
627 666
628 629
629 628
629 594
630 631
631 630
631 597
632 618
632 617
633 620
633 619
634 635
634 706
635 634
635 636
636 635
636 637
637 636
637 708
638 639
638 708
639 638
639 640
640 639
640 641
641 640
641 642
642 622
642 641
642 643
643 642
643 644
644 643
644 645
645 623
645 644
645 709
646 647
646 709
647 646
647 648
648 647
648 649
649 648
649 650
650 649
650 651
651 606
651 650
651 652
652 651
652 653
653 652
653 710
654 656
654 710
655 667
655 701
656 654
656 657
657 656
657 658
658 657
658 659
659 658
659 660
660 659
660 661
661 660
661 662
662 661
662 663
663 662
663 664
664 663
664 626
664 665
665 664
666 627
666 716
667 655
667 668
668 667
668 669
669 668
669 670
670 669
670 671
671 670
671 672
671 719
672 671
672 673
673 672
673 674
674 673
674 675
675 674
675 676
676 675
676 677
677 676
677 678
677 720
678 677
678 679
679 678
679 680
680 679
680 681
681 680
681 682
682 681
682 683
683 682
683 684
684 683
684 685
685 684
685 686
686 685
686 687
687 686
687 721
688 689
688 721
689 688
689 690
690 689
690 691
691 690
691 712
692 693
692 712
693 692
693 694
694 693
694 695
695 694
695 696
696 695
696 697
697 696
697 698
698 697
698 699
699 698
699 700
700 699
700 713
701 655
701 722
702 703
702 713
703 702
703 704
704 703
704 705
705 704
705 706
706 705
706 634
707 722
707 714
708 637
708 638
709 645
709 646
710 653
710 654
711 718
712 691
712 692
713 700
713 702
714 707
714 715
715 714
716 666
716 717
716 733
717 716
717 718
718 711
718 717
719 671
720 677
720 723
721 687
721 688
722 707
722 701
722 739
723 720
723 725
724 726
725 723
725 728
726 724
726 730
727 735
728 725
728 729
728 736
729 728
729 737
730 726
730 738
731 753
732 757
733 716
733 734
734 733
735 727
735 742
736 728
736 743
737 729
738 730
738 745
739 722
739 747
740 741
741 740
741 774
741 746
742 735
742 767
742 765
743 736
743 744
743 768
744 743
744 769
745 738
745 772
745 773
746 741
747 739
747 781
747 784
748 749
748 796
749 748
749 750
750 749
750 785
751 785
751 752
752 751
752 786
753 731
753 786
753 754
754 753
754 787
755 787
755 756
756 755
756 788
757 732
757 788
757 758
758 757
758 789
759 789
759 760
760 759
760 791
761 791
761 762
762 761
762 763
763 762
763 764
764 763
765 742
765 766
765 790
766 765
767 742
767 768
768 767
768 743
769 744
769 770
770 769
770 771
771 770
771 772
772 745
772 771
773 745
773 774
774 741
774 773
775 793
776 777
776 793
777 776
777 794
778 779
778 794
779 778
779 780
780 779
780 795
781 747
782 783
782 795
783 782
783 796
784 747
784 797
785 750
785 751
785 807
786 753
786 752
787 755
787 754
788 757
788 756
789 759
789 758
790 765
790 823
791 761
791 760
792 841
793 775
793 776
794 777
794 778
795 780
795 782
796 783
796 748
797 784
797 798
798 797
798 800
799 843
799 801
800 798
801 799
802 872
802 803
803 802
803 804
804 803
804 805
805 804
805 806
805 874
806 805
806 807
807 785
807 806
807 808
808 807
808 809
809 808
809 810
809 875
810 809
810 811
811 810
811 813
812 823
812 869
813 811
813 814
813 877
814 813
814 815
815 814
815 816
816 815
816 817
817 816
817 873
818 873
818 819
819 818
819 820
820 819
820 821
821 820
821 822
822 821
822 824
823 812
823 790
823 829
823 878
824 822
824 825
825 824
825 826
826 825
826 827
827 826
827 828
828 827
828 830
829 823
829 886
830 828
830 831
831 830
831 832
832 831
832 833
832 879
833 832
833 834
834 833
834 880
835 881
835 836
836 835
837 885
837 838
838 837
838 839
839 838
839 840
840 839
840 841
841 792
841 840
841 842
841 887
842 841
842 843
843 799
843 842
844 886
844 845
845 844
845 846
846 845
846 847
847 846
847 848
848 847
848 849
849 848
849 850
849 888
850 849
850 851
851 850
851 852
851 889
852 851
852 853
853 852
853 891
854 891
854 892
855 892
855 856
855 893
856 855
856 857
856 894
857 856
857 858
858 857
858 895
858 897
859 897
859 860
860 859
860 861
860 898
861 860
861 862
862 861
862 863
863 862
863 864
864 863
864 865
864 899
865 864
865 866
866 865
866 867
867 866
867 900
868 900
868 870
869 812
869 896
870 868
870 871
871 870
871 872
871 901
872 802
872 871
873 818
873 817
874 805
875 809
875 876
876 875
876 910
877 813
878 823
878 911
879 832
879 914
880 834
880 881
881 835
881 880
881 882
881 915
882 881
882 883
883 882
883 884
884 883
884 885
885 837
885 884
886 844
886 829
887 841
887 936
888 849
888 905
889 851
889 890
890 889
890 919
891 854
891 853
891 906
892 855
892 854
893 855
894 856
894 921
895 858
896 869
896 972
897 859
897 858
897 907
898 860
899 864
899 924
900 868
900 867
900 979
901 871
901 908
902 909
903 913
904 916
905 888
905 917
905 918
906 891
906 920
907 897
907 923
908 901
908 925
909 902
909 950
909 926
910 876
910 928
910 929
911 878
911 912
911 930
912 911
912 931
912 965
913 903
913 932
914 879
914 933
914 934
915 881
915 935
916 904
916 937
917 905
917 937
917 938
918 905
918 939
919 890
919 940
919 941
920 906
920 942
921 894
921 944
921 945
922 946
923 907
923 947
924 899
924 948
925 908
925 949
925 950
926 909
926 951
926 952
927 928
927 953
928 927
928 910
928 954
929 910
929 955
930 911
930 956
931 912
931 957
932 913
932 933
932 958
933 932
933 914
933 959
934 914
934 960
935 915
935 961
935 962
936 887
936 964
937 916
937 917
937 966
938 917
938 967
939 918
939 968
940 919
940 969
941 919
941 970
942 920
942 971
943 944
943 973
944 943
944 921
944 974
945 921
945 975
946 922
946 976
947 923
947 977
948 924
948 978
949 925
949 980
950 909
950 925
950 981
951 926
951 992
952 926
953 927
954 928
954 993
955 929
956 930
957 931
957 982
958 932
959 933
959 995
960 934
960 983
961 935
962 935
962 963
963 962
964 936
964 999
965 912
966 937
967 938
967 984
968 939
968 1001
969 940
970 941
970 985
971 942
971 986
972 896
972 1008
973 943
974 944
975 945
975 987
976 946
976 988
977 947
977 989
978 948
979 900
979 990
979 1010
980 949
981 950
981 991
981 1011
982 957
982 998
983 960
983 997
984 967
984 1000
985 970
985 1003
986 971
986 1004
987 975
987 1006
988 976
988 1007
989 977
989 1009
990 979
990 1033
991 981
992 951
993 954
993 994
993 1017
994 993
994 1018
995 959
995 996
995 1025
996 995
997 983
998 982
998 1038
999 964
999 1027
999 1029
1000 984
1001 968
1001 1041
1002 1003
1003 1002
1003 985
1004 986
1004 1043
1004 1044
1005 1006
1006 1005
1006 987
1007 988
1007 1047
1008 972
1008 1012
1008 1034
1009 989
1009 1049
1009 1050
1010 979
1011 981
1012 1008
1012 1014
1013 1039
1014 1012
1015 1016
1016 1015
1016 1017
1017 1016
1017 993
1018 994
1018 1019
1019 1018
1019 1035
1020 1035
1020 1021
1021 1020
1021 1036
1022 1023
1023 1022
1023 1024
1024 1023
1024 1025
1025 1024
1025 995
1026 1027
1027 1026
1027 999
1027 1028
1028 1027
1029 999
1029 1039
1030 1051
1030 1031
1031 1030
1032 1033
1033 1032
1033 990
1034 1008
1035 1020
1035 1019
1035 1064
1036 1021
1037 1038
1037 1069
1038 1037
1038 998
1039 1013
1039 1029
1039 1086
1040 1041
1041 1040
1041 1001
1042 1043
1043 1042
1043 1004
1044 1004
1044 1045
1045 1044
1046 1047
1047 1007
1047 1046
1047 1048
1048 1047
1048 1049
1049 1048
1049 1009
1050 1009
1050 1051
1051 1030
1051 1050
1052 1053
1052 1115
1053 1052
1053 1054
1054 1053
1054 1055
1055 1054
1055 1117
1056 1057
1057 1056
1057 1058
1057 1118
1058 1057
1058 1059
1059 1058
1059 1061
1060 1069
1060 1140
1061 1059
1061 1119
1062 1063
1062 1120
1063 1062
1063 1116
1064 1035
1064 1065
1064 1116
1065 1064
1065 1066
1066 1065
1066 1067
1067 1066
1067 1068
1068 1067
1068 1070
1069 1060
1069 1037
1069 1074
1069 1121
1070 1068
1070 1071
1071 1070
1071 1072
1072 1071
1072 1073
1073 1072
1073 1075
1074 1069
1074 1085
1075 1073
1075 1076
1076 1075
1076 1077
1076 1122
1077 1076
1077 1078
1078 1077
1078 1079
1079 1078
1079 1080
1080 1079
1080 1081
1081 1080
1081 1082
1082 1081
1083 1084
1084 1083
1084 1124
1085 1074
1085 1087
1085 1123
1086 1039
1086 1127
1087 1085
1087 1088
1088 1087
1089 1130
1089 1090
1090 1089
1090 1091
1091 1090
1091 1092
1092 1091
1092 1093
1093 1092
1093 1094
1094 1093
1094 1095
1094 1132
1095 1094
1095 1134
1096 1136
1096 1097
1097 1096
1097 1098
1098 1097
1098 1099
1099 1098
1099 1100
1100 1099
1100 1101
1101 1100
1101 1102
1101 1138
1102 1101
1102 1103
1103 1102
1103 1104
1104 1103
1104 1105
1105 1104
1105 1106
1105 1139
1106 1105
1106 1107
1107 1106
1107 1108
1108 1107
1108 1109
1109 1108
1109 1110
1110 1109
1110 1111
1111 1110
1111 1141
1112 1113
1113 1112
1113 1114
1113 1142
1114 1113
1114 1115
1115 1114
1115 1052
1116 1063
1116 1064
1117 1055
1117 1118
1117 1158
1118 1117
1118 1057
1119 1061
1119 1120
1119 1144
1120 1119
1120 1062
1121 1069
1121 1148
1122 1076
1122 1145
1123 1085
1124 1084
1124 1125
1124 1164
1125 1124
1125 1126
1126 1125
1126 1127
1127 1126
1127 1086
1128 1129
1129 1128
1129 1130
1130 1089
1130 1129
1130 1131
1131 1130
1131 1146
1132 1094
1132 1133
1133 1132
1133 1154
1134 1095
1134 1135
1135 1134
1135 1136
1136 1096
1136 1135
1137 1140
1137 1195
1138 1101
1138 1155
1139 1105
1139 1156
1140 1137
1140 1060
1141 1111
1142 1113
1142 1143
1142 1174
1143 1142
1144 1119
1144 1147
1145 1122
1145 1150
1145 1151
1146 1131
1146 1152
1147 1144
1147 1159
1147 1179
1148 1121
1148 1149
1148 1160
1149 1148
1149 1161
1150 1145
1150 1162
1151 1145
1151 1163
1152 1146
1152 1166
1152 1167
1153 1167
1153 1168
1154 1133
1154 1169
1154 1170
1154 1194
1155 1138
1155 1171
1156 1139
1156 1172
1157 1173
1158 1117
1158 1176
1159 1147
1159 1177
1160 1148
1160 1178
1161 1149
1161 1180
1162 1150
1162 1181
1163 1151
1163 1182
1164 1124
1164 1184
1164 1185
1165 1187
1165 1166
1165 1188
1166 1152
1166 1165
1166 1189
1167 1153
1167 1152
1167 1190
1168 1153
1168 1191
1169 1154
1169 1192
1170 1154
1170 1193
1171 1155
1171 1196
1172 1156
1172 1197
1173 1157
1173 1198
1174 1142
1174 1199
1174 1200
1175 1195
1176 1158
1176 1201
1177 1159
1178 1160
1179 1147
1179 1211
1180 1161
1180 1202
1181 1162
1181 1203
1182 1163
1182 1212
1183 1246
1184 1164
1184 1215
1185 1164
1185 1186
1186 1185
1187 1165
1187 1204
1188 1165
1189 1166
1190 1167
1191 1168
1191 1205
1192 1169
1193 1170
1193 1206
1194 1154
1195 1175
1195 1137
1195 1227
1196 1171
1196 1253
1197 1172
1197 1207
1198 1173
1198 1208
1199 1174
1200 1174
1200 1231
1201 1176
1201 1209
1201 1210
1202 1180
1202 1214
1203 1181
1204 1187
1204 1249
1204 1219
1205 1191
1205 1223
1206 1193
1206 1225
1206 1226
1207 1197
1207 1228
1208 1198
1208 1230
1209 1201
1210 1201
1210 1234
1211 1179
1211 1236
1212 1182
1212 1213
1212 1263
1213 1212
1213 1243
1214 1202
1214 1248
1214 1265
1215 1184
1215 1216
1215 1266
1216 1215
1216 1217
1217 1216
1217 1218
1218 1217
1218 1247
1219 1204
1219 1220
1220 1219
1221 1222
1222 1221
1222 1223
1223 1222
1223 1205
1224 1225
1224 1268
1225 1224
1225 1206
1226 1206
1226 1270
1227 1195
1227 1229
1228 1207
1228 1255
1228 1272
1229 1227
1230 1208
1230 1274
1231 1200
1231 1259
1232 1259
1232 1233
1232 1276
1233 1232
1234 1210
1234 1235
1235 1234
1236 1211
1236 1260
1237 1260
1237 1238
1238 1237
1238 1261
1239 1240
1240 1239
1240 1241
1241 1240
1241 1242
1242 1241
1242 1262
1243 1213
1243 1244
1244 1243
1244 1245
1245 1244
1245 1246
1246 1183
1246 1245
1247 1218
1248 1214
1248 1249
1249 1204
1249 1248
1250 1251
1251 1250
1251 1252
1252 1251
1252 1253
1253 1252
1253 1196
1254 1271
1255 1228
1255 1256
1256 1255
1256 1257
1257 1256
1257 1258
1258 1257
1258 1273
1259 1232
1259 1231
1260 1237
1260 1236
1260 1278
1261 1238
1262 1242
1262 1263
1263 1262
1263 1212
1264 1265
1265 1264
1265 1214
1265 1287
1266 1215
1266 1290
1267 1268
1268 1267
1268 1224
1269 1270
1270 1269
1270 1226
1271 1254
1271 1272
1272 1271
1272 1228
1273 1258
1273 1274
1273 1310
1274 1230
1274 1273
1274 1275
1275 1274
1276 1232
1276 1341
1277 1278
1278 1277
1278 1260
1278 1315
1278 1318
1279 1315
1279 1280
1280 1279
1280 1281
1281 1280
1281 1282
1282 1281
1282 1283
1283 1282
1283 1284
1284 1283
1284 1285
1285 1284
1285 1286
1286 1285
1287 1265
1287 1292
1287 1316
1288 1289
1289 1288
1289 1290
1290 1289
1290 1266
1290 1291
1291 1290
1291 1293
1292 1287
1292 1295
1293 1291
1293 1294
1294 1293
1294 1319
1295 1292
1295 1296
1295 1322
1296 1295
1296 1297
1297 1296
1297 1298
1297 1323
1298 1297
1298 1299
1299 1298
1299 1300
1299 1324
1300 1299
1300 1301
1300 1325
1301 1300
1301 1302
1302 1301
1302 1303
1302 1326
1303 1302
1303 1304
1304 1303
1304 1305
1304 1327
1305 1304
1305 1306
1306 1305
1306 1328
1306 1329
1307 1329
1308 1309
1308 1331
1309 1308
1309 1310
1310 1309
1310 1273
1310 1311
1310 1332
1311 1310
1311 1312
1311 1333
1312 1311
1312 1313
1313 1312
1313 1314
1313 1334
1314 1313
1315 1279
1315 1278
1316 1287
1316 1330
1316 1351
1317 1318
1317 1352
1318 1317
1318 1278
1319 1294
1319 1320
1319 1355
1320 1319
1320 1321
1321 1320
1322 1295
1322 1336
1323 1297
1324 1299
1324 1337
1325 1300
1326 1302
1327 1304
1327 1338
1328 1306
1328 1339
1329 1307
1329 1306
1330 1316
1330 1335
1331 1308
1331 1363
1332 1310
1332 1340
1333 1311
1334 1313
1334 1349
1335 1330
1336 1322
1336 1343
1337 1324
1337 1344
1338 1327
1338 1345
1339 1328
1339 1346
1339 1347
1340 1332
1340 1348
1341 1276
1341 1350
1342 1353
1343 1336
1343 1357
1344 1337
1344 1358
1345 1338
1345 1359
1346 1339
1346 1360
1347 1339
1347 1362
1348 1340
1348 1364
1349 1334
1349 1365
1350 1341
1351 1316
1351 1369
1351 1370
1352 1317
1352 1366
1353 1342
1353 1382
1354 1355
1354 1384
1355 1354
1355 1319
1355 1356
1355 1372
1356 1355
1357 1343
1358 1344
1359 1345
1359 1367
1360 1346
1360 1368
1361 1369
1362 1347
1363 1331
1363 1377
1364 1348
1365 1349
1366 1352
1366 1371
1367 1359
1368 1360
1368 1375
1369 1361
1369 1351
1370 1351
1371 1366
1371 1378
1372 1355
1372 1373
1373 1372
1373 1374
1374 1373
1375 1368
1375 1390
1376 1392
1377 1363
1377 1385
1378 1371
1378 1386
1379 1386
1379 1380
1380 1379
1380 1387
1381 1387
1381 1382
1382 1353
1382 1381
1383 1388
1384 1354
1384 1388
1385 1377
1386 1379
1386 1378
1386 1401
1387 1381
1387 1380
1388 1383
1388 1384
1389 1390
1390 1389
1390 1375
1390 1391
1390 1432
1391 1390
1391 1392
1392 1376
1392 1391
1393 1467
1394 1450
1394 1395
1395 1394
1395 1396
1395 1490
1396 1395
1397 1400
1397 1453
1398 1399
1399 1398
1399 1451
1400 1397
1400 1415
1401 1386
1401 1402
1401 1451
1402 1401
1402 1403
1403 1402
1403 1404
1404 1403
1404 1405
1405 1404
1405 1406
1406 1405
1406 1407
1407 1406
1407 1408
1408 1407
1408 1409
1409 1408
1409 1452
1410 1452
1410 1411
1411 1410
1411 1412
1412 1411
1412 1413
1413 1412
1413 1414
1414 1413
1414 1416
1415 1400
1415 1424
1416 1414
1416 1417
1417 1416
1417 1418
1418 1417
1418 1419
1419 1418
1419 1454
1420 1456
1420 1421
1421 1420
1421 1457
1422 1457
1422 1423
1423 1422
1423 1458
1424 1415
1424 1425
1425 1424
1425 1426
1426 1425
1426 1427
1427 1426
1427 1428
1428 1427
1428 1429
1429 1428
1429 1430
1429 1459
1430 1429
1430 1431
1430 1460
1431 1430
1431 1432
1432 1431
1432 1390
1432 1433
1432 1461
1433 1432
1433 1434
1434 1433
1434 1435
1434 1462
1435 1434
1435 1436
1435 1463
1436 1435
1436 1437
1437 1436
1438 1466
1438 1439
1439 1438
1439 1440
1440 1439
1441 1470
1441 1442
1442 1441
1442 1443
1443 1442
1443 1444
1443 1471
1444 1443
1444 1473
1445 1474
1445 1446
1446 1445
1446 1447
1447 1446
1447 1448
1447 1475
1448 1447
1448 1449
1449 1448
1449 1450
1449 1476
1450 1394
1450 1449
1451 1399
1451 1401
1452 1410
1452 1409
1453 1397
1453 1467
1454 1419
1454 1455
1454 1508
1455 1454
1455 1456
1456 1420
1456 1455
1457 1422
1457 1421
1458 1423
1458 1510
1459 1429
1459 1481
1460 1430
1461 1432
1461 1478
1462 1434
1463 1435
1463 1464
1464 1463
1464 1479
1465 1466
1466 1438
1466 1465
1466 1486
1466 1468
1467 1393
1467 1453
1467 1517
1468 1466
1468 1469
1469 1468
1469 1470
1470 1441
1470 1469
1470 1487
1471 1443
1471 1472
1472 1471
1472 1488
1473 1444
1473 1474
1473 1489
1474 1445
1474 1473
1475 1447
1476 1449
1477 1480
1478 1461
1478 1483
1479 1464
1479 1485
1480 1477
1480 1491
1481 1459
1481 1482
1481 1491
1481 1492
1482 1481
1482 1493
1482 1494
1483 1478
1483 1495
1483 1496
1484 1497
1485 1479
1485 1498
1486 1466
1486 1499
1486 1500
1487 1470
1487 1501
1487 1502
1488 1472
1488 1503
1488 1504
1489 1473
1489 1505
1490 1395
1490 1506
1491 1480
1491 1481
1491 1511
1492 1481
1492 1512
1493 1482
1493 1513
1494 1482
1494 1514
1495 1483
1495 1515
1496 1483
1496 1516
1497 1484
1497 1519
1497 1518
1498 1485
1498 1520
1498 1531
1499 1486
1499 1521
1500 1486
1500 1522
1500 1523
1501 1487
1501 1524
1502 1487
1502 1525
1503 1488
1503 1526
1504 1488
1504 1527
1505 1489
1505 1528
1506 1490
1506 1550
1507 1562
1508 1454
1508 1509
1508 1536
1509 1508
1510 1458
1511 1491
1512 1492
1512 1540
1513 1493
1514 1494
1515 1495
1516 1496
1516 1530
1517 1467
1517 1533
1518 1497
1519 1497
1519 1520
1520 1519
1520 1498
1520 1542
1521 1499
1521 1545
1522 1500
1523 1500
1524 1501
1525 1502
1525 1532
1526 1503
1527 1504
1527 1534
1528 1505
1529 1563
1529 1539
1530 1516
1530 1541
1531 1498
1531 1543
1531 1544
1532 1525
1532 1546
1533 1517
1533 1535
1534 1527
1534 1548
1534 1549
1535 1533
1535 1552
1536 1508
1536 1537
1537 1536
1537 1538
1538 1537
1538 1563
1539 1529
1539 1564
1540 1512
1540 1570
1541 1530
1541 1571
1542 1520
1543 1531
1544 1531
1544 1545
1545 1521
1545 1544
1546 1532
1547 1548
1547 1574
1548 1547
1548 1534
1549 1534
1549 1576
1550 1506
1550 1565
1551 1566
1552 1535
1552 1560
1553 1566
1553 1554
1554 1553
1554 1567
1555 1567
1555 1556
1556 1555
1556 1557
1557 1556
1557 1568
1558 1568
1558 1559
1559 1558
1559 1569
1560 1552
1561 1569
1561 1562
1562 1507
1562 1561
1563 1529
1563 1538
1564 1539
1565 1550
1566 1551
1566 1553
1566 1587
1567 1555
1567 1554
1568 1558
1568 1557
1569 1561
1569 1559
1570 1540
1571 1541
1571 1572
1572 1571
1573 1574
1574 1573
1574 1547
1574 1625
1575 1576
1576 1575
1576 1549
1577 1630
1577 1634
1578 1634
1578 1579
1579 1578
1579 1631
1580 1631
1580 1581
1581 1580
1581 1582
1582 1581
1582 1583
1583 1582
1583 1584
1584 1583
1584 1585
1585 1584
1585 1586
1586 1585
1586 1587
1587 1566
1587 1586
1587 1588
1588 1587
1588 1632
1589 1608
1589 1621
1590 1632
1590 1591
1591 1590
1591 1592
1592 1591
1592 1593
1593 1592
1593 1594
1594 1593
1594 1595
1595 1594
1595 1596
1596 1595
1596 1597
1597 1596
1597 1598
1598 1597
1598 1633
1599 1633
1599 1600
1600 1599
1600 1601
1601 1600
1601 1602
1602 1601
1602 1603
1603 1602
1603 1604
1604 1603
1604 1605
1605 1604
1605 1635
1606 1636
1606 1607
1607 1606
1607 1637
1608 1589
1608 1638
1609 1637
1609 1610
1610 1609
1610 1639
1611 1612
1611 1640
1612 1611
1612 1613
1612 1641
1613 1612
1613 1614
1614 1613
1614 1615
1615 1614
1615 1616
1616 1615
1616 1617
1617 1616
1617 1618
1617 1643
1618 1617
1618 1619
1619 1618
1619 1645
1619 1644
1620 1647
1621 1589
1621 1657
1622 1623
1622 1649
1623 1622
1623 1624
1623 1650
1624 1623
1624 1652
1625 1574
1625 1626
1625 1653
1626 1625
1626 1627
1627 1626
1627 1628
1627 1654
1628 1627
1628 1629
1629 1628
1629 1655
1630 1577
1630 1656
1631 1580
1631 1579
1632 1590
1632 1588
1633 1599
1633 1598
1634 1578
1634 1577
1634 1678
1635 1605
1635 1636
1635 1679
1636 1606
1636 1635
1637 1609
1637 1607
1637 1681
1638 1608
1638 1640
1638 1659
1639 1610
1639 1682
1640 1638
1640 1611
1641 1612
1641 1642
1642 1641
1643 1617
1643 1661
1644 1619
1645 1619
1645 1646
1646 1645
1646 1647
1647 1620
1647 1646
1647 1662
1647 1648
1648 1647
1649 1622
1650 1623
1650 1651
1651 1650
1651 1658
1652 1624
1652 1653
1653 1652
1653 1625
1653 1665
1654 1627
1655 1629
1655 1656
1656 1630
1656 1655
1656 1695
1657 1621
1658 1651
1658 1664
1659 1638
1659 1666
1659 1667
1660 1685
1660 1668
1661 1643
1661 1670
1662 1647
1662 1672
1663 1673
1664 1658
1664 1675
1664 1676
1665 1653
1665 1677
1666 1659
1666 1680
1667 1659
1667 1683
1668 1660
1668 1684
1669 1685
1670 1661
1670 1686
1671 1689
1671 1688
1672 1662
1672 1689
1673 1663
1673 1690
1674 1675
1674 1691
1675 1674
1675 1664
1675 1692
1676 1664
1676 1693
1677 1665
1677 1694
1678 1634
1678 1703
1679 1635
1680 1666
1681 1637
1681 1704
1682 1639
1683 1667
1683 1696
1684 1668
1684 1697
1685 1660
1685 1669
1685 1707
1686 1670
1687 1709
1688 1671
1689 1671
1689 1672
1689 1698
1690 1673
1690 1699
1691 1674
1692 1675
1693 1676
1693 1700
1694 1677
1695 1656
1695 1701
1695 1716
1696 1683
1696 1705
1696 1706
1697 1684
1698 1689
1698 1712
1698 1711
1699 1690
1699 1713
1700 1693
1700 1715
1701 1695
1702 1735
1702 1761
1703 1678
1703 1717
1704 1681
1704 1732
1704 1733
1705 1696
1705 1738
1706 1696
1706 1745
1707 1685
1707 1749
1707 1708
1708 1707
1708 1734
1709 1687
1709 1710
1710 1709
1710 1711
1711 1710
1711 1698
1712 1698
1712 1753
1713 1699
1713 1757
1714 1715
1714 1758
1715 1714
1715 1700
1715 1759
1716 1695
1717 1703
1717 1736
1718 1736
1718 1719
1719 1718
1719 1737
1720 1737
1720 1721
1721 1720
1721 1722
1722 1721
1722 1739
1723 1739
1723 1724
1724 1723
1724 1740
1725 1740
1725 1726
1726 1725
1726 1727
1727 1726
1727 1741
1728 1741
1728 1729
1729 1728
1729 1742
1730 1742
1730 1731
1731 1730
1732 1704
1733 1704
1733 1743
1734 1708
1734 1750
1735 1702
1735 1738
1736 1718
1736 1717
1737 1720
1737 1719
1738 1735
1738 1705
1739 1723
1739 1722
1739 1765
1740 1725
1740 1724
1741 1728
1741 1727
1742 1730
1742 1729
1742 1772
1743 1733
1744 1745
1744 1794
1745 1744
1745 1706
1745 1746
1746 1745
1746 1747
1747 1746
1747 1748
1748 1747
1748 1749
1749 1707
1749 1748
1750 1734
1751 1752
1752 1751
1752 1753
1753 1712
1753 1752
1753 1754
1754 1753
1754 1755
1755 1754
1755 1756
1756 1755
1756 1757
1757 1713
1757 1756
1757 1758
1758 1757
1758 1714
1758 1811
1759 1715
1759 1760
1760 1759
1761 1702
1761 1762
1762 1761
1763 1817
1763 1764
1764 1763
1765 1739
1765 1766
1765 1820
1766 1765
1766 1767
1767 1766
1767 1768
1767 1821
1768 1767
1768 1769
1769 1768
1769 1770
1769 1822
1770 1769
1770 1823
1770 1824
1771 1824
1771 1825
1772 1742
1772 1774
1773 1783
1773 1818
1774 1772
1774 1775
1774 1848
1775 1774
1775 1776
1776 1775
1776 1777
1777 1776
1777 1778
1777 1841
1778 1777
1778 1779
1779 1778
1779 1780
1780 1779
1780 1781
1781 1780
1781 1782
1781 1842
1782 1781
1782 1784
1783 1773
1783 1794
1784 1782
1784 1785
1785 1784
1785 1786
1786 1785
1786 1787
1787 1786
1787 1788
1788 1787
1788 1789
1789 1788
1789 1790
1790 1789
1790 1791
1791 1790
1791 1792
1792 1791
1792 1793
1793 1792
1794 1783
1794 1744
1794 1795
1795 1794
1795 1796
1796 1795
1796 1797
1797 1796
1797 1798
1798 1797
1798 1799
1798 1826
1799 1798
1799 1800
1800 1799
1800 1801
1800 1828
1801 1800
1801 1802
1802 1801
1802 1803
1802 1829
1803 1802
1803 1804
1804 1803
1804 1805
1805 1804
1805 1806
1806 1805
1806 1807
1807 1806
1807 1808
1807 1830
1808 1807
1808 1809
1809 1808
1809 1810
1809 1831
1810 1809
1811 1758
1811 1833
1812 1834
1812 1813
1813 1812
1813 1814
1814 1813
1814 1815
1814 1835
1815 1814
1815 1816
1816 1815
1816 1836
1817 1763
1817 1838
1818 1773
1818 1832
1818 1881
1819 1820
1820 1819
1820 1765
1821 1767
1821 1839
1822 1769
1822 1845
1823 1770
1824 1771
1824 1770
1824 1840
1825 1771
1826 1798
1826 1827
1826 1854
1827 1826
1828 1800
1829 1802
1830 1807
1830 1856
1831 1809
1831 1875
1832 1818
1833 1811
1833 1834
1833 1858
1834 1812
1834 1833
1835 1814
1836 1816
1836 1837
1836 1859
1837 1836
1837 1838
1838 1817
1838 1837
1839 1821
1839 1844
1840 1824
1840 1847
1841 1777
1841 1849
1842 1781
1842 1850
1843 1850
1843 1851
1844 1839
1844 1864
1844 1865
1845 1822
1845 1866
1846 1867
1847 1840
1847 1868
1848 1774
1849 1841
1849 1906
1850 1843
1850 1842
1850 1888
1851 1843
1851 1869
1852 1890
1853 1870
1854 1826
1854 1871
1854 1872
1855 1872
1855 1873
1856 1830
1856 1874
1857 1858
1857 1876
1858 1857
1858 1833
1858 1877
1859 1836
1859 1878
1860 1878
1860 1879
1861 1879
1861 1900
1862 1896
1863 1900
1863 1880
1864 1844
1864 1883
1865 1844
1865 1884
1866 1845
1866 1885
1867 1846
1867 1886
1868 1847
1868 1887
1869 1851
1869 1889
1869 1890
1870 1853
1870 1891
1871 1854
1871 1892
1872 1855
1872 1854
1872 1893
1873 1855
1873 1894
1874 1856
1874 1895
1875 1831
1875 1897
1876 1857
1876 1898
1877 1858
1877 1899
1878 1860
1878 1859
1878 1922
1879 1861
1879 1860
1880 1863
1881 1818
1881 1909
1881 1910
1882 1901
1883 1864
1884 1865
1884 1902
1885 1866
1885 1903
1886 1867
1886 1904
1887 1868
1887 1905
1888 1850
1888 1907
1889 1869
1889 1917
1889 1918
1890 1852
1890 1869
1890 1919
1891 1870
1891 1925
1892 1871
1892 1927
1893 1872
1893 1920
1894 1873
1895 1874
1896 1862
1896 1909
1896 1941
1897 1875
1898 1876
1898 1908
1899 1877
1899 1921
1900 1863
1900 1861
1901 1882
1901 1911
1902 1884
1902 1912
1903 1885
1904 1886
1904 1913
1905 1887
1905 1914
1906 1849
1906 1915
1907 1888
1907 1916
1908 1898
1909 1896
1909 1881
1910 1881
1911 1901
1911 1924
1912 1902
1912 1924
1913 1904
1913 1932
1914 1905
1914 1934
1914 1935
1915 1906
1916 1907
1917 1889
1918 1889
1919 1890
1919 1925
1920 1893
1921 1899
1921 1940
1922 1878
1922 1923
1923 1922
1924 1911
1924 1912
1925 1891
1925 1919
1926 1927
1927 1926
1927 1892
1928 1938
1929 1930
1930 1929
1930 1931
1930 1950
1931 1930
1931 1932
1932 1913
1932 1931
1932 1933
1933 1932
1933 1934
1934 1933
1934 1914
1935 1914
1935 1936
1936 1935
1936 1937
1937 1936
1938 1928
1938 1985
1939 1940
1940 1939
1940 1921
1941 1896
1942 1943
1942 1998
1943 1942
1943 2000
1943 1999
1944 2001
1944 2000
1945 1946
1946 1945
1946 1993
1946 2001
1947 1957
1947 2002
1948 1949
1948 1993
1949 1948
1949 1950
1950 1949
1950 1930
1950 1951
1951 1950
1951 1952
1952 1951
1952 1953
1953 1952
1953 1954
1954 1953
1954 1955
1955 1954
1955 1956
1955 2003
1956 1955
1956 1958
1957 1947
1957 1965
1958 1956
1958 1959
1958 2004
1959 1958
1959 1960
1960 1959
1960 1961
1961 1960
1961 1962
1962 1961
1962 2005
1963 2007
1963 1964
1964 1963
1964 1966
1965 1957
1965 1969
1966 1964
1966 1967
1967 1966
1967 2009
1968 2009
1968 1970
1969 1965
1969 1978
1969 2008
1970 1968
1970 1971
1971 1970
1971 1972
1972 1971
1972 1973
1972 2032
1973 1972
1973 1974
1974 1973
1974 1975
1975 1974
1975 1976
1976 1975
1976 1977
1976 2033
1977 1976
1977 1979
1978 1969
1978 1980
1979 1977
1979 1994
1980 1978
1980 1981
1981 1980
1981 1982
1981 2011
1982 1981
1982 1983
1983 1982
1983 1984
1984 1983
1984 2014
1985 1938
1985 1986
1985 2014
1986 1985
1986 1987
1986 2015
1987 1986
1987 1988
1988 1987
1988 1989
1988 2016
1989 1988
1989 2017
1990 1991
1990 2021
1991 1990
1991 2022
1992 2024
1993 1946
1993 1948
1994 1979
1994 1995
1995 1994
1996 2020
1997 1998
1997 2028
1998 1997
1998 1942
1999 1943
2000 1943
2000 1944
2000 2030
2001 1944
2001 1946
2002 1947
2002 2025
2002 2045
2003 1955
2004 1958
2004 2031
2005 1962
2005 2006
2006 2005
2006 2007
2007 1963
2007 2006
2008 1969
2008 2010
2009 1968
2009 1967
2009 2048
2010 2008
2011 1981
2011 2012
2012 2011
2012 2013
2013 2012
2014 1984
2014 1985
2015 1986
2015 2051
2016 1988
2017 1989
2017 2052
2018 2019
2019 2018
2019 2021
2020 1996
2020 2025
2021 2019
2021 1990
2021 2034
2022 1991
2022 2023
2022 2035
2023 2022
2023 2057
2024 1992
2024 2026
2024 2037
2025 2020
2025 2002
2026 2024
2026 2059
2027 2061
2027 2039
2028 1997
2028 2029
2029 2028
2029 2124
2030 2000
2030 2043
2031 2004
2031 2044
2031 2046
2032 1972
2032 2049
2033 1976
2033 2119
2034 2021
2034 2055
2035 2022
2035 2056
2036 2057
2037 2024
2037 2058
2038 2059
2039 2027
2039 2060
2040 2061
2041 2088
2041 2062
2042 2063
2043 2030
2043 2065
2044 2031
2044 2066
2044 2067
2045 2002
2045 2064
2045 2068
2045 2071
2046 2031
2046 2069
2047 2069
2047 2070
2048 2009
2048 2097
2049 2032
2049 2118
2050 2071
2050 2072
2050 2073
2051 2015
2051 2075
2051 2103
2052 2017
2052 2076
2053 2077
2053 2076
2054 2078
2054 2077
2055 2034
2055 2078
2055 2079
2056 2035
2056 2080
2057 2023
2057 2036
2057 2081
2058 2037
2058 2082
2058 2083
2059 2026
2059 2038
2059 2084
2060 2039
2060 2085
2061 2027
2061 2040
2061 2086
2062 2041
2062 2087
2063 2042
2063 2088
2064 2045
2064 2089
2065 2043
2065 2090
2066 2044
2066 2091
2067 2044
2067 2092
2068 2045
2068 2093
2069 2047
2069 2046
2069 2094
2070 2047
2070 2095
2070 2096
2071 2050
2071 2045
2071 2098
2072 2050
2072 2099
2073 2050
2073 2074
2073 2100
2074 2073
2074 2101
2074 2102
2075 2051
2075 2104
2076 2052
2076 2053
2077 2053
2077 2054
2078 2054
2078 2055
2078 2106
2079 2055
2079 2107
2080 2056
2080 2108
2081 2057
2081 2109
2082 2058
2082 2109
2082 2110
2083 2058
2083 2111
2084 2059
2084 2112
2085 2060
2085 2112
2085 2113
2086 2061
2086 2114
2087 2062
2087 2115
2088 2041
2088 2063
2088 2116
2089 2064
2090 2065
2090 2117
2091 2066
2092 2067
2092 2132
2093 2068
2093 2131
2094 2069
2094 2133
2095 2070
2096 2070
2097 2048
2097 2153
2098 2071
2098 2135
2099 2072
2100 2073
2100 2137
2101 2074
2102 2074
2103 2051
2103 2139
2104 2075
2105 2142
2106 2078
2107 2079
2107 2120
2108 2080
2108 2121
2109 2081
2109 2082
2110 2082
2111 2083
2111 2122
2112 2084
2112 2085
2113 2085
2113 2123
2114 2086
2114 2124
2115 2087
2116 2088
2116 2129
2117 2090
2117 2130
2118 2049
2118 2134
2119 2033
2119 2136
2120 2107
2120 2143
2121 2108
2122 2111
2122 2144
2123 2113
2124 2114
2124 2029
2124 2146
2125 2142
2125 2126
2126 2125
2127 2146
2127 2128
2128 2127
2129 2116
2129 2156
2130 2117
2130 2158
2130 2159
2131 2093
2131 2145
2132 2092
2132 2151
2133 2094
2134 2118
2135 2098
2136 2119
2136 2154
2137 2100
2137 2138
2138 2137
2139 2103
2140 2141
2141 2140
2141 2143
2142 2105
2142 2125
2142 2145
2143 2141
2143 2120
2143 2163
2144 2122
2144 2170
2145 2142
2145 2131
2146 2127
2146 2124
2147 2160
2147 2161
2148 2161
2148 2149
2149 2148
2149 2162
2150 2151
2151 2150
2151 2132
2151 2187
2152 2153
2153 2152
2153 2097
2153 2192
2154 2136
2155 2156
2156 2129
2156 2155
2156 2157
2157 2156
2157 2158
2158 2157
2158 2130
2159 2130
2159 2160
2159 2182
2160 2147
2160 2159
2161 2148
2161 2147
2161 2184
2162 2149
2163 2143
2163 2164
2163 2224
2164 2163
2164 2165
2165 2164
2165 2166
2166 2165
2166 2167
2167 2166
2167 2168
2168 2167
2168 2169
2169 2168
2170 2144
2170 2171
2171 2170
2171 2172
2172 2171
2172 2173
2173 2172
2173 2174
2174 2173
2174 2175
2175 2174
2175 2176
2176 2175
2176 2177
2177 2176
2177 2178
2178 2177
2178 2179
2179 2178
2180 2235
2181 2191
2181 2236
2182 2159
2182 2183
2183 2182
2184 2161
2184 2185
2185 2184
2185 2186
2186 2185
2186 2234
2187 2151
2187 2188
2188 2187
2188 2189
2189 2188
2189 2190
2190 2189
2191 2181
2191 2200
2192 2153
2192 2193
2192 2249
2193 2192
2193 2194
2194 2193
2194 2195
2195 2194
2195 2196
2196 2195
2196 2197
2197 2196
2197 2198
2198 2197
2198 2199
2199 2198
2199 2237
2200 2191
2200 2240
2201 2202
2201 2240
2202 2201
2202 2203
2203 2202
2203 2204
2204 2203
2204 2205
2205 2204
2205 2206
2205 2245
2206 2205
2206 2207
2207 2206
2207 2208
2208 2207
2208 2209
2209 2208
2209 2210
2209 2246
2210 2209
2210 2211
2211 2210
2211 2212
2212 2211
2212 2213
2213 2212
2213 2214
2214 2213
2214 2215
2215 2214
2215 2216
2216 2215
2216 2217
2217 2216
2217 2218
2218 2217
2218 2219
2219 2218
2219 2220
2220 2219
2220 2221
2221 2220
2221 2222
2222 2221
2222 2223
2223 2222
2223 2224
2224 2223
2224 2163
2224 2225
2225 2224
2225 2226
2226 2225
2226 2227
2227 2226
2227 2228
2228 2227
2228 2229
2229 2228
2229 2230
2230 2229
2230 2231
2231 2230
2231 2232
2232 2231
2232 2242
2233 2242
2234 2186
2235 2180
2235 2247
2236 2181
2236 2243
2236 2259
2237 2199
2237 2238
2237 2244
2238 2237
2238 2239
2239 2238
2239 2285
2240 2200
2240 2201
2240 2251
2241 2243
2242 2233
2242 2232
2243 2241
2243 2236
2244 2237
2244 2266
2245 2205
2245 2252
2246 2209
2246 2253
2247 2235
2247 2271
2248 2265
2248 2264
2249 2192
2249 2250
2249 2265
2250 2249
2251 2240
2251 2268
2252 2245
2252 2278
2253 2246
2253 2269
2253 2270
2254 2270
2254 2272
2255 2272
2255 2273
2256 2273
2256 2274
2257 2274
2257 2275
2258 2275
2259 2236
2259 2261
2259 2263
2260 2276
2261 2259
2261 2282
2262 2398
2263 2259
2264 2248
2265 2248
2265 2249
2265 2283
2266 2244
2266 2267
2266 2277
2267 2266
2268 2251
2268 2286
2269 2253
2269 2279
2269 2289
2270 2254
2270 2253
2270 2290
2271 2247
2271 2292
2272 2255
2272 2254
2272 2291
2273 2256
2273 2255
2273 2293
2274 2257
2274 2256
2274 2294
2275 2258
2275 2257
2275 2280
2276 2260
2276 2296
2277 2266
2277 2284
2278 2252
2278 2287
2279 2269
2279 2288
2280 2275
2280 2295
2280 2296
2281 2292
2281 2301
2282 2261
2282 2297
2283 2265
2284 2277
2285 2239
2286 2268
2287 2278
2288 2279
2289 2269
2290 2270
2291 2272
2292 2271
2292 2281
2292 2297
2293 2273
2294 2274
2295 2280
2296 2276
2296 2280
2297 2292
2297 2282
2298 2302
2299 2300
2300 2299
2300 2305
2301 2281
2301 2401
2302 2298
2302 2317
2303 2324
2303 2304
2304 2303
2305 2300
2305 2334
2306 2398
2306 2307
2307 2306
2307 2308
2307 2407
2308 2307
2308 2309
2309 2308
2309 2310
2310 2309
2310 2312
2311 2392
2311 2323
2312 2310
2312 2313
2312 2408
2313 2312
2313 2314
2314 2313
2314 2315
2315 2314
2315 2316
2316 2315
2316 2317
2317 2302
2317 2316
2317 2318
2318 2317
2318 2319
2319 2318
2319 2320
2320 2319
2320 2321
2321 2320
2321 2322
2322 2321
2322 2399
2323 2311
2323 2333
2324 2303
2324 2399
2324 2325
2325 2324
2325 2326
2326 2325
2326 2327
2327 2326
2327 2328
2328 2327
2328 2329
2329 2328
2329 2330
2330 2329
2330 2331
2331 2330
2331 2332
2332 2331
2332 2400
2333 2323
2333 2343
2334 2305
2334 2400
2334 2335
2335 2334
2335 2336
2336 2335
2336 2337
2337 2336
2337 2338
2338 2337
2338 2339
2339 2338
2339 2340
2340 2339
2340 2341
2341 2340
2341 2342
2342 2341
2342 2344
2343 2333
2343 2356
2343 2409
2344 2342
2344 2345
2345 2344
2345 2346
2346 2345
2346 2347
2347 2346
2347 2348
2348 2347
2348 2349
2349 2348
2349 2350
2350 2349
2350 2351
2351 2350
2351 2352
2352 2351
2352 2353
2353 2352
2353 2354
2354 2353
2354 2355
2355 2354
2355 2357
2356 2343
2356 2359
2357 2355
2357 2358
2358 2357
2358 2402
2359 2356
2359 2360
2360 2359
2360 2361
2361 2360
2361 2362
2361 2411
2362 2361
2362 2363
2363 2362
2363 2364
2364 2363
2364 2365
2365 2364
2365 2366
2365 2412
2366 2365
2366 2367
2367 2366
2367 2368
2368 2367
2368 2369
2369 2368
2369 2370
2369 2413
2370 2369
2370 2371
2371 2370
2371 2372
2372 2371
2372 2373
2373 2372
2373 2374
2373 2414
2374 2373
2374 2375
2375 2374
2375 2376
2376 2375
2376 2377
2377 2376
2377 2404
2378 2404
2378 2379
2379 2378
2379 2380
2380 2379
2380 2381
2380 2429
2381 2380
2381 2382
2382 2381
2382 2383
2383 2382
2383 2384
2384 2383
2384 2385
2385 2384
2385 2386
2386 2385
2386 2387
2387 2386
2387 2388
2388 2387
2388 2389
2389 2388
2389 2390
2390 2389
2390 2391
2391 2390
2391 2393
2392 2311
2392 2403
2393 2391
2393 2394
2394 2393
2394 2395
2395 2394
2395 2396
2396 2395
2396 2397
2397 2396
2397 2398
2398 2262
2398 2306
2398 2397
2399 2324
2399 2322
2400 2334
2400 2332
2401 2301
2401 2403
2401 2405
2402 2358
2402 2406
2402 2410
2403 2392
2403 2401
2404 2378
2404 2377
2404 2415
2405 2401
2405 2445
2406 2402
2406 2451
2407 2307
2407 2416
2408 2312
2408 2418
2409 2343
2409 2424
2410 2402
2410 2449
2411 2361
2411 2425
2412 2365
2412 2426
2413 2369
2413 2427
2414 2373
2414 2428
2415 2404
2415 2456
2416 2407
2416 2446
2417 2439
2418 2408
2418 2434
2418 2435
2419 2435
2420 2436
2421 2437
2421 2438
2422 2438
2422 2423
2423 2422
2424 2409
2424 2448
2425 2411
2425 2452
2426 2412
2426 2453
2427 2413
2427 2454
2428 2414
2428 2455
2429 2380
2429 2441
2429 2442
2430 2442
2430 2443
2431 2443
2431 2444
2432 2444
2432 2433
2433 2432
2434 2418
2434 2447
2434 2462
2435 2419
2435 2418
2435 2463
2436 2420
2436 2464
2437 2421
2437 2464
2437 2465
2438 2422
2438 2421
2438 2467
2439 2417
2439 2445
2439 2475
2440 2457
2441 2429
2441 2477
2442 2430
2442 2429
2442 2478
2443 2431
2443 2430
2443 2479
2444 2432
2444 2431
2444 2480
2445 2439
2445 2405
2445 2458
2446 2416
2446 2460
2447 2434
2447 2461
2448 2424
2448 2466
2449 2410
2449 2450
2449 2468
2450 2449
2450 2469
2451 2406
2451 2496
2452 2425
2452 2470
2453 2426
2453 2471
2454 2427
2454 2472
2455 2428
2455 2473
2456 2415
2456 2457
2456 2474
2457 2440
2457 2456
2457 2476
2458 2445
2458 2459
2459 2458
2460 2446
2461 2447
2462 2434
2463 2435
2463 2481
2464 2436
2464 2437
2464 2490
2465 2437
2466 2448
2467 2438
2468 2449
2469 2450
2470 2452
2471 2453
2472 2454
2473 2455
2474 2456
2475 2439
2475 2491
2476 2457
2477 2441
2478 2442
2479 2443
2480 2444
2481 2463
2481 2492
2482 2492
2482 2483
2483 2482
2483 2493
2484 2485
2485 2484
2485 2486
2486 2485
2486 2494
2487 2494
2487 2488
2488 2487
2488 2495
2489 2495
2489 2490
2490 2464
2490 2489
2491 2475
2491 2500
2492 2482
2492 2481
2492 2516
2493 2483
2493 2517
2494 2486
2494 2487
2494 2522
2495 2489
2495 2488
2496 2451
2496 2497
2497 2496
2497 2498
2498 2497
2498 2499
2499 2498
2499 2539
2500 2491
2500 2515
2500 2557
2501 2502
2501 2566
2502 2501
2502 2503
2503 2502
2503 2504
2504 2503
2504 2505
2505 2504
2505 2506
2506 2505
2506 2507
2507 2506
2507 2508
2508 2507
2508 2509
2509 2508
2509 2510
2510 2509
2510 2511
2511 2510
2511 2512
2512 2511
2512 2513
2513 2512
2513 2514
2514 2513
2514 2516
2515 2500
2515 2524
2516 2514
2516 2492
2517 2493
2517 2518
2518 2517
2518 2519
2519 2518
2519 2520
2520 2519
2520 2521
2521 2520
2521 2522
2522 2494
2522 2521
2522 2523
2523 2522
2524 2515
2524 2535
2525 2526
2526 2525
2526 2527
2527 2526
2527 2528
2528 2527
2528 2529
2529 2528
2529 2530
2530 2529
2530 2531
2531 2530
2531 2532
2532 2531
2532 2533
2533 2532
2533 2534
2534 2533
2534 2536
2535 2524
2535 2540
2536 2534
2536 2537
2537 2536
2537 2538
2538 2537
2538 2539
2539 2538
2539 2499
2540 2535
2540 2541
2541 2540
2541 2542
2542 2541
2542 2543
2543 2542
2543 2544
2544 2543
2544 2545
2545 2544
2545 2547
2546 2557
2547 2545
2547 2548
2548 2547
2548 2549
2549 2548
2549 2550
2550 2549
2550 2551
2551 2550
2551 2552
2552 2551
2552 2553
2553 2552
2553 2554
2554 2553
2554 2555
2555 2554
2555 2556
2556 2555
2556 2558
2557 2546
2557 2500
2558 2556
2558 2559
2559 2558
2559 2560
2560 2559
2560 2561
2561 2560
2561 2562
2562 2561
2563 2564
2564 2563
2564 2565
2565 2564
2565 2566
2566 2565
2566 2501

