0.5 0.95 0.2 0.1 8151 8225 596.515
2109
2081
2057
2036
2023
2022
2035
2056
2080
2108
2121
2120
2143
2141
2140
2214
2215
2216
2217
2218
2219
2220
2221
2222
2223
2224
2225
2163
2164
2165
2166
2167
2168
2169
2144
2170
2171
2172
2173
2174
2175
2176
2177
2178
2179
2123
2113
2085
2112
2084
2059
2026
2038
2060
2039
2027
1922
1923
1879
1860
1878
1859
1837
1838
1861
1900
1880
1863
1817
1763
1764
1819
1820
1765
1766
1767
1768
1740
1724
1723
1739
1722
1721
1720
1737
1719
1718
1736
1717
1703
1678
1716
1701
1695
1656
1630
1577
1634
1578
1579
1631
1581
1580
1550
1565
1506
1490
1476
1475
1447
1448
1449
1450
1394
1395
1396
1398
1399
1451
1401
1402
1403
1404
1405
1406
1407
1408
1409
1452
1410
1411
1412
1413
1414
1416
1417
1418
1419
1383
1388
1384
1354
1291
1290
1289
1288
1244
1243
1245
1246
1183
1082
1081
1080
1079
1078
1077
1076
1122
1145
1151
1163
1182
1150
1162
1181
1203
1212
1213
1263
1262
1242
1241
1240
1239
1284
1285
1286
1342
1353
1382
1381
1387
1380
1379
1386
1378
1371
1366
1352
1317
1318
1277
1278
1315
1279
1280
1281
1282
1283
1261
1238
1237
1260
1236
1211
1179
1144
1147
1159
1177
1235
1234
1210
1209
1201
1176
1158
1117
1118
1057
1056
1055
1054
1053
1052
1115
1114
1113
1112
1141
1157
1173
1198
1208
1230
1274
1273
1258
1257
1256
1255
1228
1207
1197
1172
1156
1139
1105
1106
1107
1108
1109
1110
1111
1032
1033
990
1010
979
949
980
1011
991
981
950
925
908
902
909
926
951
952
992
1015
1016
1017
993
994
953
927
928
954
955
929
910
877
876
875
810
809
808
807
806
805
874
804
803
802
872
901
871
870
868
900
867
866
865
864
899
924
948
978
1031
1030
1051
1050
1009
989
977
947
923
907
922
946
976
988
1007
1049
1048
1047
1046
1006
987
974
944
975
945
921
894
893
943
973
1005
1045
1044
1095
1094
1132
1133
1154
1169
1192
1170
1193
1206
1194
1134
1135
1136
1096
1097
1098
1099
1100
1101
1102
1103
1104
1138
1155
1171
1196
1250
1251
1252
1253
1254
1271
1272
1308
1331
1363
1377
1438
1439
1440
1468
1469
1470
1471
1472
1444
1443
1442
1441
1385
1364
1348
1340
1332
1309
1310
1311
1312
1333
1334
1313
1314
1275
1199
1142
1143
1174
1200
1231
1259
1232
1233
1276
1341
1350
1349
1365
1445
1446
1474
1473
1489
1505
1528
1549
1576
1575
1628
1629
1655
1654
1627
1626
1653
1625
1573
1574
1547
1548
1534
1527
1504
1488
1503
1526
1546
1532
1525
1502
1487
1501
1524
1523
1522
1545
1521
1499
1500
1486
1466
1465
1437
1436
1464
1463
1435
1434
1462
1433
1432
1461
1478
1483
1496
1516
1495
1515
1530
1541
1571
1572
1542
1519
1518
1497
1484
1479
1485
1498
1520
1531
1544
1543
1620
1647
1648
1649
1674
1691
1675
1692
1676
1664
1658
1651
1650
1622
1623
1624
1652
1665
1677
1694
1693
1700
1714
1715
1759
1760
1812
1813
1814
1815
1816
1836
1835
1834
1833
1811
1758
1757
1756
1713
1755
1754
1753
1752
1751
1711
1712
1699
1690
1673
1663
1662
1672
1689
1698
1688
1671
1710
1709
1687
1646
1645
1619
1618
1644
1686
1670
1661
1643
1617
1616
1615
1614
1613
1612
1642
1641
1611
1570
1640
1660
1668
1684
1697
1669
1685
1707
1708
1734
1750
1749
1748
1747
1746
1706
1745
1744
1796
1795
1794
1783
1773
1818
1832
1881
1910
1909
1896
1941
1862
1762
1761
1702
1657
1621
1735
1738
1705
1696
1683
1666
1680
1667
1659
1638
1608
1589
1560
1552
1535
1533
1517
1467
1453
1415
1400
1397
1393
1370
1351
1369
1361
1335
1330
1316
1287
1292
1357
1343
1336
1322
1295
1296
1297
1298
1323
1324
1299
1300
1301
1302
1303
1304
1305
1327
1326
1325
1337
1344
1358
1427
1426
1425
1424
1477
1480
1491
1511
1540
1512
1492
1481
1482
1493
1513
1514
1494
1460
1459
1428
1429
1430
1431
1389
1390
1391
1392
1376
1362
1347
1339
1346
1360
1368
1375
1367
1359
1345
1338
1328
1329
1307
1306
1269
1270
1226
1225
1224
1268
1267
1223
1205
1191
1168
1153
1146
1152
1167
1190
1166
1189
1165
1188
1222
1221
1220
1219
1249
1248
1265
1264
1229
1227
1195
1175
1137
1140
1060
1069
1074
1085
1087
1088
1123
1121
1148
1178
1160
1149
1161
1180
1202
1214
1204
1187
1128
1129
1130
1131
1089
1090
1091
1092
1093
1043
1042
1003
1002
1001
1041
1040
1000
984
967
938
917
904
916
937
966
965
912
931
957
982
998
1038
1037
1034
1008
1014
1012
972
956
930
911
878
886
844
845
846
847
848
849
850
851
888
905
918
939
968
969
940
919
941
970
985
1004
986
971
942
920
906
891
890
889
852
853
854
892
855
856
857
858
895
897
859
898
860
861
862
863
775
793
776
777
794
778
779
780
795
782
783
796
748
749
750
785
751
752
786
753
811
813
814
815
816
817
873
818
819
820
821
822
1021
1036
1020
1035
1019
1018
1061
1059
1058
1119
1120
1062
1063
1116
1064
1065
1066
1067
1068
1070
1071
1072
1073
1075
1022
1023
1024
1025
995
996
997
983
960
934
914
933
959
958
932
913
903
879
880
834
833
832
831
830
828
827
826
825
824
757
788
756
755
787
754
731
643
605
622
642
641
640
639
638
708
637
636
635
634
706
705
704
703
702
713
700
699
698
697
696
695
694
693
692
712
691
690
689
688
721
687
686
685
684
724
726
730
738
741
740
746
774
773
745
772
771
770
769
744
743
737
729
736
728
725
723
727
735
742
767
768
766
765
790
829
823
812
869
896
800
798
797
784
781
747
739
722
701
715
714
707
604
550
548
547
543
530
531
485
494
496
532
534
535
536
506
507
537
508
509
538
510
511
512
513
514
515
539
552
556
565
578
579
566
557
567
580
587
596
595
614
594
629
628
592
593
586
577
564
555
563
576
585
574
572
562
553
561
571
589
581
590
591
655
667
668
669
670
719
671
672
673
674
675
676
720
677
678
679
680
681
682
683
631
630
597
615
616
588
598
599
600
582
560
569
542
541
559
568
558
540
478
477
406
394
373
357
348
356
372
392
347
355
371
391
405
476
475
454
424
474
473
423
404
390
370
354
346
353
369
389
388
352
368
387
403
422
472
471
421
420
418
417
416
415
409
411
413
414
393
337
323
324
251
260
269
325
344
350
364
363
381
382
383
365
366
384
386
367
351
345
327
284
278
287
288
289
328
329
290
291
292
330
293
294
295
331
332
296
297
333
349
358
374
395
407
479
480
425
396
375
376
397
426
455
456
516
517
544
545
546
584
583
601
602
603
617
632
618
619
633
620
621
570
526
525
524
523
522
521
520
529
519
518
481
482
429
457
458
459
460
401
379
361
342
341
360
378
400
408
428
427
399
398
377
359
336
335
334
299
298
222
223
192
181
174
153
137
152
173
136
129
121
120
151
171
172
191
190
180
169
150
135
118
117
116
134
148
167
149
168
189
221
220
219
188
147
166
218
217
216
186
212
185
182
170
184
199
231
197
183
128
123
132
142
159
163
145
165
146
133
114
113
112
111
1
39
49
58
63
18
66
67
68
69
70
20
71
72
115
73
22
21
74
75
76
23
77
78
79
80
24
81
25
119
82
26
83
84
85
86
87
27
88
89
122
130
138
154
175
176
155
177
156
139
131
124
93
28
90
91
92
94
95
96
97
98
29
99
100
101
125
102
103
104
30
105
106
107
108
2
3
4
31
32
33
109
34
35
5
6
36
37
38
7
8
40
41
42
43
9
10
110
44
45
46
11
47
48
12
50
13
14
51
52
53
54
55
56
57
59
60
15
61
143
161
214
162
144
16
62
17
19
65
64
164
187
198
215
237
412
419
385
326
286
285
283
282
281
280
279
277
276
322
275
274
273
272
271
270
268
267
266
321
265
264
263
262
261
259
258
209
210
211
213
160
208
236
207
206
235
257
256
320
255
254
253
252
205
204
203
202
234
249
250
248
247
246
319
245
244
243
242
241
240
317
316
318
201
233
200
232
179
158
141
127
126
140
157
178
230
229
196
228
227
226
195
225
224
194
193
239
238
300
301
302
303
304
305
338
339
340
306
307
308
309
310
311
312
313
314
315
343
362
380
402
410
430
483
484
461
462
431
432
433
463
434
435
464
436
437
486
487
488
489
490
527
438
465
439
440
466
441
442
443
492
491
493
495
467
444
445
468
446
447
448
469
449
450
470
451
452
453
505
504
503
502
501
500
499
528
498
497
554
573
608
626
609
610
627
611
612
575
533
549
551
613
711
718
717
716
733
734
799
801
843
842
792
764
763
762
761
666
665
664
663
662
661
660
659
658
657
656
654
710
653
652
625
607
606
624
623
644
645
709
646
647
648
649
650
651
732
758
789
759
760
791
835
836
882
881
915
935
961
962
963
883
884
885
837
838
839
840
841
887
936
964
1026
1027
1028
999
1029
1039
1013
1086
1127
1126
1125
1124
1084
1083
1164
1184
1185
1186
1218
1247
1217
1216
1215
1266
1293
1294
1319
1320
1321
1355
1356
1374
1373
1372
1420
1421
1457
1422
1423
1458
1510
1564
1539
1529
1563
1538
1537
1536
1509
1456
1455
1454
1508
1507
1562
1561
1569
1559
1558
1568
1557
1556
1555
1567
1554
1553
1566
1551
1582
1583
1584
1585
1586
1587
1588
1632
1590
1591
1592
1593
1594
1595
1596
1597
1598
1633
1599
1600
1601
1602
1603
1604
1605
1635
1679
1731
1730
1774
1775
1776
1777
1778
1841
1849
1906
1915
1848
1772
1742
1729
1728
1741
1727
1726
1725
1771
1825
1840
1847
1868
1887
1905
1914
1934
1933
1913
1932
1931
1929
1930
1903
1885
1845
1866
1904
1886
1867
1846
1823
1824
1770
1769
1822
1821
1839
1844
1865
1864
1883
1884
1902
1912
1924
1911
1901
1882
1943
1999
1942
1998
1997
2029
2028
2040
2061
2086
2114
2124
2146
2127
2128
2115
2087
2062
2041
2042
2063
2088
2116
2129
2156
2155
2157
2158
2130
2117
2090
2065
2043
2030
2000
1944
2001
1945
1946
1993
1948
1949
1950
1951
1952
1953
1954
1955
2003
2004
1959
1958
1956
1935
1936
1937
1960
1961
1962
2005
2006
2007
1963
1964
1966
1967
2009
1968
1970
1971
1916
1907
1842
1850
1888
1917
1918
1919
1925
1852
1890
1869
1889
1851
1843
1786
1785
1784
1782
1781
1780
1779
1732
1704
1681
1636
1606
1607
1637
1609
1610
1639
1682
1743
1733
1787
1788
1789
1790
1791
1792
1793
1853
1870
1891
1979
1994
1995
1977
1976
1975
1974
1973
1972
2032
2049
2033
2119
2136
2154
2134
2118
2048
2097
2152
2153
2195
2194
2193
2192
2248
2264
2265
2249
2250
2283
2353
2352
2351
2350
2349
2348
2347
2346
2345
2344
2342
2341
2340
2339
2338
2337
2336
2335
2334
2400
2332
2331
2330
2329
2299
2305
2300
2187
2188
2189
2190
2133
2094
2069
2095
2096
2070
2047
2031
2046
2044
2067
2092
2066
2091
2132
2151
2150
2162
2149
2148
2161
2147
2160
2159
2182
2183
2184
2185
2186
2234
2302
2298
2303
2304
2328
2327
2326
2325
2324
2399
2322
2321
2320
2319
2318
2317
2316
2315
2314
2313
2312
2310
2309
2308
2307
2306
2398
2397
2396
2395
2394
2393
2391
2390
2389
2388
2387
2386
2385
2384
2383
2382
2381
2380
2379
2378
2294
2275
2258
2280
2295
2296
2276
2260
2262
2233
2242
2232
2231
2230
2229
2228
2227
2226
2257
2274
2293
2256
2273
2291
2290
2272
2255
2254
2270
2289
2288
2279
2269
2253
2246
2213
2212
2211
2210
2209
2208
2207
2206
2205
2204
2203
2245
2252
2278
2287
2364
2365
2366
2367
2412
2426
2453
2471
2472
2454
2427
2413
2368
2369
2370
2371
2372
2373
2374
2375
2376
2377
2404
2415
2414
2428
2455
2473
2474
2456
2457
2476
2440
2429
2441
2477
2478
2442
2430
2443
2431
2479
2444
2432
2433
2480
2460
2446
2416
2407
2408
2418
2434
2447
2461
2462
2435
2419
2463
2481
2492
2482
2483
2493
2484
2485
2486
2494
2487
2488
2495
2489
2490
2464
2436
2420
2437
2421
2465
2467
2438
2422
2423
2468
2469
2450
2449
2410
2358
2357
2355
2354
2284
2277
2266
2267
2244
2196
2197
2198
2199
2237
2238
2239
2285
2402
2406
2451
2496
2497
2498
2499
2539
2538
2537
2536
2534
2533
2532
2531
2530
2529
2528
2527
2526
2525
2523
2522
2521
2520
2519
2518
2517
2516
2514
2513
2512
2511
2510
2509
2508
2507
2506
2505
2504
2503
2502
2501
2566
2565
2564
2563
2562
2561
2560
2559
2558
2556
2555
2554
2553
2552
2551
2550
2549
2548
2547
2545
2544
2543
2542
2541
2470
2452
2425
2411
2363
2362
2361
2360
2359
2356
2343
2333
2323
2311
2392
2403
2417
2409
2424
2448
2466
2540
2535
2524
2515
2500
2557
2546
2491
2475
2439
2459
2458
2445
2405
2401
2301
2281
2271
2292
2297
2282
2261
2259
2263
2286
2268
2251
2240
2202
2201
2200
2191
2181
2236
2243
2241
2247
2235
2180
2126
2125
2142
2145
2105
1996
2020
2025
2002
1947
1957
1965
1969
2008
2010
1978
1980
1981
1926
1927
1892
1871
1854
1872
1893
1894
1873
1855
1828
1827
1826
1797
1798
1799
1800
1801
1802
1829
1803
1804
1805
1806
1807
1830
1808
1809
1810
1831
1875
1897
1856
1874
1895
1938
1928
1920
1984
1983
1982
2013
2012
2011
2050
2072
2099
2098
2071
2093
2068
2045
2064
2089
2131
2135
2137
2138
2101
2073
2100
2074
2102
2103
2139
2104
2075
2051
2014
2015
1985
1986
1987
2016
1988
1989
2017
2018
2052
2076
2053
2077
2054
2078
2106
2107
2079
2055
2034
2021
2019
1990
1991
1939
1940
1908
1898
1876
1857
1858
1877
1899
1921
1992
2024
2037
2058
2083
2111
2122
2110
2082
