mst-weight: 1151
improvements: 81
initial-cycle-weight: 1793
final-cycle-weight: 1405
169
170
171
174
177
182
183
184
185
188
189
198
190
191
192
193
199
194
200
204
208
213
212
207
203
206
216
226
217
218
219
220
221
227
231
233
234
236
239
240
232
235
248
251
267
269
275
283
289
290
295
300
312
317
322
318
319
320
321
331
330
329
328
338
349
350
356
360
364
367
363
376
372
365
361
368
373
378
379
377
375
374
370
366
371
369
362
351
352
353
357
358
359
354
355
348
345
341
344
343
347
346
342
340
339
332
333
334
335
336
337
327
326
325
324
323
315
313
309
306
303
301
308
305
291
292
293
294
296
297
302
304
307
310
311
314
316
299
298
288
287
286
285
284
276
270
277
271
278
272
279
273
280
282
281
274
268
262
261
260
259
258
252
253
254
255
256
257
263
264
265
266
249
250
244
245
246
247
241
242
243
238
237
230
229
228
225
224
223
222
215
214
209
205
210
211
197
196
202
201
195
187
186
178
172
179
175
180
176
181
173
167
168
166
165
164
163
162
161
154
155
156
157
158
149
136
135
134
148
147
144
142
139
133
125
124
123
122
115
111
112
116
117
114
119
118
113
105
106
107
101
102
103
104
108
120
126
95
94
93
92
89
87
80
81
82
83
84
69
67
65
70
71
72
73
66
57
58
59
60
47
45
42
39
41
44
40
38
36
31
32
33
34
35
26
25
24
23
21
14
15
18
16
19
17
12
11
9
8
7
6
5
4
3
2
1
10
22
13
20
30
29
28
27
37
43
46
56
48
49
50
51
52
53
54
55
62
64
61
63
74
68
79
78
77
76
75
85
90
88
86
91
100
99
98
97
96
110
109
121
127
128
132
131
130
129
137
151
153
145
140
138
141
143
146
150
152
160
159

improvements: 83
initial-cycle-weight: 1854
final-cycle-weight: 1398
20
13
23
31
36
30
29
28
27
37
38
41
44
40
43
46
56
48
49
50
51
52
53
54
55
57
67
69
62
64
68
61
63
74
75
85
90
88
91
102
101
100
99
98
97
96
110
109
111
115
121
127
128
129
132
131
130
137
151
153
145
140
152
160
159
169
170
171
174
177
182
183
184
185
188
189
198
190
191
192
193
199
194
200
204
208
213
212
207
203
206
216
226
217
218
219
220
221
227
231
233
234
236
239
240
232
235
248
251
267
269
275
283
289
284
276
270
277
271
278
272
279
273
280
288
287
286
285
290
295
300
312
317
322
318
319
320
321
331
330
329
328
338
342
349
346
347
350
356
360
364
367
363
376
372
365
361
368
373
378
379
377
375
374
370
366
371
369
362
351
352
353
357
358
359
354
355
348
345
341
344
343
340
339
332
333
334
335
336
337
327
326
325
324
323
315
313
309
306
303
301
308
305
291
292
293
294
296
297
302
304
307
310
311
314
316
299
298
282
281
274
268
262
261
260
259
258
252
253
254
255
256
257
263
264
265
266
249
250
244
245
246
247
241
242
243
238
237
230
229
228
225
224
223
222
215
214
209
205
210
211
197
196
202
201
195
187
186
178
172
179
175
180
176
181
173
167
168
166
165
164
163
162
161
154
155
156
157
158
150
146
143
141
138
133
139
142
144
147
148
149
134
135
136
126
120
119
118
114
113
117
125
124
123
122
116
112
105
106
107
103
104
108
95
94
93
92
87
89
86
76
77
78
79
80
81
82
83
84
73
72
71
70
65
66
58
59
60
47
45
42
39
32
33
34
35
26
25
24
21
14
15
18
16
19
17
12
11
9
8
7
6
5
4
3
2
1
10
22

improvements: 81
initial-cycle-weight: 1789
final-cycle-weight: 1410
283
289
284
276
270
277
271
272
278
273
279
280
288
287
286
285
290
295
300
312
317
322
318
319
320
321
331
330
329
328
338
342
349
346
347
350
356
360
364
367
363
376
372
365
361
368
362
369
373
378
379
377
375
374
371
370
366
359
355
354
358
357
353
352
351
348
345
341
344
343
340
339
332
333
334
335
336
337
327
326
325
324
323
315
313
309
306
303
301
308
305
291
292
293
294
296
297
302
304
307
310
311
314
316
299
298
282
281
274
268
262
261
260
259
252
253
254
255
256
257
263
264
265
266
249
250
244
245
246
247
241
242
243
238
237
230
229
228
225
224
223
222
213
212
207
204
208
214
215
211
210
209
205
200
201
202
196
197
195
194
199
193
192
191
189
178
172
175
179
186
187
180
176
181
173
167
168
166
165
164
163
162
161
154
155
156
157
158
149
136
135
134
148
147
144
142
139
133
125
124
123
122
115
111
112
116
117
114
119
118
113
105
106
107
101
102
103
104
108
120
126
95
94
93
92
89
87
80
81
82
83
84
69
67
65
70
71
72
73
66
57
58
59
60
47
45
42
39
41
44
40
38
36
31
32
33
34
35
26
25
24
23
21
14
15
18
16
19
17
12
11
9
8
7
6
5
4
3
2
1
10
22
13
20
30
29
28
27
37
43
46
56
48
49
50
51
52
53
54
55
62
64
61
63
74
68
79
78
77
76
75
85
90
88
86
91
100
99
98
97
96
110
109
121
127
128
132
131
130
129
137
151
153
145
140
138
141
143
146
150
152
160
159
169
170
171
174
177
182
183
184
185
188
198
190
203
206
216
226
217
218
219
220
221
227
231
233
234
236
239
240
232
235
248
251
258
267
269
275

improvements: 74
initial-cycle-weight: 1790
final-cycle-weight: 1424
342
349
356
360
364
367
363
376
372
365
361
368
373
378
379
377
375
374
370
366
371
369
362
350
351
352
353
357
358
359
354
355
348
345
341
344
343
347
346
340
339
332
333
334
335
336
337
327
326
325
324
323
315
313
309
306
308
305
303
301
302
304
307
310
311
314
316
299
298
297
296
294
293
292
291
290
288
287
286
285
284
276
270
271
277
272
278
273
279
280
282
281
274
268
262
261
260
259
252
253
254
255
256
257
263
264
265
266
249
250
244
245
246
247
241
242
243
238
237
230
229
228
225
224
223
222
213
212
207
204
208
214
215
211
210
209
205
200
201
202
196
197
195
194
199
193
192
191
190
189
178
172
175
179
186
187
180
176
181
173
167
168
166
165
164
163
162
161
154
155
156
157
158
149
136
135
134
148
147
144
142
139
133
125
124
123
122
115
111
112
116
117
114
119
118
113
105
106
107
101
102
103
104
108
120
126
95
94
93
92
89
87
79
80
81
82
83
84
69
62
67
65
70
71
72
73
66
60
59
58
57
55
54
53
52
51
50
49
48
40
38
41
44
47
45
42
39
36
31
32
33
34
35
26
25
24
23
21
14
15
18
16
19
17
12
11
9
8
7
6
5
4
3
2
1
10
22
13
20
30
29
28
27
37
43
46
56
63
61
64
68
74
78
77
76
75
85
90
88
86
91
100
99
98
97
96
110
109
121
127
128
132
131
130
129
137
151
153
145
140
138
141
143
146
150
152
160
159
169
170
171
174
177
182
183
184
185
188
198
203
206
216
226
217
218
219
220
221
227
231
233
234
236
239
240
232
235
248
251
258
267
269
275
283
289
295
300
312
317
322
318
319
320
321
331
330
329
328
338

improvements: 79
initial-cycle-weight: 1788
final-cycle-weight: 1421
283
289
295
300
312
317
322
318
319
320
321
331
330
329
328
338
349
350
356
360
364
367
363
376
372
365
361
368
362
369
373
378
379
377
375
374
371
370
366
359
355
354
358
357
353
352
351
348
345
341
344
343
347
346
342
340
339
332
333
334
335
336
337
327
326
325
324
323
315
313
309
308
305
306
303
301
302
304
307
310
311
314
316
299
298
297
296
294
293
292
291
290
288
287
286
285
284
276
270
271
277
272
278
273
279
280
282
281
274
268
262
261
260
259
252
253
254
255
256
257
263
264
265
266
249
250
244
245
246
247
241
242
243
238
237
230
229
228
225
224
223
222
213
212
207
204
208
214
215
211
210
209
205
200
201
202
196
197
195
194
199
193
192
191
190
189
178
172
175
179
186
187
180
176
181
173
167
168
166
165
164
163
162
161
154
155
156
157
158
149
136
135
134
148
147
144
142
139
133
125
124
123
122
115
111
112
116
117
114
119
118
113
105
106
107
101
102
103
104
108
120
126
95
94
93
92
89
87
79
80
81
82
83
84
69
62
67
65
70
71
72
73
66
60
59
58
57
55
54
53
52
51
50
49
48
40
38
41
44
47
45
42
39
36
31
32
33
34
35
26
25
24
23
21
14
15
18
16
19
17
12
11
9
8
7
6
5
4
3
2
1
10
22
13
20
30
29
28
27
37
43
46
56
63
61
64
68
74
78
77
76
75
85
90
88
86
91
100
99
98
97
96
110
109
121
127
128
132
131
130
129
137
151
153
145
140
138
141
143
146
150
152
160
159
169
170
171
174
177
182
183
184
185
188
198
203
206
216
226
217
218
219
220
221
227
231
233
234
236
239
240
232
235
248
251
258
267
269
275

improvements: 83
initial-cycle-weight: 1791
final-cycle-weight: 1407
248
240
235
232
236
239
234
233
231
227
221
220
219
218
217
226
216
206
203
190
198
188
185
184
183
182
177
174
171
170
169
159
160
152
150
146
143
141
138
140
145
153
151
137
129
130
131
132
122
116
112
111
115
128
127
121
109
110
96
97
98
99
100
91
86
88
90
85
75
76
77
78
79
68
74
63
61
64
62
55
54
53
52
51
50
49
48
56
46
43
37
27
28
29
30
20
13
22
10
1
2
3
4
5
6
7
8
9
11
12
17
19
16
18
15
14
21
23
24
25
26
35
34
33
32
31
36
38
40
44
41
39
42
45
47
60
59
58
57
66
73
72
71
70
65
67
69
84
83
82
81
80
87
89
92
93
94
95
126
120
108
104
103
102
101
107
106
105
113
117
114
118
119
125
124
123
133
139
142
144
147
148
134
135
136
149
158
157
156
155
154
161
162
163
164
165
166
168
167
173
181
176
180
187
186
179
175
172
178
189
191
192
193
199
194
195
197
196
202
201
200
205
209
210
211
215
214
208
204
207
212
213
222
223
224
225
228
229
230
237
238
243
242
241
247
246
245
244
250
249
254
255
256
257
266
265
264
263
262
268
274
281
282
280
273
279
272
278
271
277
270
276
284
285
286
287
288
298
299
316
314
311
310
307
304
302
297
296
294
293
292
291
305
308
301
303
306
309
313
315
323
324
325
326
327
337
336
335
334
333
332
339
340
342
346
347
343
344
341
345
348
355
354
359
358
357
353
352
351
362
369
371
366
370
374
375
377
379
378
373
368
361
365
372
376
363
367
364
360
356
350
349
338
328
329
330
331
321
320
319
318
322
317
312
300
295
290
289
283
275
269
267
258
259
260
261
253
252
251

improvements: 71
initial-cycle-weight: 1790
final-cycle-weight: 1430
316
314
311
310
307
304
302
297
308
305
312
317
322
318
319
320
321
331
330
329
328
338
349
350
356
360
364
367
363
376
372
365
361
368
373
378
379
377
375
374
370
366
371
369
362
351
352
353
357
358
359
354
355
348
345
341
344
343
347
346
342
340
339
332
333
334
335
336
337
327
326
325
324
323
315
313
309
306
303
301
296
294
293
292
291
290
295
300
284
289
283
275
269
267
248
235
232
240
239
236
234
233
231
227
221
220
219
218
217
226
216
206
203
190
198
188
185
184
183
182
177
174
171
170
169
159
160
152
150
146
143
141
138
140
145
153
151
137
129
130
131
132
122
116
112
111
115
128
127
121
109
110
96
97
98
99
100
91
86
88
90
85
75
74
63
61
56
43
37
27
28
29
30
20
13
22
10
1
2
3
4
5
6
7
8
9
11
12
17
19
16
18
15
14
21
23
24
25
26
35
34
33
32
31
36
39
42
45
47
44
41
38
40
46
48
49
50
51
52
53
54
55
57
58
59
60
66
73
72
71
70
65
67
69
62
64
68
76
77
78
79
80
81
82
83
84
87
89
92
93
94
95
126
120
108
104
103
102
101
107
106
105
113
117
114
118
119
125
124
123
133
139
142
144
147
148
134
135
136
149
158
157
156
155
154
161
162
163
164
165
166
168
167
173
181
176
180
187
186
179
175
172
178
189
191
192
193
199
194
195
197
196
202
201
200
205
209
210
211
215
214
208
204
207
212
213
222
223
224
225
228
229
230
237
238
243
242
241
247
246
245
244
250
249
266
265
264
263
257
256
255
254
253
252
251
258
259
260
261
262
268
274
281
282
280
279
273
278
272
277
271
270
276
285
286
287
288
298
299

improvements: 78
initial-cycle-weight: 1782
final-cycle-weight: 1421
159
160
152
150
146
143
141
138
140
145
153
151
137
129
130
131
132
122
116
112
111
115
128
127
121
109
110
96
97
98
99
100
91
86
88
90
85
75
74
63
61
56
43
37
27
28
29
30
20
13
22
10
1
2
3
4
5
6
7
8
9
11
12
17
19
16
18
15
14
21
23
24
25
26
35
34
33
32
31
36
39
42
45
47
44
41
38
40
46
48
49
50
51
52
53
54
55
57
58
59
60
66
73
72
71
70
65
67
69
62
64
68
76
77
78
79
80
81
82
83
84
87
89
92
93
94
95
126
120
108
104
103
102
101
107
106
105
113
117
114
118
119
125
124
123
133
139
142
144
147
148
134
135
136
149
158
157
156
155
154
161
162
163
164
165
166
168
167
173
181
176
180
179
175
172
178
186
187
195
201
202
196
197
211
210
205
209
214
215
222
223
224
225
228
229
230
237
238
243
242
241
247
246
245
244
250
249
266
265
264
263
257
256
255
254
253
259
260
261
262
268
274
281
282
298
299
316
314
311
310
307
304
302
297
296
294
293
292
291
305
308
301
303
306
309
313
315
323
324
325
326
327
337
336
335
334
333
332
339
340
343
344
341
345
348
351
352
353
357
358
354
355
359
366
370
371
374
375
377
379
378
373
369
362
368
361
365
372
376
363
367
364
360
356
350
347
346
349
342
338
328
329
330
331
321
320
319
318
322
317
312
300
295
290
285
286
287
288
280
273
279
272
278
271
277
270
276
284
289
283
275
269
267
258
252
251
248
235
232
240
239
236
234
233
231
227
221
220
219
218
217
226
216
206
203
207
212
213
208
204
200
194
199
193
192
191
190
198
189
188
185
184
183
182
177
174
171
170
169

improvements: 78
initial-cycle-weight: 1795
final-cycle-weight: 1421
283
289
295
300
312
317
322
318
319
320
321
331
330
329
328
338
349
350
356
360
364
367
363
376
372
365
361
368
362
369
373
378
379
377
375
374
371
370
366
359
355
354
358
357
353
352
351
348
345
341
344
343
347
346
342
340
339
332
333
334
335
336
337
327
326
325
324
323
315
313
309
306
308
305
303
301
302
304
307
310
311
314
316
299
298
297
296
294
293
292
291
290
288
287
286
285
284
276
270
271
277
272
278
273
279
280
282
281
274
268
262
261
260
259
252
253
254
255
256
257
263
264
265
266
249
250
244
245
246
247
241
242
243
238
237
230
229
228
225
224
223
222
213
212
207
204
208
214
215
211
210
209
205
200
201
202
196
197
195
194
199
193
192
191
190
189
178
172
175
179
186
187
180
176
181
173
167
168
166
165
164
163
162
161
154
155
156
157
158
149
136
135
134
148
147
144
142
139
133
125
124
123
122
115
111
112
116
117
114
119
118
113
105
106
107
101
102
103
104
108
120
126
95
94
93
92
89
87
79
80
81
82
83
84
69
62
67
65
70
71
72
73
66
60
59
58
57
55
54
53
52
51
50
49
48
40
38
41
44
47
45
42
39
36
31
32
33
34
35
26
25
24
23
21
14
15
18
16
19
17
12
11
9
8
7
6
5
4
3
2
1
10
22
13
20
30
29
28
27
37
43
46
56
63
61
64
68
74
78
77
76
75
85
90
88
86
91
100
99
98
97
96
110
109
121
127
128
132
131
130
129
137
151
153
145
140
138
141
143
146
150
152
160
159
169
170
171
174
177
182
183
184
185
188
198
203
206
216
226
217
218
219
220
221
227
231
233
234
236
239
240
232
235
248
251
258
267
269
275

improvements: 81
initial-cycle-weight: 1819
final-cycle-weight: 1423
111
115
121
127
128
129
137
151
153
145
140
152
160
159
169
170
171
174
177
182
183
184
185
188
189
198
190
191
192
193
199
194
200
204
208
213
212
207
203
206
216
226
217
218
219
220
221
227
231
233
234
236
239
240
232
235
248
251
267
269
275
283
289
284
276
270
277
271
278
272
279
273
280
288
287
286
285
290
295
300
312
317
322
318
319
320
321
331
330
329
328
338
342
349
346
347
350
356
360
364
367
363
376
372
365
361
368
373
378
379
377
375
374
370
366
371
369
362
351
352
353
357
358
359
354
355
348
345
341
344
343
340
339
332
333
334
335
336
337
327
326
325
324
323
315
313
309
306
303
301
308
305
291
292
293
294
296
297
302
304
307
310
311
314
316
299
298
282
281
274
268
262
261
260
259
258
252
253
254
255
256
257
263
264
265
266
249
250
244
245
246
247
241
242
243
238
237
230
229
228
225
224
223
222
215
214
209
205
210
211
197
196
202
201
195
187
186
178
172
179
175
180
176
181
173
167
168
166
165
164
163
162
161
154
155
156
157
158
150
146
143
141
138
130
131
132
133
139
142
144
147
148
149
134
135
136
126
120
119
118
114
113
117
125
124
123
122
116
112
105
106
107
103
104
108
95
94
93
92
89
87
84
83
82
81
80
79
68
64
62
69
67
65
70
71
72
73
66
60
59
58
57
55
54
53
52
51
50
49
48
40
38
41
44
47
45
42
39
36
31
32
33
34
35
26
25
24
23
21
14
15
18
16
19
17
12
11
9
8
7
6
5
4
3
2
1
10
22
13
20
30
29
28
27
37
43
46
56
61
63
74
78
77
76
75
85
90
86
88
91
102
101
100
99
98
97
96
110
109

improvements: 80
initial-cycle-weight: 1821
final-cycle-weight: 1429
111
115
121
127
128
129
137
151
153
145
140
152
160
159
169
170
171
174
177
182
183
184
185
188
189
198
190
191
192
193
199
194
200
204
208
213
212
207
203
206
216
226
217
218
219
220
221
227
231
233
234
236
239
240
232
235
248
251
267
269
275
283
289
284
276
270
277
271
278
272
279
273
280
288
287
286
285
290
295
300
312
317
322
318
319
320
321
331
330
329
328
338
342
349
346
347
350
356
360
364
367
363
376
372
365
361
368
373
378
379
377
375
374
370
366
371
369
362
351
352
353
357
358
359
354
355
348
345
341
344
343
340
339
332
333
334
335
336
337
327
326
325
324
323
315
313
309
306
303
301
308
305
291
292
293
294
296
297
302
304
307
310
311
314
316
299
298
282
281
274
268
262
261
260
259
258
252
253
254
255
256
257
263
264
265
266
249
250
244
245
246
247
241
242
243
238
237
230
229
228
225
224
223
222
215
214
209
205
210
211
197
196
202
201
195
187
186
178
172
179
175
180
176
181
173
167
168
166
165
164
163
162
161
154
155
156
157
158
150
146
143
141
138
130
131
132
133
139
142
144
147
148
149
134
135
136
126
120
108
104
95
94
93
92
89
87
84
83
82
81
80
79
68
64
62
69
67
65
70
71
72
73
66
60
59
58
57
55
54
53
52
51
50
49
48
40
38
41
44
47
45
42
39
36
31
32
33
34
35
26
25
24
23
21
14
15
18
16
19
17
12
11
9
8
7
6
5
4
3
2
1
10
22
13
20
30
29
28
27
37
43
46
56
61
63
74
78
77
76
75
85
90
86
88
91
102
103
107
106
113
117
114
118
119
125
124
123
122
116
112
105
101
100
99
98
97
96
110
109

improvements: 87
initial-cycle-weight: 1811
final-cycle-weight: 1399
46
56
48
49
50
51
52
53
54
55
62
64
68
61
63
74
75
85
90
88
91
102
101
100
99
98
97
96
110
109
111
115
121
127
128
129
137
151
153
145
140
152
160
159
169
170
171
174
177
182
183
184
185
188
189
198
190
191
192
193
199
194
200
204
208
213
212
207
203
206
216
226
217
218
219
220
221
227
231
233
234
236
239
240
232
235
248
251
267
269
275
283
289
284
276
270
277
271
278
272
279
273
280
288
287
286
285
290
295
300
312
317
322
318
319
320
321
331
330
329
328
338
342
349
346
347
350
356
360
364
367
363
376
372
365
361
368
373
378
379
377
375
374
370
366
371
369
362
351
352
353
357
358
359
354
355
348
345
341
344
343
340
339
332
333
334
335
336
337
327
326
325
324
323
315
313
309
306
303
301
308
305
291
292
293
294
296
297
302
304
307
310
311
314
316
299
298
282
281
274
268
262
261
260
259
258
252
253
254
255
256
257
263
264
265
266
249
250
244
245
246
247
241
242
243
238
237
230
229
228
225
224
223
222
215
214
209
205
210
211
197
196
202
201
195
187
186
178
172
179
175
180
176
181
173
167
168
166
165
164
163
162
161
154
155
156
157
158
150
146
143
141
138
130
131
132
133
139
142
144
147
148
149
134
135
136
126
120
119
118
114
113
117
125
124
123
122
116
112
105
106
107
103
104
108
95
94
93
92
87
89
86
76
77
78
79
80
81
82
83
84
73
72
71
70
69
67
65
66
57
58
59
60
47
45
42
39
41
44
40
38
36
31
32
33
34
35
26
25
24
23
21
14
15
18
16
19
17
12
11
9
8
7
6
5
4
3
2
1
10
22
13
20
30
29
28
27
37
43

improvements: 73
initial-cycle-weight: 1784
final-cycle-weight: 1417
376
372
368
373
378
379
377
375
374
370
366
371
369
362
361
365
356
350
351
352
353
357
358
359
354
355
348
345
341
344
343
347
346
340
339
332
333
334
335
336
337
327
326
325
324
323
315
313
309
306
308
305
303
301
302
304
307
310
311
314
316
299
298
297
296
294
293
292
291
290
288
287
286
285
284
276
270
271
277
272
278
273
279
280
282
281
274
268
262
261
260
259
252
253
254
255
256
257
263
264
265
266
249
250
244
245
246
247
241
242
243
238
237
230
229
228
225
224
223
222
213
212
207
204
208
214
215
211
210
209
205
200
201
202
196
197
195
194
199
193
192
191
190
189
178
172
175
179
186
187
180
176
181
173
167
168
166
165
164
163
162
161
154
155
156
157
158
149
136
135
134
148
147
144
142
139
133
125
124
123
122
115
111
112
116
117
114
119
118
113
105
106
107
101
102
103
104
108
120
126
95
94
93
92
89
87
84
83
82
81
80
79
78
77
76
68
64
62
69
67
65
70
71
72
73
66
60
59
58
57
55
54
53
52
51
50
49
48
40
38
41
44
47
45
42
39
36
31
32
33
34
35
26
25
24
23
21
14
15
18
16
19
17
12
11
9
8
7
6
5
4
3
2
1
10
22
13
20
30
29
28
27
37
43
46
56
61
63
74
75
85
90
88
86
91
100
99
98
97
96
110
109
121
127
128
132
131
130
129
137
151
153
145
140
138
141
143
146
150
152
160
159
169
170
171
174
177
182
183
184
185
188
198
203
206
216
226
217
218
219
220
221
227
231
233
234
236
239
240
232
235
248
251
258
267
269
275
283
289
295
300
312
317
322
318
319
320
321
331
330
329
328
338
342
349
360
364
367
363

improvements: 80
initial-cycle-weight: 1791
final-cycle-weight: 1420
181
180
187
186
178
172
175
179
176
173
167
168
166
165
164
163
162
161
154
155
156
157
158
149
136
135
134
148
147
144
142
139
133
125
124
123
122
115
111
112
116
117
114
119
118
113
105
106
107
101
102
103
104
108
120
126
95
94
93
92
89
87
84
83
82
81
80
79
78
77
76
68
64
62
69
67
65
70
71
72
73
66
60
59
58
57
55
54
53
52
51
50
49
48
40
38
41
44
47
45
42
39
36
31
32
33
34
35
26
25
24
23
21
14
15
18
16
19
17
12
11
9
8
7
6
5
4
3
2
1
10
22
13
20
30
29
28
27
37
43
46
56
61
63
74
75
85
90
88
86
91
100
99
98
97
96
110
109
121
127
128
132
131
130
129
137
151
153
145
140
138
141
143
146
150
152
160
159
169
170
171
174
177
182
183
184
185
188
189
198
190
191
192
193
199
194
195
200
204
208
213
212
207
203
206
216
226
217
218
219
220
221
227
231
233
234
236
239
240
232
235
248
251
267
269
275
283
289
284
276
270
277
271
278
272
279
273
280
288
287
286
285
290
295
300
312
317
322
318
319
320
321
331
330
329
328
338
342
349
346
347
350
356
360
364
367
363
376
372
365
361
368
373
378
379
377
375
374
370
366
371
369
362
351
352
353
357
358
359
354
355
348
345
341
344
343
340
339
332
333
334
335
336
337
327
326
325
324
323
315
313
309
306
303
301
308
305
291
292
293
294
296
297
302
304
307
310
311
314
316
299
298
282
281
274
268
262
261
260
259
258
252
253
254
255
256
257
263
264
265
266
249
250
244
245
246
247
241
242
243
238
237
230
229
228
225
224
223
222
215
214
209
205
210
211
201
202
196
197

improvements: 81
initial-cycle-weight: 1798
final-cycle-weight: 1405
169
170
171
174
177
182
183
184
185
188
189
198
190
191
192
193
199
194
200
204
208
213
212
207
203
206
216
226
217
218
219
220
221
227
231
233
234
236
239
240
232
235
248
251
267
269
275
283
289
290
295
300
312
317
322
318
319
320
321
331
330
329
328
338
349
350
356
360
364
367
363
376
372
365
361
368
373
378
379
377
375
374
370
366
371
369
362
351
352
353
357
358
359
354
355
348
345
341
344
343
347
346
342
340
339
332
333
334
335
336
337
327
326
325
324
323
315
313
309
306
303
301
308
305
291
292
293
294
296
297
302
304
307
310
311
314
316
299
298
288
287
286
285
284
276
270
277
271
278
272
279
273
280
282
281
274
268
262
261
260
259
258
252
253
254
255
256
257
263
264
265
266
249
250
244
245
246
247
241
242
243
238
237
230
229
228
225
224
223
222
215
214
209
205
210
211
197
196
202
201
195
187
186
178
172
179
175
180
176
181
173
167
168
166
165
164
163
162
161
154
155
156
157
158
149
136
135
134
148
147
144
142
139
133
125
124
123
122
115
111
112
116
117
114
119
118
113
105
106
107
101
102
103
104
108
120
126
95
94
93
92
89
87
80
81
82
83
84
69
67
65
70
71
72
73
66
57
58
59
60
47
45
42
39
41
44
40
38
36
31
32
33
34
35
26
25
24
23
21
14
15
18
16
19
17
12
11
9
8
7
6
5
4
3
2
1
10
22
13
20
30
29
28
27
37
43
46
56
48
49
50
51
52
53
54
55
62
64
61
63
74
68
79
78
77
76
75
85
90
88
86
91
100
99
98
97
96
110
109
121
127
128
132
131
130
129
137
151
153
145
140
138
141
143
146
150
152
160
159

improvements: 71
initial-cycle-weight: 1787
final-cycle-weight: 1438
283
289
284
300
295
290
291
292
293
294
296
301
303
306
309
313
315
323
324
325
326
327
337
336
335
334
333
332
339
340
343
344
341
345
348
355
354
359
358
357
353
352
351
362
369
371
366
370
374
375
377
379
378
373
368
361
365
372
376
363
367
364
360
356
350
347
346
349
342
338
328
329
330
331
321
320
319
318
322
317
312
305
308
297
302
304
307
310
311
314
316
299
298
288
287
286
285
276
270
271
277
272
278
273
279
280
282
281
274
268
262
261
260
259
252
253
254
255
256
257
263
264
265
266
249
250
244
245
246
247
241
242
243
238
237
230
229
228
225
224
223
222
213
212
207
204
208
214
215
211
210
209
205
200
201
202
196
197
195
194
199
193
192
191
190
189
178
172
175
179
186
187
180
176
181
173
167
168
166
165
164
163
162
161
154
155
156
157
158
149
136
135
134
148
147
144
142
139
133
125
124
123
122
115
111
112
116
117
114
119
118
113
105
106
107
101
102
103
104
108
120
126
95
94
93
92
89
87
79
80
81
82
83
84
69
62
67
65
70
71
72
73
66
60
59
58
57
55
54
53
52
51
50
49
48
40
38
41
44
47
45
42
39
36
31
32
33
34
35
26
25
24
23
21
14
15
18
16
19
17
12
11
9
8
7
6
5
4
3
2
1
10
22
13
20
30
29
28
27
37
43
46
56
63
61
64
68
74
78
77
76
75
85
90
88
86
91
100
99
98
97
96
110
109
121
127
128
132
131
130
129
137
151
153
145
140
138
141
143
146
150
152
160
159
169
170
171
174
177
182
183
184
185
188
198
203
206
216
226
217
218
219
220
221
227
231
233
234
236
239
240
232
235
248
251
258
267
269
275

improvements: 83
initial-cycle-weight: 1853
final-cycle-weight: 1398
20
13
23
31
36
30
29
28
27
37
38
41
44
40
43
46
56
48
49
50
51
52
53
54
55
57
67
69
62
64
68
61
63
74
75
85
90
88
91
102
101
100
99
98
97
96
110
109
111
115
121
127
128
129
132
131
130
137
151
153
145
140
152
160
159
169
170
171
174
177
182
183
184
185
188
189
198
190
191
192
193
199
194
200
204
208
213
212
207
203
206
216
226
217
218
219
220
221
227
231
233
234
236
239
240
232
235
248
251
267
269
275
283
289
284
276
270
277
271
278
272
279
273
280
288
287
286
285
290
295
300
312
317
322
318
319
320
321
331
330
329
328
338
342
349
346
347
350
356
360
364
367
363
376
372
365
361
368
373
378
379
377
375
374
370
366
371
369
362
351
352
353
357
358
359
354
355
348
345
341
344
343
340
339
332
333
334
335
336
337
327
326
325
324
323
315
313
309
306
303
301
308
305
291
292
293
294
296
297
302
304
307
310
311
314
316
299
298
282
281
274
268
262
261
260
259
258
252
253
254
255
256
257
263
264
265
266
249
250
244
245
246
247
241
242
243
238
237
230
229
228
225
224
223
222
215
214
209
205
210
211
197
196
202
201
195
187
186
178
172
179
175
180
176
181
173
167
168
166
165
164
163
162
161
154
155
156
157
158
150
146
143
141
138
133
139
142
144
147
148
149
134
135
136
126
120
119
118
114
113
117
125
124
123
122
116
112
105
106
107
103
104
108
95
94
93
92
87
89
86
76
77
78
79
80
81
82
83
84
73
72
71
70
65
66
58
59
60
47
45
42
39
32
33
34
35
26
25
24
21
14
15
18
16
19
17
12
11
9
8
7
6
5
4
3
2
1
10
22

improvements: 78
initial-cycle-weight: 1799
final-cycle-weight: 1422
109
110
96
97
98
99
100
91
86
88
90
85
75
74
63
61
56
43
37
27
28
29
30
20
13
22
10
1
2
3
4
5
6
7
8
9
11
12
17
19
16
18
15
14
21
23
24
25
26
35
34
33
32
31
36
39
42
45
47
44
41
38
40
46
48
49
50
51
52
53
54
55
57
58
59
60
66
73
72
71
70
65
67
69
62
64
68
76
77
78
79
80
81
82
83
84
87
89
92
93
94
95
126
120
108
104
103
102
101
107
106
105
113
117
114
118
119
125
124
123
134
135
136
149
148
147
144
142
139
133
138
141
143
146
150
158
157
156
155
154
161
162
163
164
165
166
168
167
173
181
176
180
175
179
172
178
186
187
195
201
202
196
197
211
210
205
209
214
215
222
223
224
225
228
229
230
237
238
243
242
241
247
246
245
244
250
249
266
265
264
263
257
256
255
254
253
259
260
261
262
268
274
281
282
280
273
279
272
278
271
277
270
276
284
285
286
287
288
298
299
316
314
311
310
307
304
302
297
296
294
293
292
291
305
308
301
303
306
309
313
315
323
324
325
326
327
337
336
335
334
333
332
339
340
342
346
347
343
344
341
345
348
351
352
353
357
358
354
355
359
366
370
371
374
375
377
379
378
373
369
362
368
361
365
372
376
363
367
364
360
356
350
349
338
328
329
330
331
321
320
319
318
322
317
312
300
295
290
289
283
275
269
267
258
252
251
248
235
232
240
239
236
234
233
231
227
221
220
219
218
217
226
216
206
203
207
212
213
208
204
200
194
199
193
192
191
190
198
189
188
185
184
183
182
177
174
171
170
169
159
160
152
140
145
153
151
137
129
130
131
132
122
116
112
111
115
128
127
121

improvements: 78
initial-cycle-weight: 1780
final-cycle-weight: 1421
159
160
152
150
146
143
141
138
140
145
153
151
137
129
130
131
132
122
116
112
111
115
128
127
121
109
110
96
97
98
99
100
91
86
88
90
85
75
74
63
61
56
43
37
27
28
29
30
20
13
22
10
1
2
3
4
5
6
7
8
9
11
12
17
19
16
18
15
14
21
23
24
25
26
35
34
33
32
31
36
39
42
45
47
44
41
38
40
46
48
49
50
51
52
53
54
55
57
58
59
60
66
73
72
71
70
65
67
69
62
64
68
76
77
78
79
80
81
82
83
84
87
89
92
93
94
95
126
120
108
104
103
102
101
107
106
105
113
117
114
118
119
125
124
123
133
139
142
144
147
148
134
135
136
149
158
157
156
155
154
161
162
163
164
165
166
168
167
173
181
176
180
179
175
172
178
186
187
195
201
202
196
197
211
210
205
209
214
215
222
223
224
225
228
229
230
237
238
243
242
241
247
246
245
244
250
249
266
265
264
263
257
256
255
254
253
259
260
261
262
268
274
281
282
298
299
316
314
311
310
307
304
302
297
296
294
293
292
291
305
308
301
303
306
309
313
315
323
324
325
326
327
337
336
335
334
333
332
339
340
343
344
341
345
348
351
352
353
357
358
354
355
359
366
370
371
374
375
377
379
378
373
369
362
368
361
365
372
376
363
367
364
360
356
350
347
346
349
342
338
328
329
330
331
321
320
319
318
322
317
312
300
295
290
285
286
287
288
280
273
279
272
278
271
277
270
276
284
289
283
275
269
267
258
252
251
248
235
232
240
239
236
234
233
231
227
221
220
219
218
217
226
216
206
203
207
212
213
208
204
200
194
199
193
192
191
190
198
189
188
185
184
183
182
177
174
171
170
169

