weight: 1855
vertices-order: 
1
10
22
2
3
4
5
6
7
8
9
11
16
19
17
18
15
14
21
24
25
26
23
31
36
30
29
28
27
37
38
41
44
42
45
47
39
40
46
48
56
49
50
51
52
53
54
55
57
65
70
71
72
73
67
69
62
64
68
61
63
74
75
85
90
86
89
92
93
94
104
108
120
126
103
102
101
105
112
116
122
123
124
125
113
117
114
119
118
111
115
128
129
137
130
131
132
138
141
143
146
152
154
161
162
163
164
167
173
181
176
180
175
179
186
187
172
178
189
190
198
191
192
193
199
194
200
204
208
214
215
207
212
213
203
206
216
226
217
218
219
220
221
227
231
233
234
236
240
249
254
255
256
257
263
264
265
266
253
252
258
267
259
260
261
262
268
274
281
282
280
273
279
272
278
271
277
270
276
284
290
295
300
291
292
293
294
296
301
303
306
309
313
315
323
332
339
340
343
346
350
356
361
365
372
376
364
367
363
362
369
373
378
371
374
375
377
379
370
366
368
360
351
352
353
357
358
359
354
355
347
344
341
345
348
342
349
331
330
329
328
338
333
334
335
336
337
324
325
326
327
320
321
319
318
322
317
312
305
308
297
302
304
307
310
311
314
316
298
299
289
283
285
286
287
288
269
275
251
250
244
245
246
247
241
242
243
237
238
239
232
235
248
222
223
224
225
228
229
230
205
210
211
209
201
202
196
197
195
185
188
184
183
182
177
174
171
170
169
165
166
168
160
159
155
156
157
158
150
140
145
153
151
133
139
142
144
147
148
149
134
135
136
127
121
106
107
100
99
98
97
96
110
109
95
87
88
91
76
77
78
79
80
81
82
83
84
66
58
59
60
43
32
33
34
35
13
20
12

