0.1 0.2 1376 1398.83 2.95184
340
342
349
350
356
360
364
367
363
376
372
365
361
368
362
369
373
378
379
377
375
374
371
370
366
359
355
354
358
357
353
352
351
347
346
343
344
348
345
341
339
332
333
334
335
336
337
327
326
325
324
323
315
308
305
313
309
306
303
301
302
304
307
310
311
314
316
299
298
297
296
294
293
292
291
290
284
285
286
287
288
280
274
281
282
266
265
264
263
257
256
255
254
253
252
249
250
244
245
246
247
241
242
243
238
237
230
229
228
225
224
223
222
227
221
212
213
214
215
211
210
205
209
208
204
200
201
202
196
197
195
194
187
186
178
172
175
179
180
176
181
173
167
168
166
165
164
163
162
161
160
159
158
157
156
155
154
152
150
146
143
141
138
133
139
142
144
147
148
149
136
135
134
125
124
123
122
118
119
114
117
113
116
112
105
106
107
103
104
108
120
126
95
94
93
92
89
87
76
77
78
79
80
81
82
83
84
73
72
71
70
65
66
57
58
59
60
47
45
42
39
36
31
32
33
34
35
26
25
24
21
14
15
18
16
19
17
12
11
9
8
7
6
5
4
3
2
1
10
22
20
13
23
30
29
28
27
37
43
46
40
38
41
44
56
48
49
50
51
52
53
54
55
62
64
67
69
68
61
63
74
75
85
90
88
86
91
102
101
100
99
98
97
96
110
109
111
115
121
127
128
132
131
130
129
137
140
145
151
153
169
170
171
174
177
182
183
184
185
188
189
198
190
191
192
193
199
207
203
206
216
226
217
218
219
220
231
233
234
239
236
232
235
240
248
251
267
258
259
260
261
262
268
273
279
278
272
277
271
276
270
275
269
283
289
295
300
312
317
322
318
319
320
321
331
330
329
328
338
