37044
35236
35174
38590
37625
36650
36389
38135
35741
37304
37986
35289
36465
38888
36331
37517
35015
34689
37815
37405
38732
38267
37991
36508
38330
35477
38080
39176
37424
35593
36784
38355
39419
37232
36809
37023
36409
38414
36441
38224
35878
36149
37387
39527
38263
37712
36054
35659
36919
39058
38842
38824
36916
37741
37626
39396
37254
37210
38873
39868
37458
38620
37122
37088
35042
37396
36259
37564
38134
36974
38204
37624
38116
38016
36222
36900
36511
36539
38775
36226
36353
37935
39047
37891
36905
37127
37210
38397
36053
38396
36170
37716
38794
39123
37555
37412
35415
37196
37497
38295
36765
37950
37410
36255
38577
37207
35039
36505
36092
36471
35986
36957
39934
36999
39118
36907
38972
38014
37077
35428
36836
36288
37216
37885
36604
35575
37213
36851
35180
35946
37011
37534
40300
39377
36777
37872
38873
38395
38033
36979
36535
35469
36417
35198
38564
38811
36719
36790
35848
37721
38187
39307
37921
37665
37045
36059
35965
34523
38519
37726
34562
37248
38355
37309
35823
35699
37590
34250
38808
35353
36797
35589
37619
35535
37450
36958
38916
38088
35687
38709
36777
38285
39551
36337
38270
35607
37157
36748
33991
34960
39931
37915
36690
36536
36207
36663
35609
35977
36984
36955
37707
38572
35897
37349
37688
36585
37673
36854
36252
38615
37691
36580
37369
36676
38688
36932
37046
35392
35231
36542
37665
37738
35855
36678
37255
37318
36538
36027
37571
37690
36726
38615
37779
36247
37573
37719
35633
36775
36835
37012
35516
35833
37517
37087
36558
35549
36478
34291
35905
37611
35258
36205
38495
37656
37049
38821
35589
37342
37037
37285
36874
38038
37974
36945
36223
37265
37600
37754
37228
37359
35575
39361
37849
34752
37691
35896
38140
38635
36570
36512
40814
37027
37999
38404
37723
36739
36414
38278
38168
37531
37635
38084
34815
36788
36929
36857
37086
37896
36288
38187
38741
36715
35849
39994
35701
37593
37364
36767
40513
37575
37634
35508
35256
38763
35973
34699
37649
38109
36985
37356
37107
37954
38274
37513
36971
35532
36906
37380
39501
37045
36382
37583
38171
35866
39343
36015
36094
36872
35430
37446
36300
35103
34782
38376
37590
33280
36168
36780
35401
37060
40357
36337
36187
39451
36427
35912
36087
35189
40004
36793
36594
34902
37302
36866
36776
39380
39025
37737
36485
40505
38202
36325
34346
37884
37033
40473
39295
36764
36416
38467
36852
38235
34710
38925
38169
37734
37027
37937
36764
38468
37165
37709
37835
37107
36633
36181
38163
37551
35199
35717
37749
39078
36368
36618
39011
37234
37701
37539
34549
36678
38905
36566
37767
36983
38636
35982
35690
38472
37020
37655
38353
38382
36034
39380
34450
36126
37631
38117
36818
37837
38497
37896
39357
35924
38224
36590
37972
35839
37686
36079
40377
36637
36414
37818
36356
37740
37967
38601
38777
35928
38809
36669
37216
38375
37806
36408
36414
38327
36869
37732
38264
39584
38418
35672
36186
39262
35610
37160
38438
37371
38522
36474
37342
38495
34888
36024
36175
38209
37978
36312
37028
38105
36575
37445
37712
35570
34987
36513
36923
38320
35977
35454
37927
40415
37234
37329
36233
37675
35822
38931
36894
37400
37225
35935
36034
37611
38209
37583
34986
36221
38441
36507
39695
37822
37682
39540
36900
37556
38290
36895
37862
37172
37619
36151
36654
36516
34972
37027
39722
37838
35686
36656
37510
36796
36961
36570
37321
39378
36723
36079
37204
37129
38044
36991
34616
37977
35418
35673
37672
36431
36048
38128
37326
35997
36186
36733
38679
38845
36366
37977
37343
37562
38873
37596
35883
37159
38321
36381
37726
34378
39395
38465
37378
36888
38045
37911
38360
36843
37436
37761
36331
37333
38890
37415
37897
36107
36669
37006
36501
35845
38338
37005
36690
35886
38511
38976
37100
37040
37269
36355
37186
37449
37864
36282
38134
37142
35967
37384
36032
35801
35819
37012
37394
38212
38142
35453
37443
38167
36142
35924
36117
37350
37456
37102
38204
39968
36803
35459
37243
39933
38786
36085
36777
36902
37935
36149
37252
34730
37402
37674
36219
36329
36993
34579
36679
34404
34629
37407
36480
36123
36493
36260
37503
35349
36051
37064
38029
39997
38228
37754
38883
35914
35076
35771
36185
38615
38618
37844
36868
39739
38342
38267
37156
39066
38744
37445
36913
38580
39051
37128
37708
37655
34512
37671
37974
39077
37610
36211
36633
36323
37474
37983
37144
35914
36039
36582
37313
35984
36884
34479
35721
36874
36957
37771
35985
39130
37821
36693
38911
36431
36656
38125
36277
37449
38200
37862
37087
37541
34854
36137
39129
37593
35661
36942
37944
36724
37542
36103
37107
37419
35799
39020
36703
36081
38070
37626
36437
37568
35199
35174
37382
36630
35872
38679
37253
36048
37331
39265
35646
36762
39949
35916
37749
35723
37503
37775
36790
35182
37820
36074
38335
38249
38214
38270
36709
37465
37103
37417
38105
37519
37266
36687
36122
37828
37252
38609
37924
36975
39030
39276
36148
36308
37413
37593
37093
38598
37072
37786
35810
37924
36972
36883
36699
37033
39654
38289
38190
37149
36753
37365
36779
38692
35435
35957
38486
38038
36994
37987
35045
36081
37798
36893
39933
35912
35873
37893
36522
39218
36161
37561
38618
36665
37088
35516
36017
36856
35975
36802
37452
34980
36922
38305
38543
37310
36848
38035
37785
36287
36032
39614
34392
35941
35873
37085
37600
36239
38107
37508
37701
37527
34646
37804
36377
35170
35544
36046
36599
36619
37400
38558
36773
35865
36413
37339
36772
35159
38233
36575
37515
36445
38904
37528
36886
36856
37404
37622
35872
38158
35728
36141
36671
36431
35293
38958
36842
38838
40121
36398
36851
37766
38518
37348
36727
34647
36129
34335
37073
36360
37568
38644
39124
37150
38748
37039
36579
36935
39243
37137
36753
37017
37039
34205
36483
37046
38156
36838
37923
36147
37738
38348
36826
36712
36579
35483
36602
36821
36417
37277
37483
39030
36045
36272
36921
36953
38371
38550
38743
37853
37684
37924
38016
37428
37963
38555
37097
36294
36944
38522
35130
36668
38302
37809
35918
37480
37123
37117
36209
36712
37311
39446
37031
35025
38248
37385
38039
38862
35983
36115
39686
35822
36203
38905
36916
38744
38090
35782
36756
37250
35958
38039
37864
38024
36597
36455
37243
35272
37576
35821
36557
36986
38020
35376
35180
38745
38786
38362
36567
36899
39185
35188
