weight: 1151
edges: 
1 2
1 10
2 1
2 3
3 2
3 4
4 3
4 5
5 4
5 6
6 5
6 7
7 6
7 8
8 7
8 9
9 8
9 11
10 1
10 22
11 9
11 12
11 16
12 11
13 21
13 20
14 15
14 21
15 14
15 18
16 11
16 18
16 19
17 19
18 15
18 16
19 17
19 16
20 13
21 13
21 14
21 23
21 24
22 10
23 21
23 31
24 21
24 25
25 24
25 26
26 25
27 28
27 37
28 27
28 29
29 28
29 30
30 29
30 36
31 23
31 32
31 36
32 31
32 33
33 32
33 34
34 33
34 35
35 34
36 30
36 31
37 27
37 38
38 37
38 40
38 41
39 42
40 38
40 46
41 38
41 42
41 44
42 39
42 41
42 45
43 46
44 41
45 42
45 47
46 43
46 40
46 48
47 45
48 46
48 49
48 56
49 48
49 50
50 49
50 51
51 50
51 52
52 51
52 53
53 52
53 54
54 53
54 55
55 54
55 57
56 48
57 55
57 58
57 65
58 57
58 59
59 58
59 60
60 59
61 64
61 63
62 67
62 64
63 61
63 74
64 61
64 62
64 68
65 57
65 66
65 67
65 70
66 65
67 62
67 65
67 69
68 64
69 67
70 65
70 71
71 70
71 72
72 71
72 73
73 72
74 63
74 75
75 74
75 76
75 85
76 75
76 77
77 76
77 78
78 77
78 79
79 78
79 80
80 79
80 81
81 80
81 82
82 81
82 83
83 82
83 84
84 83
85 75
85 86
85 90
86 85
86 88
86 89
87 89
88 86
88 91
89 87
89 86
89 92
90 85
91 88
92 89
92 93
93 92
93 94
94 93
94 95
94 104
95 94
96 97
96 110
97 96
97 98
98 97
98 99
99 98
99 100
100 99
100 101
101 100
101 102
101 105
102 101
102 103
103 102
103 104
104 103
104 94
104 108
105 101
105 106
105 112
106 105
106 107
107 106
108 104
108 120
109 110
110 109
110 96
111 112
111 115
112 111
112 105
112 113
112 116
113 112
113 114
113 117
114 113
114 118
114 119
115 111
115 128
116 112
116 122
117 113
118 114
119 114
120 108
120 126
121 127
122 116
122 123
123 122
123 124
124 123
124 125
125 124
126 120
127 121
127 128
128 127
128 115
128 129
129 128
129 130
129 137
130 129
130 131
131 130
131 132
132 131
132 138
133 138
133 139
134 139
134 135
135 134
135 136
136 135
137 129
138 133
138 132
138 140
138 141
139 134
139 133
139 142
140 138
140 145
141 138
141 143
142 139
142 144
143 141
143 146
144 142
144 147
145 140
145 153
146 143
146 150
146 152
147 144
147 148
148 147
148 149
149 148
150 146
151 153
152 146
152 154
153 151
153 145
154 152
154 155
154 161
155 154
155 156
156 155
156 157
157 156
157 158
158 157
159 160
160 159
160 161
161 160
161 154
161 162
162 161
162 163
163 162
163 164
164 163
164 165
164 167
165 164
165 166
166 165
166 168
167 164
167 173
168 166
169 170
170 169
170 171
171 170
171 174
172 175
172 178
173 167
173 175
173 176
173 181
174 171
174 177
175 172
175 173
175 179
176 173
176 180
177 174
177 182
178 172
178 189
179 175
179 186
180 176
181 173
182 177
182 183
183 182
183 184
184 183
184 185
185 184
185 189
185 188
186 179
186 187
187 186
188 185
189 185
189 178
189 190
190 189
190 191
190 198
191 190
191 192
192 191
192 193
193 192
193 199
194 199
194 195
194 200
195 194
196 202
196 197
197 196
198 190
199 194
199 193
200 194
200 201
200 204
201 200
201 202
202 196
202 201
203 207
203 206
204 200
204 205
204 207
204 208
205 204
205 209
205 210
206 203
206 216
207 203
207 204
207 212
208 204
208 214
209 205
210 205
210 211
211 210
212 207
212 213
213 212
214 208
214 215
215 214
216 206
216 226
217 226
217 218
218 217
218 219
219 218
219 220
220 219
220 221
221 220
221 227
222 227
222 223
223 222
223 224
224 223
224 225
225 224
225 228
226 217
226 216
227 222
227 221
227 231
228 225
228 229
229 228
229 230
230 229
231 227
231 232
231 233
232 231
232 235
233 231
233 234
234 233
234 236
235 232
235 248
236 234
236 239
236 240
237 241
237 238
238 237
239 236
240 236
240 249
241 237
241 246
241 242
242 241
242 243
243 242
244 250
244 245
245 244
245 246
246 241
246 245
246 247
247 246
248 235
249 240
249 250
249 254
250 244
250 249
251 252
252 251
252 253
252 258
253 252
253 254
254 253
254 249
254 255
255 254
255 256
256 255
256 257
257 256
257 263
258 252
258 259
258 267
259 258
259 260
260 259
260 261
261 260
261 262
262 261
262 268
263 257
263 264
264 263
264 265
265 264
265 266
266 265
267 258
268 262
268 273
268 274
269 270
269 275
270 269
270 271
270 276
271 270
271 272
271 277
272 271
272 273
272 278
273 272
273 268
273 279
274 268
274 280
274 281
275 269
276 270
276 284
277 271
278 272
279 273
280 274
281 274
281 282
282 281
283 289
284 276
284 285
284 289
284 290
285 284
285 286
286 285
286 287
287 286
287 288
288 287
289 283
289 284
290 284
290 291
290 295
291 290
291 292
292 291
292 293
293 292
293 294
294 293
294 296
295 290
295 300
296 294
296 297
296 301
297 296
297 302
298 302
298 299
299 298
300 295
301 296
301 303
302 298
302 297
302 304
303 301
303 305
303 306
304 302
304 307
305 303
305 308
306 303
306 309
307 304
307 310
308 305
309 306
309 313
310 307
310 311
311 310
311 314
312 317
313 309
313 315
314 311
314 316
315 313
315 320
315 323
316 314
317 312
317 322
318 319
318 322
319 318
319 320
320 319
320 315
320 321
321 320
322 317
322 318
323 315
323 324
323 332
324 323
324 325
325 324
325 326
326 325
326 327
327 326
328 329
328 338
329 328
329 330
330 329
330 331
331 330
331 339
332 323
332 333
332 339
333 332
333 334
334 333
334 335
335 334
335 336
336 335
336 337
337 336
338 328
339 331
339 332
339 340
340 339
340 342
340 343
341 344
341 345
342 340
342 349
343 340
343 344
343 346
344 341
344 343
345 341
345 348
346 343
346 347
346 350
347 346
348 345
349 342
350 346
350 351
350 356
351 350
351 352
352 351
352 353
353 352
353 357
354 359
354 355
355 354
356 350
356 360
356 361
357 353
357 358
358 357
358 359
359 354
359 358
360 356
361 356
361 362
361 365
362 361
362 368
362 369
363 367
364 365
364 367
365 364
365 361
365 372
366 370
367 363
367 364
368 362
369 362
369 371
369 373
370 366
370 374
371 369
371 374
372 365
372 376
373 369
373 378
374 370
374 371
374 375
375 374
375 377
376 372
377 375
377 379
378 373
379 377

