0.01 0.99 0.3 0.3 1370 1379 15.7768
0.1 0.99 0.3 0.3 1373 1380.7 17.5409
0.2 0.99 0.3 0.3 1374 1378.9 16.739
0.3 0.99 0.3 0.3 1371 1376.2 18.2837
0.4 0.99 0.3 0.3 1375 1381.7 16.2398
0.5 0.99 0.3 0.3 1374 1382.6 16.6685
0.6 0.99 0.3 0.3 1375 1381.3 17.7912
0.7 0.99 0.3 0.3 1372 1378.7 17.0626
0.8 0.99 0.3 0.3 1373 1380.8 15.6796
0.9 0.99 0.3 0.3 1371 1378 16.6353
1 0.99 0.3 0.3 1372 1380.1 17.4644
1.1 0.99 0.3 0.3 1373 1379.4 15.6972
1.2 0.99 0.3 0.3 1374 1381.6 14.4671
1.3 0.99 0.3 0.3 1372 1377.6 15.7924
1.4 0.99 0.3 0.3 1371 1377.1 16.3007
1.5 0.99 0.3 0.3 1375 1379.6 14.8012
