35729
36789
35252
36592
34427
35527
35167
37081
35894
36768
38557
38013
35986
34930
37065
37427
35237
36505
37775
35579
37214
35897
36824
35635
36018
34129
37887
35449
37864
35834
35803
35567
34569
36781
36033
38183
32826
37825
36430
34812
35618
37332
33514
35992
37820
35230
36842
37206
35536
34982
33337
36948
38663
36795
36181
36284
35056
36344
35622
35567
37815
38629
36441
35576
36779
34259
34360
36416
35424
36823
37740
35934
36214
35751
36781
38014
34465
34955
36199
36648
38181
36620
36211
36455
36859
35613
36091
36314
36181
37265
37986
37895
36286
36378
35311
35432
35749
35404
36639
39844
37771
37323
35446
36998
36342
35085
38211
35144
37458
37871
35731
34429
35822
36024
36496
35458
36710
37308
37544
34220
35839
36816
36711
35326
38870
34814
36974
36802
37523
35857
35785
34182
37210
36574
37878
35924
38600
35367
36279
34963
36474
36179
34428
35173
37054
36201
36021
37999
36024
35325
37674
36329
36976
36029
35751
35625
37735
36536
37400
36915
35005
37282
38689
35255
37790
34816
33521
35147
37170
33810
36132
35961
35705
37715
35924
34347
34941
37803
34625
34757
35883
35819
37156
36212
37419
36717
35473
38686
35467
35479
35352
36041
33898
36210
38022
36842
35453
34152
32718
35268
36381
36242
34759
35806
35561
34569
37033
37386
35190
33116
36128
36291
37265
36238
36211
34409
36618
34756
35938
36921
36371
34719
38832
36791
34756
38824
33858
36273
37428
37143
35703
36848
33592
35930
35481
35223
34701
36149
37229
35017
33524
34461
35619
35239
36764
38293
38407
35606
35003
35729
36045
37610
35988
38001
36159
35365
34553
35389
36100
34560
34882
36344
33921
36770
37311
36436
35897
36055
38684
34255
37915
35801
37110
35897
36362
36678
35364
37891
35764
36643
36370
37556
34320
35194
36360
37555
36075
33543
35030
33159
36631
35988
34993
35990
36469
37180
35207
37541
35071
37986
34693
37516
35215
35329
37449
36346
36359
36123
35117
37159
37331
35428
36287
36466
34230
35661
37095
37667
37329
37666
35669
34882
37245
35255
36516
36366
37321
36156
36062
36933
35774
34133
38871
38325
37229
37546
36821
37351
36983
35303
35391
37328
35754
36926
37111
36366
36217
36746
36012
35733
34502
34873
38072
34771
34932
36705
35006
35419
36098
36683
37263
34287
37372
37854
35881
33954
37129
38123
35815
37724
34140
35538
35205
37812
34994
34879
33360
37341
34792
37301
36913
35217
35158
35756
36329
38324
37501
35546
35789
35738
35878
35557
37939
34960
36340
36033
37505
37841
36281
33911
35521
36883
36344
33654
34534
36003
35038
34853
36444
37573
35566
36975
37653
35919
35231
37028
34908
36253
37176
34928
38414
36657
34458
37439
35918
35915
34305
37131
36767
33873
34368
37209
36753
36628
36168
36932
36471
34554
35365
35762
38688
35586
35764
35253
36427
36906
37187
35208
36960
34537
35151
35817
34801
37770
33407
34875
35184
37652
33915
36181
35042
35910
37170
35498
36300
35661
37117
36399
33837
34587
35073
34214
34647
36826
35676
37720
35435
36524
38553
36132
37412
37524
38244
35855
35948
36706
35960
36125
36271
35653
35523
36725
33032
34761
34831
36973
35203
36584
33978
34504
37063
38104
36090
36769
37349
36559
35228
36129
37059
35748
37106
37213
35732
36334
35655
35291
36801
36359
33399
34655
36643
35515
38681
35599
36793
34381
36885
34606
32889
36366
34207
36597
35607
38647
37566
37107
35997
36525
34945
35040
37299
36843
37128
37908
34560
35823
36975
38460
37054
33965
34656
37263
34593
35511
36757
37597
35119
34747
36331
36405
37497
36401
35289
34694
35427
33069
36154
33856
35638
36313
36135
35836
36236
36861
35881
35822
36844
35265
35904
35801
35081
35612
35404
36610
35630
35265
34908
35887
36309
36545
35695
36755
35289
36936
34933
38298
37117
37634
36919
35764
35151
35367
35974
35442
35882
35981
36600
36919
38016
35743
35376
35436
36881
35038
35172
36997
34376
36614
34587
35030
35324
33613
35204
35693
35651
37068
34755
36884
35550
37979
36614
35801
36407
36142
35848
36828
35281
36809
40360
33608
35769
36909
34404
36321
36202
36589
35729
35318
37675
35750
37982
36093
35682
34928
34523
34768
37391
35404
36691
38214
36378
34491
36066
35128
36189
35823
37632
35787
35728
37582
34905
37275
38283
35254
34603
35341
35898
36607
35981
35397
37093
37901
37204
37532
36145
36713
36341
37032
37269
37040
34788
35909
35781
37677
36596
36680
36514
38442
38039
34121
36774
35345
37192
34430
36552
35554
35298
37075
33803
35814
37596
39459
38314
34643
34998
38751
34075
35837
36045
36385
35578
35006
37069
36798
36491
35450
36448
34194
36236
36097
37365
37349
36709
37345
34757
34577
37734
34616
35861
37584
35633
37388
35389
36082
35162
36993
37577
37757
36096
36107
38610
36953
36090
37636
35900
34449
35676
37070
37317
35846
36210
34631
36512
38021
36876
34614
36555
35562
35625
38121
36661
36443
34895
38622
37187
36108
35770
38495
36761
36219
37279
37388
36712
38687
36716
35973
36884
34559
36195
36473
36540
36606
36070
37400
34349
33874
38110
34261
36329
35895
36807
37162
33877
36040
35011
35865
36093
36719
36755
33782
34723
35213
36363
34180
35645
36933
37094
37619
36234
36678
34360
36738
36645
34748
35026
35366
37118
35389
36707
36984
37277
37396
35388
36578
36503
35977
32488
35577
35157
34895
35477
37817
34119
35978
39666
35946
36805
33970
36943
35379
37643
37202
36474
35851
35623
36227
34908
38269
35057
34661
35946
36061
35685
35915
35077
35021
35826
34614
35454
34696
36202
37780
35535
34795
35080
37886
37875
36080
36210
35545
33408
35318
35654
36712
38303
36182
38803
35189
36156
37499
35978
35385
36781
35679
38761
35187
36233
37353
36951
33085
35230
38527
35276
36754
36183
36171
36059
35805
35943
38255
34035
37290
38027
36479
34151
35949
36159
35673
35163
35724
35654
35845
35381
34700
36248
38648
36571
36905
37502
35354
36659
36348
34083
36108
36756
35689
38182
35897
36929
34761
36600
35690
36839
35144
36375
33217
35366
34512
35648
37831
34044
36866
35007
36049
36003
36508
36969
36090
36659
36405
36095
36690
36150
36188
36831
37402
37352
35773
35903
35735
33827
34214
35018
36716
37101
34050
36496
35285
36447
35405
35959
33998
35260
36077
35373
34531
37254
36560
34187
35884
34559
36068
36787
36676
35628
34836
36841
37167
36886
37822
