weight: 1179
edges: 
1 14
1 15
2 16
2 3
3 2
3 4
4 3
4 17
4 18
5 19
6 20
6 7
7 6
7 8
8 7
8 9
8 21
9 8
9 11
10 12
11 9
11 24
12 10
12 13
13 12
13 14
13 23
14 13
14 1
15 1
15 16
16 2
16 15
17 4
17 22
18 4
18 19
19 5
19 18
19 20
20 6
20 19
20 26
21 8
22 17
22 25
22 28
23 13
23 27
24 11
25 22
25 29
26 20
26 31
27 23
27 32
28 22
29 25
29 30
30 29
30 33
31 26
31 34
32 27
32 35
33 30
34 31
34 36
35 32
36 34
36 44
37 38
37 45
38 37
38 39
38 51
39 38
39 40
40 39
40 46
41 42
41 47
42 41
42 43
43 42
43 44
44 43
44 36
44 48
45 37
46 40
46 47
46 49
47 46
47 41
47 52
48 44
48 50
49 46
49 53
50 48
50 54
51 38
51 62
52 47
53 49
53 55
54 50
54 56
55 53
55 57
56 54
56 60
57 55
57 58
58 57
58 59
59 58
60 56
60 61
61 60
62 51
62 63
63 62
63 64
63 74
64 63
64 65
65 64
65 66
66 65
66 73
67 73
67 68
68 67
68 69
69 68
69 70
70 69
70 71
71 70
71 72
72 71
73 67
73 66
73 76
74 63
74 75
75 74
75 77
75 78
76 73
76 79
77 75
77 83
78 75
78 81
79 76
79 82
80 83
81 78
82 79
82 84
83 80
83 77
84 82
84 85
85 84
85 94
86 87
86 96
87 86
87 88
88 87
88 89
89 88
89 90
90 89
90 91
91 90
91 92
92 91
92 93
93 92
93 97
94 85
94 95
94 97
95 94
96 86
96 99
97 93
97 94
97 104
98 99
98 106
99 98
99 96
100 101
100 102
101 100
101 103
102 100
102 109
103 101
103 104
104 103
104 97
104 105
105 104
106 98
106 107
106 110
107 106
108 111
109 102
110 106
110 111
111 108
111 110
111 113
112 113
113 112
113 111
113 114
114 113
114 115
114 127
115 114
115 116
116 115
116 117
117 116
117 118
117 125
118 117
118 119
119 118
119 120
120 119
120 121
121 120
121 122
122 121
122 123
123 122
123 124
123 126
124 123
125 117
125 128
125 130
126 123
126 129
127 114
127 137
128 125
129 126
129 131
130 125
130 132
131 129
131 133
132 130
132 136
133 131
133 134
134 133
134 135
135 134
136 132
137 127
137 138
138 137
138 139
138 147
139 138
139 140
140 139
140 141
141 140
141 144
142 146
142 143
143 142
144 141
144 145
144 149
145 144
145 146
146 142
146 145
147 138
147 156
148 157
148 154
149 144
149 152
149 157
150 152
150 153
151 153
151 155
152 150
152 149
153 151
153 150
154 148
155 151
156 147
156 162
157 148
157 149
157 158
157 159
158 157
159 157
159 160
159 163
160 159
160 161
161 160
162 156
163 159
163 164
163 171
163 172
164 163
164 165
165 164
165 166
166 165
166 167
167 166
167 173
168 169
169 168
169 170
170 169
170 171
170 179
171 170
171 163
172 163
172 177
173 167
173 174
173 176
174 173
174 175
175 174
176 173
176 181
177 172
177 178
178 177
178 180
179 170
179 184
180 178
180 186
181 176
181 182
181 185
182 181
183 190
184 179
184 191
185 181
185 187
186 180
187 185
187 188
188 187
188 189
189 188
189 190
190 183
190 189
191 184
191 192
192 191
192 193
192 203
193 192
193 194
194 193
194 195
195 194
195 196
195 204
196 195
196 197
197 196
197 198
198 197
198 199
199 198
199 200
200 199
200 201
200 205
201 200
201 202
202 201
203 192
203 206
204 195
204 207
205 200
205 208
206 203
206 212
207 204
207 210
208 205
208 209
208 211
209 208
210 207
210 213
211 208
211 214
212 206
212 215
213 210
214 211
215 212
215 216
216 215
216 217
217 216
217 218
218 217
218 219
219 218
219 220
220 219
220 222
221 222
222 221
222 220
222 224
223 224
223 230
224 223
224 222
224 225
224 227
225 224
226 229
227 224
227 228
228 227
228 229
229 226
229 228
230 223
230 231
231 230
231 232
231 251
232 231
232 233
233 232
233 234
234 233
234 235
234 245
235 234
235 236
236 235
236 237
236 246
237 236
237 238
238 237
238 239
238 247
239 238
239 240
240 239
240 241
240 248
241 240
241 242
242 241
242 243
242 249
243 242
243 244
244 243
244 250
245 234
245 252
246 236
247 238
248 240
249 242
249 253
250 244
251 231
252 245
252 254
253 249
253 255
254 252
254 256
255 253
255 257
256 254
256 261
257 255
258 259
259 258
259 261
260 261
261 259
261 260
261 256
261 262
262 261
262 269
262 270
263 270
263 264
263 271
264 263
264 265
265 264
265 266
265 272
266 265
266 267
267 266
267 268
267 273
268 267
268 274
269 262
270 263
270 262
270 276
271 263
272 265
273 267
274 268
274 275
274 280
275 274
276 270
276 277
276 278
277 276
277 279
278 276
278 284
279 277
280 274
280 281
281 280
281 282
282 281
283 284
284 283
284 278
284 286
285 286
285 299
286 285
286 284
286 287
286 293
287 286
287 288
288 287
289 298
289 290
290 289
290 291
291 290
291 292
292 291
293 286
293 294
293 300
294 293
294 295
295 294
295 296
296 295
296 297
296 301
297 296
297 298
298 289
298 297
299 285
300 293
300 304
300 305
300 313
301 296
301 307
302 307
302 308
303 308
303 312
304 300
304 309
305 300
305 306
305 310
306 305
306 311
307 302
307 301
308 303
308 302
309 304
310 305
311 306
311 314
312 303
313 300
313 320
314 311
314 316
314 317
315 316
315 322
316 315
316 314
317 314
317 318
318 317
318 319
319 318
319 325
320 313
321 322
321 329
322 321
322 315
322 323
322 326
323 322
324 328
325 319
326 322
326 327
326 330
327 326
327 328
328 324
328 327
329 321
330 326
330 331
330 332
330 337
331 330
331 333
332 330
332 334
332 335
333 331
334 332
334 338
335 332
336 340
336 341
337 330
338 334
338 339
339 338
339 340
340 336
340 339
340 343
341 336
342 343
343 342
343 340

