0.5 0.9 0.1 0.1 1443 1479 0.775807
0.5 0.9 0.1 0.2 1457 1481.5 2.17909
0.5 0.9 0.1 0.3 1448 1491.1 3.09028
0.5 0.9 0.1 0.4 1454 1484.7 3.84012
0.5 0.9 0.1 0.5 1458 1491.3 3.83899
0.5 0.9 0.1 0.6 1439 1473.6 5.21698
0.5 0.9 0.1 0.7 1450 1487.9 5.89363
0.5 0.9 0.1 0.8 1433 1478.3 7.64171
0.5 0.9 0.1 0.9 1448 1490.7 7.21959
0.5 0.9 0.1 1 1440 1490.3 7.72738
0.5 0.9 0.2 0.1 1412 1458 1.82472
0.5 0.9 0.2 0.2 1404 1455.2 4.537
0.5 0.9 0.2 0.3 1439 1453.7 4.82778
0.5 0.9 0.2 0.4 1411 1451 7.64784
0.5 0.9 0.2 0.5 1429 1458.3 7.92184
0.5 0.9 0.2 0.6 1409 1453.8 9.74856
0.5 0.9 0.2 0.7 1411 1452.4 11.8624
0.5 0.9 0.2 0.8 1423 1456.2 13.7603
0.5 0.9 0.2 0.9 1423 1446.2 13.7231
0.5 0.9 0.2 1 1430 1455.2 16.4858
0.5 0.9 0.3 0.1 1414 1436.4 3.73253
0.5 0.9 0.3 0.2 1409 1428.5 5.88723
0.5 0.9 0.3 0.3 1394 1424 8.13417
0.5 0.9 0.3 0.4 1409 1430.9 9.37426
0.5 0.9 0.3 0.5 1403 1432.2 14.2754
0.5 0.9 0.3 0.6 1416 1432.3 15.4844
0.5 0.9 0.3 0.7 1401 1427.3 14.8248
0.5 0.9 0.3 0.8 1408 1431.7 15.3188
0.5 0.9 0.3 0.9 1410 1437.5 21.0231
0.5 0.9 0.3 1 1404 1432.8 23.78
0.5 0.9 0.4 0.1 1389 1414.6 3.44447
0.5 0.9 0.4 0.2 1408 1424.9 8.47271
0.5 0.9 0.4 0.3 1400 1415.6 11.7693
0.5 0.9 0.4 0.4 1399 1426.3 14.5219
0.5 0.9 0.4 0.5 1407 1421.8 14.4267
0.5 0.9 0.4 0.6 1393 1414.3 19.729
0.5 0.9 0.4 0.7 1402 1410.8 21.3697
