0.1 0.2 1433 1487.19 7.45972
292
282
281
280
275
274
273
268
267
266
272
265
264
271
263
256
254
252
245
234
235
236
237
246
247
248
253
257
255
249
250
244
243
242
241
240
239
238
229
226
221
220
213
210
207
204
196
197
198
199
205
208
211
214
209
200
201
202
187
188
189
190
183
175
174
173
176
182
181
185
177
178
186
180
170
171
172
163
164
165
166
167
161
155
151
153
150
145
146
142
143
135
134
133
131
129
126
124
123
122
121
120
119
118
109
102
100
101
103
104
105
97
94
95
85
84
82
79
76
67
68
69
70
71
72
61
60
56
54
50
48
36
24
11
9
8
21
7
6
20
5
19
18
22
17
4
3
2
16
15
1
14
13
12
10
23
27
32
35
33
30
29
25
28
26
31
34
44
43
42
41
40
39
38
37
45
51
49
46
47
52
59
58
53
55
57
62
63
64
65
66
73
78
77
75
74
80
83
81
92
93
91
90
89
88
87
86
96
99
98
107
106
110
111
108
112
113
127
114
115
116
117
125
128
130
136
132
137
138
139
140
141
144
149
152
160
159
157
158
154
148
147
156
162
168
169
179
184
191
195
194
193
192
203
206
212
215
216
217
218
219
222
225
224
228
227
223
230
233
232
231
251
258
259
261
260
269
262
270
276
277
279
278
284
283
299
313
320
309
304
300
305
293
285
286
287
288
294
295
306
310
315
316
324
328
327
326
323
322
321
329
337
330
331
333
334
332
335
339
338
342
343
340
336
341
325
319
318
317
314
311
301
296
297
307
302
308
303
312
298
289
290
291
