weight: 1883
vertices-order: 
1
15
16
2
3
4
18
19
20
26
31
34
36
44
48
50
54
56
60
61
43
42
41
47
52
46
49
53
55
57
58
59
40
39
38
51
62
63
74
75
78
81
77
83
80
64
65
66
73
76
79
82
84
85
94
97
104
105
103
101
100
102
109
93
92
91
90
89
88
87
86
96
99
98
106
110
111
113
114
127
137
138
147
156
162
139
140
141
144
149
157
159
163
172
177
178
180
186
171
170
179
184
191
192
203
206
212
215
216
217
218
219
220
222
224
227
228
229
226
225
223
230
231
251
232
233
234
245
252
254
256
261
262
270
276
278
284
286
293
300
313
320
305
310
306
311
314
317
318
319
325
316
315
322
326
330
337
332
335
334
338
339
340
343
342
336
341
331
333
327
328
324
323
321
329
304
309
294
295
296
301
307
302
308
303
312
297
298
289
290
291
292
287
288
285
299
283
277
279
263
271
264
265
272
266
267
273
268
274
280
281
282
275
269
260
259
258
235
236
246
237
238
247
239
240
248
241
242
249
253
255
257
243
244
250
221
193
194
195
204
207
210
213
196
197
198
199
200
205
208
211
214
209
201
202
169
168
164
165
166
167
173
176
181
185
187
188
189
190
183
182
174
175
160
161
158
148
154
152
150
153
151
155
145
146
142
143
115
116
117
125
130
132
136
128
118
119
120
121
122
123
126
129
131
133
134
135
124
112
108
107
95
67
68
69
70
71
72
37
45
6
7
8
21
9
11
24
5
17
22
28
25
29
30
33
14
13
23
27
32
35
12
10

