0.1 0.2 1455 1503.11 0.0746402
15
16
2
3
17
22
28
25
29
30
33
34
31
26
18
4
5
19
20
6
7
8
21
9
11
24
36
41
42
43
44
48
50
54
56
60
61
72
71
70
69
68
67
76
79
82
84
85
95
94
97
105
104
103
101
109
102
100
93
92
91
90
89
88
87
86
96
99
107
111
108
115
116
117
125
130
132
136
128
118
119
120
121
122
123
124
126
129
131
133
134
135
143
142
146
145
149
152
150
153
151
155
161
160
163
172
164
165
166
167
173
174
175
183
182
190
189
188
187
185
181
176
177
178
180
186
193
194
195
196
197
198
199
200
201
202
209
214
211
208
205
204
207
210
213
220
222
221
226
225
224
227
228
229
242
243
244
250
249
253
255
257
248
241
240
239
247
238
237
246
236
235
234
245
252
254
256
261
262
270
263
264
265
266
267
268
274
275
282
281
280
273
272
271
276
277
279
278
284
287
288
297
298
289
290
291
292
312
303
308
302
307
301
296
295
294
304
309
316
315
305
310
306
311
314
317
318
319
325
341
336
340
343
342
339
338
335
334
332
333
337
331
330
326
327
328
324
323
322
321
329
320
313
300
293
286
285
299
283
269
260
259
258
251
231
232
233
230
223
219
218
217
216
215
212
206
203
192
191
184
179
171
170
169
168
158
159
157
144
141
140
139
148
154
162
156
147
138
137
127
114
113
112
110
106
98
83
80
74
75
77
81
78
73
66
65
64
63
62
51
49
53
55
57
58
59
52
47
46
40
39
38
37
45
32
35
27
23
10
12
13
14
1
