0.5 0.95 0.4 0.1 1378 1395.24 4.97196
38
37
45
35
32
27
23
10
12
13
14
15
1
2
16
25
29
30
33
28
22
17
3
4
18
5
19
20
6
7
8
21
9
11
24
26
31
34
36
41
42
43
44
48
50
54
56
60
61
72
71
70
69
68
67
73
76
79
82
84
85
95
94
97
105
104
103
101
100
102
109
114
115
116
117
118
119
120
121
122
123
124
126
129
131
133
134
135
143
142
146
145
144
149
152
150
153
151
155
161
160
159
157
148
154
158
171
172
163
164
165
166
167
173
174
175
183
190
189
188
187
185
181
182
176
177
178
180
186
196
197
198
199
205
200
201
202
209
208
211
214
221
226
229
239
238
247
248
240
241
242
243
244
250
249
253
255
257
268
267
266
265
264
263
271
272
273
274
275
280
281
282
292
291
290
289
298
303
308
312
319
325
341
336
340
343
342
338
339
335
334
332
330
331
333
337
329
321
322
323
326
327
328
324
318
317
316
315
320
313
300
304
309
310
305
306
311
314
301
307
302
297
296
295
294
293
288
287
286
285
299
283
284
278
279
277
276
270
262
269
260
261
259
258
256
254
252
245
246
237
236
235
234
233
232
231
251
230
223
227
228
225
224
222
220
219
218
217
216
215
212
203
206
213
210
207
204
195
194
193
192
191
184
179
170
169
168
162
156
147
138
139
140
141
137
132
136
130
128
125
127
113
112
110
111
108
107
106
98
99
96
86
87
88
89
90
91
92
93
81
78
75
77
83
80
74
63
64
65
66
62
51
49
53
55
57
58
59
52
47
46
40
39
