mst-weight: 1179
improvements: 81
initial-cycle-weight: 1879
final-cycle-weight: 1444
35
32
27
23
10
12
13
14
1
15
16
2
3
4
5
6
7
8
21
9
11
24
36
34
31
26
20
19
18
17
22
28
25
29
30
33
40
39
38
55
57
58
59
53
49
46
47
52
41
42
43
44
48
50
54
56
60
61
72
71
70
69
68
67
73
66
65
64
75
78
76
79
82
84
85
95
94
97
105
104
103
101
100
102
109
115
116
117
125
130
132
136
128
118
119
120
121
122
123
124
126
129
131
133
134
135
143
142
146
145
155
151
153
150
152
149
144
141
140
139
148
154
158
157
159
160
161
175
174
182
183
190
189
188
187
185
181
176
173
167
166
165
164
163
172
177
178
180
186
193
194
195
196
197
198
199
200
201
202
209
214
211
208
205
204
207
210
213
217
218
219
220
221
222
225
224
227
228
229
226
243
244
250
257
255
253
249
242
241
248
240
239
247
238
237
246
236
235
234
233
232
245
252
254
256
261
262
270
271
263
264
265
272
266
267
268
273
274
275
282
281
280
279
277
276
278
284
288
297
298
289
290
291
292
312
303
308
302
307
301
296
295
294
305
310
306
311
314
317
318
319
325
341
336
340
343
342
339
338
335
334
332
333
331
330
337
329
321
322
323
326
327
328
324
316
315
304
309
320
313
300
293
287
286
285
299
283
269
260
259
258
251
231
230
223
216
215
212
206
203
192
191
184
179
171
170
169
168
162
156
147
138
137
127
114
113
112
110
111
108
107
106
98
99
96
86
87
88
89
90
91
92
93
81
77
83
80
74
63
62
51
37
45

improvements: 74
initial-cycle-weight: 1864
final-cycle-weight: 1458
85
95
94
97
105
104
103
101
100
102
109
108
111
113
114
115
116
117
125
130
132
136
128
118
119
120
121
122
123
124
126
129
131
133
134
135
143
142
146
145
155
151
153
150
152
149
144
141
140
139
148
154
158
157
159
160
161
175
174
182
183
190
189
188
187
185
181
176
173
167
166
165
164
163
172
177
178
180
186
193
194
195
196
197
198
199
200
201
202
209
214
211
208
205
204
207
210
213
217
218
219
220
221
222
225
224
227
228
229
226
243
244
250
257
255
253
249
242
241
248
240
239
247
238
237
246
236
235
234
233
232
245
252
254
256
261
262
270
271
263
264
265
272
266
267
268
273
274
275
282
281
280
279
277
276
278
284
288
297
298
289
290
291
292
312
303
308
302
307
301
296
295
294
305
310
306
311
314
317
318
319
325
341
336
340
343
342
339
338
335
334
332
333
331
330
337
329
321
322
323
326
327
328
324
316
315
304
309
320
313
300
293
287
286
285
299
283
269
260
259
258
251
231
230
223
216
215
212
206
203
192
191
184
179
171
170
169
168
162
156
147
138
137
127
112
110
106
107
98
99
96
86
87
88
89
90
91
92
93
84
82
79
76
73
66
65
64
63
74
75
78
81
77
83
80
62
51
45
37
38
39
40
46
49
53
55
47
41
34
31
26
20
19
18
17
22
28
25
29
30
33
35
32
27
23
10
12
13
14
1
15
16
2
3
4
5
6
7
8
21
9
11
24
36
42
43
44
48
50
54
56
61
60
52
59
58
57
67
68
69
70
71
72

improvements: 70
initial-cycle-weight: 1861
final-cycle-weight: 1477
229
228
227
224
225
222
221
213
210
207
204
205
208
211
214
209
202
201
200
199
198
197
196
186
180
178
177
172
171
163
164
165
166
167
173
176
181
185
187
188
189
190
183
182
174
175
161
160
159
158
157
149
152
150
153
151
155
143
142
146
145
144
141
140
139
138
137
127
114
115
116
117
125
130
132
136
128
126
129
131
133
134
135
124
123
122
121
120
119
118
109
102
100
101
103
104
105
94
95
85
72
71
70
69
68
67
59
58
57
55
53
49
46
47
52
60
61
56
54
50
48
44
43
42
41
36
24
11
9
21
8
7
6
5
4
3
2
16
15
1
14
13
12
10
23
27
32
35
33
30
29
25
28
22
17
18
19
20
26
31
34
40
39
38
37
45
51
62
80
83
77
81
78
75
74
63
64
65
66
73
76
79
82
84
97
93
92
91
90
89
88
87
86
96
99
98
107
106
110
111
108
113
112
147
148
154
156
162
168
169
170
179
184
191
195
194
193
192
203
206
212
215
216
217
218
219
220
223
230
231
251
258
259
260
269
283
299
285
293
300
313
320
309
304
315
316
324
328
327
326
323
322
321
329
337
330
331
333
332
334
335
338
339
342
343
340
336
341
325
319
318
317
314
311
306
310
305
294
295
296
301
307
302
308
303
312
292
291
290
289
298
297
288
287
286
284
278
276
277
279
280
281
282
275
274
273
268
267
266
272
265
264
263
271
270
262
261
256
254
252
245
232
233
234
235
236
246
237
238
247
239
240
248
241
242
249
253
255
257
250
244
243
226

improvements: 74
initial-cycle-weight: 1903
final-cycle-weight: 1449
313
320
315
316
324
328
327
326
323
322
321
329
337
330
331
333
332
334
335
338
339
342
343
340
336
341
325
319
318
317
314
311
306
310
305
309
304
300
293
294
295
296
301
307
302
308
303
312
297
298
289
290
291
292
282
281
280
275
274
273
268
267
266
272
265
264
271
263
260
261
256
254
252
245
234
235
236
246
237
238
247
239
240
248
241
242
249
253
255
257
250
244
243
229
226
221
213
210
207
204
205
208
211
214
209
202
201
200
199
198
197
196
186
180
178
177
172
171
163
164
165
166
167
173
176
181
185
187
188
189
190
183
182
174
175
161
160
159
158
157
149
152
150
153
151
155
143
142
146
145
144
141
140
139
138
137
127
114
115
116
117
125
130
132
136
128
126
129
131
133
134
135
124
123
122
121
120
119
118
109
102
100
101
103
104
105
94
95
85
72
71
70
69
68
67
59
58
57
55
53
49
46
47
52
60
61
56
54
50
48
44
43
42
41
36
24
11
9
21
8
7
6
5
4
3
2
16
15
1
14
13
12
10
23
27
32
35
33
30
29
25
28
22
17
18
19
20
26
31
34
40
39
38
37
45
51
62
80
83
77
81
78
75
74
63
64
65
66
73
76
79
82
84
97
93
92
91
90
89
88
87
86
96
99
98
107
106
110
111
108
113
112
147
148
154
156
162
168
169
170
179
184
191
195
194
193
192
203
206
212
215
216
217
218
219
220
222
225
228
227
224
223
230
233
232
231
251
258
259
269
262
270
276
277
279
278
283
284
288
287
286
285
299

improvements: 69
initial-cycle-weight: 1889
final-cycle-weight: 1459
320
313
299
285
286
287
288
284
283
278
279
277
276
270
262
269
259
258
251
231
232
233
230
223
224
227
228
225
222
220
219
218
217
216
215
212
206
203
192
193
194
191
184
179
171
170
169
168
162
156
154
148
147
112
113
108
111
110
106
107
98
99
96
86
87
88
89
90
91
92
93
97
84
82
79
76
73
66
65
64
63
74
75
78
81
77
83
80
62
51
45
37
38
39
40
46
49
53
55
47
41
34
31
26
20
19
18
17
22
28
25
29
30
33
35
32
27
23
10
12
13
14
1
15
16
2
3
4
5
6
7
8
21
9
11
24
36
42
43
44
48
50
54
56
61
60
52
59
58
57
67
68
69
70
71
72
85
95
94
105
104
103
101
100
102
109
118
119
120
121
122
123
124
135
134
133
131
129
126
128
136
132
130
125
117
116
115
114
127
137
138
139
140
141
144
145
146
142
143
155
151
153
150
152
149
157
158
159
160
161
175
174
182
183
190
189
188
187
185
181
176
173
167
166
165
164
163
172
177
178
180
186
195
196
197
198
199
200
201
202
209
214
211
208
205
204
207
210
213
221
226
229
243
244
250
257
255
253
249
242
241
248
240
239
247
238
237
246
236
235
234
245
252
254
256
261
260
263
271
264
265
272
266
267
268
273
274
275
280
281
282
292
291
290
289
298
297
312
303
308
302
307
301
296
295
294
293
300
304
309
310
305
306
311
315
316
314
317
318
319
325
341
336
340
343
342
339
338
335
332
334
333
331
337
330
326
327
328
324
323
322
321
329

improvements: 81
initial-cycle-weight: 1894
final-cycle-weight: 1455
226
229
243
244
250
257
255
253
249
242
241
248
240
239
247
238
237
246
236
235
234
233
232
245
252
254
256
261
262
270
278
279
277
276
271
263
264
265
272
266
267
268
273
274
275
280
281
282
292
291
290
289
298
297
312
303
308
302
307
301
296
295
294
305
310
306
311
314
317
318
319
325
341
336
340
343
342
339
338
335
334
332
333
331
330
337
329
321
322
323
326
327
328
324
316
315
304
309
320
313
300
293
299
285
286
287
288
284
283
269
260
259
258
251
231
230
223
224
227
228
225
222
220
219
218
217
216
215
212
206
203
192
193
194
195
191
184
179
170
169
168
162
156
154
148
147
112
113
108
111
110
106
107
98
99
96
86
87
88
89
90
91
92
93
97
84
82
79
76
73
66
65
64
63
74
75
78
81
77
83
80
62
51
40
39
38
37
45
35
32
27
23
10
12
13
14
1
15
16
2
3
4
5
6
7
8
21
9
11
24
36
34
31
26
20
19
18
17
22
28
25
29
30
33
41
42
43
44
48
50
54
56
61
60
52
47
46
49
53
55
57
58
59
67
68
69
70
71
72
85
95
94
105
104
103
101
100
102
109
118
119
120
121
122
123
124
135
134
133
131
129
126
128
136
132
130
125
117
116
115
114
127
137
138
139
140
141
144
145
146
142
143
155
151
153
150
152
149
157
158
159
160
161
175
174
182
183
190
189
188
187
185
181
176
173
167
166
165
164
163
171
172
177
178
180
186
196
197
198
199
200
201
202
209
214
211
208
205
204
207
210
213
221

improvements: 74
initial-cycle-weight: 1884
final-cycle-weight: 1440
51
62
63
74
80
83
77
81
93
92
91
90
89
88
87
86
96
99
98
106
107
108
111
110
112
113
114
127
137
138
147
156
162
168
169
170
171
179
184
191
192
203
206
212
215
216
217
218
219
220
223
230
231
251
258
259
260
269
283
299
285
293
300
313
320
309
304
315
316
324
328
327
326
323
322
321
329
337
330
331
333
332
334
335
338
339
342
343
340
336
341
325
319
318
317
314
311
306
310
305
294
295
296
301
307
302
308
303
312
292
291
290
289
298
297
288
287
286
284
278
276
277
279
280
281
282
275
274
273
268
267
266
272
265
264
263
271
270
262
261
256
254
252
245
232
233
234
235
236
246
237
238
247
239
240
248
241
242
249
253
255
257
250
244
243
226
229
228
227
224
225
222
221
213
210
207
204
205
208
211
214
209
202
201
200
199
198
197
196
195
194
193
186
180
178
177
172
163
164
165
166
167
173
176
181
185
187
188
189
190
183
182
174
175
161
160
159
157
158
154
148
139
140
141
144
149
152
150
153
151
155
145
146
142
143
135
134
133
131
129
126
124
123
122
121
120
119
118
128
136
132
130
125
117
116
115
109
102
100
101
103
104
105
97
94
95
85
84
82
79
76
78
75
64
65
66
73
67
68
69
70
71
72
61
60
56
54
50
48
44
36
24
11
9
21
8
7
6
5
4
3
2
16
15
1
14
13
12
10
23
27
32
35
33
30
29
25
28
22
17
18
19
20
26
31
34
43
42
41
47
52
59
58
57
55
53
49
46
40
39
38
37
45

improvements: 73
initial-cycle-weight: 1864
final-cycle-weight: 1453
137
138
147
156
162
168
169
170
171
179
184
191
192
203
206
212
215
216
217
218
219
220
223
230
231
251
258
259
260
269
283
284
288
287
286
285
299
293
300
313
320
309
304
315
316
324
328
327
326
323
322
321
329
337
333
331
330
332
334
335
338
339
342
343
340
336
341
325
319
318
317
314
311
306
310
305
294
295
296
301
307
302
308
303
312
297
298
289
290
291
292
282
281
280
275
274
273
268
267
266
272
265
264
263
271
277
279
278
276
270
262
261
256
254
252
245
232
233
234
235
236
246
237
238
247
239
240
248
241
242
249
253
255
257
250
244
243
226
229
228
227
224
225
222
221
213
210
207
204
205
208
211
214
209
202
201
200
199
198
197
196
195
194
193
186
180
178
177
172
163
164
165
166
167
173
176
181
185
187
188
189
190
183
182
174
175
161
160
159
157
158
154
148
139
140
141
144
149
152
150
153
151
155
145
146
142
143
135
134
133
131
129
126
124
123
122
121
120
119
118
117
128
136
132
130
125
127
116
115
114
113
111
108
109
102
100
101
103
104
105
94
95
85
72
71
70
69
68
67
57
58
59
52
47
41
42
43
44
50
54
56
60
61
48
36
24
11
9
21
8
7
6
5
19
20
26
31
34
33
30
29
25
28
22
17
18
4
3
2
16
15
1
14
13
12
10
23
27
32
35
45
37
38
39
40
46
49
53
55
51
62
80
83
77
81
78
75
74
63
64
65
66
73
76
79
82
84
97
93
92
91
90
89
88
87
86
96
99
98
107
106
110
112

improvements: 81
initial-cycle-weight: 1887
final-cycle-weight: 1436
51
62
74
80
83
77
81
78
75
63
64
65
66
73
76
79
82
84
93
92
91
90
89
88
87
86
96
99
98
106
107
108
111
110
112
113
114
127
137
138
147
156
162
168
169
170
171
179
184
191
192
203
206
212
215
216
217
218
219
220
223
230
231
251
258
259
260
269
283
284
288
287
286
285
299
293
300
313
320
309
304
315
316
324
328
327
326
323
322
321
329
337
333
331
330
332
334
335
338
339
342
343
340
336
341
325
319
318
317
314
311
306
310
305
294
295
296
301
307
302
308
303
312
297
298
289
290
291
292
282
281
280
275
274
273
268
267
266
272
265
264
263
271
277
279
278
276
270
262
261
256
254
252
245
232
233
234
235
236
246
237
238
247
239
240
248
241
242
249
253
255
257
250
244
243
226
229
228
227
224
225
222
221
213
210
207
204
205
208
211
214
209
202
201
200
199
198
197
196
195
194
193
186
180
178
177
172
163
164
165
166
167
173
176
181
185
187
188
189
190
183
182
174
175
161
160
159
157
158
154
148
139
140
141
144
149
152
150
153
151
155
145
146
142
143
135
134
133
131
129
126
124
123
122
121
120
119
118
128
136
132
130
125
117
116
115
109
102
100
101
103
104
105
97
94
95
85
72
71
70
69
68
67
57
58
59
52
60
61
56
54
50
48
44
43
42
36
24
11
9
21
8
7
6
5
4
3
2
16
15
1
14
13
12
10
23
27
32
35
33
30
29
25
28
22
17
18
19
20
26
31
34
41
47
55
53
49
46
40
39
38
37
45

improvements: 83
initial-cycle-weight: 1878
final-cycle-weight: 1437
36
48
50
54
56
60
61
72
71
70
69
68
67
73
66
65
64
75
78
76
79
82
84
85
95
94
97
105
104
103
101
100
102
109
115
116
117
125
130
132
136
128
118
119
120
121
122
123
124
126
129
131
133
134
135
143
142
146
145
155
151
153
150
152
149
144
141
140
139
148
154
158
157
159
160
161
175
174
182
183
190
189
188
187
185
181
176
173
167
166
165
164
163
172
177
178
180
186
193
194
195
196
197
198
199
200
201
202
209
214
211
208
205
204
207
210
213
217
218
219
220
221
222
225
224
227
228
229
226
243
244
250
257
255
253
249
242
241
248
240
239
247
238
237
246
236
235
234
233
232
245
252
254
256
261
262
270
271
263
264
265
272
266
267
268
273
274
275
282
281
280
279
277
276
278
284
288
297
298
289
290
291
292
312
303
308
302
307
301
296
295
294
305
310
306
311
314
317
318
319
325
341
336
340
343
342
339
338
335
334
332
333
331
330
337
329
321
322
323
326
327
328
324
316
315
304
309
320
313
300
293
287
286
285
299
283
269
260
259
258
251
231
230
223
216
215
212
206
203
192
191
184
179
171
170
169
168
162
156
147
138
137
127
114
113
112
110
111
108
107
106
98
99
96
86
87
88
89
90
91
92
93
81
77
83
80
74
63
62
51
45
37
38
39
40
46
49
53
55
57
58
59
52
47
41
42
43
44
34
31
26
20
19
18
17
22
28
25
29
30
33
35
32
27
23
10
12
13
14
1
15
16
2
3
4
5
6
7
8
21
9
11
24

improvements: 75
initial-cycle-weight: 1894
final-cycle-weight: 1439
32
35
45
37
38
39
40
51
62
63
74
80
83
77
81
78
75
64
65
66
73
76
79
82
84
93
92
91
90
89
88
87
86
96
99
98
106
107
108
111
110
112
113
114
127
137
138
147
156
162
168
169
170
171
179
184
191
192
203
206
212
215
216
217
218
219
220
223
230
231
251
258
259
260
269
283
284
288
287
286
285
299
293
300
313
320
309
304
315
316
324
328
327
326
323
322
321
329
337
333
331
330
332
334
335
338
339
342
343
340
336
341
325
319
318
317
314
311
306
310
305
294
295
296
301
307
302
308
303
312
297
298
289
290
291
292
282
281
280
275
274
273
268
267
266
272
265
264
263
271
277
279
278
276
270
262
261
256
254
252
245
232
233
234
235
236
246
237
238
247
239
240
248
241
242
249
253
255
257
250
244
243
226
229
228
227
224
225
222
221
213
210
207
204
205
208
211
214
209
202
201
200
199
198
197
196
195
194
193
186
180
178
177
172
163
164
165
166
167
173
176
181
185
187
188
189
190
183
182
174
175
161
160
159
157
158
154
148
139
140
141
144
149
152
150
153
151
155
145
146
142
143
135
134
133
131
129
126
124
123
122
121
120
119
118
128
136
132
130
125
117
116
115
109
102
100
101
103
104
105
97
94
95
85
72
71
70
69
68
67
59
58
57
55
53
49
46
47
52
41
42
43
56
60
61
54
50
48
44
36
34
31
26
24
11
9
21
8
7
6
20
19
5
18
4
17
22
28
25
29
30
33
27
23
13
14
15
16
3
2
1
12
10

improvements: 75
initial-cycle-weight: 1890
final-cycle-weight: 1449
313
320
315
316
324
328
327
326
323
322
321
329
337
333
331
330
332
334
335
338
339
342
343
340
336
341
325
319
318
317
314
311
306
305
310
309
304
300
293
294
295
296
301
307
302
308
303
312
297
298
289
290
291
292
282
281
280
275
274
273
268
267
266
272
265
264
271
263
260
261
256
254
252
245
234
235
236
246
237
238
247
239
240
248
241
242
249
253
255
257
250
244
243
229
226
221
213
210
207
204
205
208
211
214
209
202
201
200
199
198
197
196
186
180
178
177
172
171
163
164
165
166
167
173
176
181
185
187
188
189
190
183
182
174
175
161
160
159
158
157
149
152
150
153
151
155
143
142
146
145
144
141
140
139
138
137
127
114
115
116
117
125
130
132
136
128
126
129
131
133
134
135
124
123
122
121
120
119
118
109
102
100
101
103
104
105
94
95
85
72
71
70
69
68
67
59
58
57
55
53
49
46
47
52
60
61
56
54
50
48
44
43
42
41
36
24
11
9
21
8
7
6
5
4
3
2
16
15
1
14
13
12
10
23
27
32
35
33
30
29
25
28
22
17
18
19
20
26
31
34
40
39
38
37
45
51
62
80
83
77
81
78
75
74
63
64
65
66
73
76
79
82
84
97
93
92
91
90
89
88
87
86
96
99
98
107
106
110
111
108
113
112
147
148
154
156
162
168
169
170
179
184
191
195
194
193
192
203
206
212
215
216
217
218
219
220
222
225
228
227
224
223
230
233
232
231
251
258
259
269
262
270
276
277
279
278
283
284
288
287
286
285
299

improvements: 72
initial-cycle-weight: 1867
final-cycle-weight: 1476
147
156
162
168
169
170
171
179
184
191
192
203
206
212
215
216
217
218
219
220
223
230
231
251
258
259
260
269
283
299
285
293
300
313
320
309
304
315
316
324
328
327
326
323
322
321
329
337
333
331
330
332
334
335
338
339
342
343
340
336
341
325
319
318
317
314
311
306
310
305
294
295
296
301
307
302
308
303
312
292
291
290
289
298
297
288
287
286
284
278
276
277
279
280
281
282
275
274
273
268
267
266
272
265
264
263
271
270
262
261
256
254
252
245
232
233
234
235
236
246
237
238
247
239
240
248
241
242
249
253
255
257
250
244
243
226
229
228
227
224
225
222
221
213
210
207
204
205
208
211
214
209
202
201
200
199
198
197
196
195
194
193
186
180
178
177
172
163
164
165
166
167
173
176
181
185
187
188
189
190
183
182
174
175
161
160
159
158
154
148
157
149
152
150
153
151
155
143
142
146
145
144
141
140
139
138
137
127
114
115
116
117
125
130
132
136
128
126
129
131
133
134
135
124
123
122
121
120
119
118
109
102
100
101
103
104
105
94
95
85
72
71
70
69
68
67
59
58
57
55
53
49
46
47
52
60
61
56
54
50
48
44
43
42
41
36
24
11
9
21
8
7
6
5
4
3
2
16
15
1
14
13
12
10
23
27
32
35
33
30
29
25
28
22
17
18
19
20
26
31
34
40
39
38
37
45
51
62
80
83
77
81
78
75
74
63
64
65
66
73
76
79
82
84
97
93
92
91
90
89
88
87
86
96
99
98
107
106
110
111
108
113
112

improvements: 70
initial-cycle-weight: 1885
final-cycle-weight: 1449
337
330
331
333
332
334
335
338
339
342
343
340
336
341
325
319
318
317
314
311
306
305
310
309
304
300
293
294
295
296
301
307
302
308
303
312
297
298
289
290
291
292
282
281
280
275
274
273
268
267
266
272
265
264
271
263
260
261
256
254
252
245
234
235
236
246
237
238
247
239
240
248
241
242
249
253
255
257
250
244
243
229
226
221
213
210
207
204
205
208
211
214
209
202
201
200
199
198
197
196
186
180
178
177
172
171
163
164
165
166
167
173
176
181
185
187
188
189
190
183
182
174
175
161
160
159
158
157
149
152
150
153
151
155
143
142
146
145
144
141
140
139
138
137
127
114
115
116
117
125
130
132
136
128
126
129
131
133
134
135
124
123
122
121
120
119
118
109
102
100
101
103
104
105
94
95
85
72
71
70
69
68
67
59
58
57
55
53
49
46
47
52
60
61
56
54
50
48
44
43
42
41
36
24
11
9
21
8
7
6
5
4
3
2
16
15
1
14
13
12
10
23
27
32
35
33
30
29
25
28
22
17
18
19
20
26
31
34
40
39
38
37
45
51
62
80
83
77
81
78
75
74
63
64
65
66
73
76
79
82
84
97
93
92
91
90
89
88
87
86
96
99
98
107
106
110
111
108
113
112
147
148
154
156
162
168
169
170
179
184
191
195
194
193
192
203
206
212
215
216
217
218
219
220
222
225
228
227
224
223
230
233
232
231
251
258
259
269
262
270
276
277
279
278
283
284
288
287
286
285
299
313
320
315
316
324
328
327
326
323
322
321
329

improvements: 81
initial-cycle-weight: 1895
final-cycle-weight: 1450
226
229
243
244
250
257
255
253
249
242
241
248
240
239
247
238
237
246
236
235
234
245
252
254
256
261
262
270
278
279
277
276
271
263
264
265
272
266
267
268
273
274
275
280
281
282
292
291
290
289
298
297
312
303
308
302
307
301
296
295
294
305
310
306
311
314
317
318
319
325
341
336
340
343
342
339
338
335
334
332
333
331
330
337
329
321
322
323
326
327
328
324
316
315
304
309
320
313
300
293
299
285
286
287
288
284
283
269
260
259
258
251
231
232
233
230
223
224
227
228
225
222
220
219
218
217
216
215
212
206
203
192
193
194
195
191
184
179
170
169
168
162
156
154
148
147
112
113
108
111
110
106
107
98
99
96
86
87
88
89
90
91
92
93
97
84
82
79
76
73
66
65
64
63
74
75
78
81
77
83
80
62
51
40
39
38
37
45
35
32
27
23
10
12
13
14
1
15
16
2
3
4
5
6
7
8
21
9
11
24
36
34
31
26
20
19
18
17
22
28
25
29
30
33
41
42
43
44
48
50
54
56
61
60
52
47
46
49
53
55
57
58
59
67
68
69
70
71
72
85
95
94
105
104
103
101
100
102
109
118
119
120
121
122
123
124
135
134
133
131
129
126
128
136
132
130
125
117
116
115
114
127
137
138
139
140
141
144
145
146
142
143
155
151
153
150
152
149
157
158
159
160
161
175
174
182
183
190
189
188
187
185
181
176
173
167
166
165
164
163
171
172
177
178
180
186
196
197
198
199
200
201
202
209
214
211
208
205
204
207
210
213
221

improvements: 78
initial-cycle-weight: 1839
final-cycle-weight: 1440
118
119
120
121
122
123
124
126
129
131
133
134
135
143
142
146
145
155
151
153
150
152
149
144
141
140
139
148
154
158
157
159
160
161
175
174
182
183
190
189
188
187
185
181
176
173
167
166
165
164
163
172
177
178
180
186
193
194
195
196
197
198
199
200
201
202
209
214
211
208
205
204
207
210
213
217
218
219
220
221
222
225
224
227
228
229
226
243
244
250
257
255
253
249
242
241
248
240
239
247
238
237
246
236
235
234
233
232
245
252
254
256
261
262
270
271
263
264
265
272
266
267
268
273
274
275
282
281
280
279
277
276
278
284
288
297
298
289
290
291
292
312
303
308
302
307
301
296
295
294
305
310
306
311
314
317
318
319
325
341
336
340
343
342
339
338
335
334
332
333
331
330
337
329
321
322
323
326
327
328
324
316
315
304
309
320
313
300
293
287
286
285
299
283
269
260
259
258
251
231
230
223
216
215
212
206
203
192
191
184
179
171
170
169
168
162
156
147
138
137
127
130
132
136
128
125
117
116
115
114
113
112
110
111
108
107
106
98
99
96
86
87
88
89
90
91
92
93
84
82
79
76
73
66
65
64
63
74
75
78
81
77
83
80
62
51
40
39
38
37
45
35
32
27
23
10
12
13
14
1
15
16
2
3
4
5
6
7
8
21
9
11
24
36
34
31
26
20
19
18
17
22
28
25
29
30
33
41
42
43
44
48
50
54
56
61
60
52
47
46
49
53
55
57
58
59
67
68
69
70
71
72
85
95
94
97
105
104
103
101
100
102
109

improvements: 76
initial-cycle-weight: 1892
final-cycle-weight: 1450
23
32
35
27
25
22
28
29
30
33
40
39
38
37
45
51
62
63
74
80
83
77
81
78
75
64
65
66
73
76
79
82
84
93
92
91
90
89
88
87
86
96
99
98
106
107
108
111
110
112
113
114
127
137
138
147
156
162
168
169
170
171
179
184
191
192
203
206
212
215
216
217
218
219
220
223
230
231
251
258
259
260
269
283
299
285
293
300
313
320
309
304
315
316
324
328
327
326
323
322
321
329
337
330
331
333
332
334
335
338
339
342
343
340
336
341
325
319
318
317
314
311
306
310
305
294
295
296
301
307
302
308
303
312
292
291
290
289
298
297
288
287
286
284
278
276
277
279
280
281
282
275
274
273
268
267
266
272
265
264
263
271
270
262
261
256
254
252
245
232
233
234
235
236
246
237
238
247
239
240
248
241
242
249
253
255
257
250
244
243
226
229
228
227
224
225
222
221
213
210
207
204
205
208
211
214
209
202
201
200
199
198
197
196
195
194
193
186
180
178
177
172
163
164
165
166
167
173
176
181
185
187
188
189
190
183
182
174
175
161
160
159
157
158
154
148
139
140
141
144
149
152
150
153
151
155
145
146
142
143
135
134
133
131
129
126
124
123
122
121
120
119
118
128
136
132
130
125
117
116
115
109
102
100
101
103
104
105
97
94
95
85
72
71
70
69
68
67
59
58
57
55
53
49
46
47
52
41
42
43
56
60
61
54
50
48
44
36
34
31
26
24
11
9
21
8
7
6
20
5
19
18
17
4
3
2
16
15
1
14
13
12
10

improvements: 78
initial-cycle-weight: 1870
final-cycle-weight: 1444
136
132
130
128
126
129
131
133
134
135
124
123
122
121
120
119
118
109
102
100
101
103
104
105
94
95
85
72
71
70
69
68
67
57
58
59
52
47
41
42
43
44
50
54
56
60
61
48
36
24
11
9
21
8
7
6
5
19
20
26
31
34
33
30
29
25
28
22
17
18
4
3
2
16
15
1
14
13
12
10
23
27
32
35
45
37
38
39
40
46
49
53
55
51
62
80
83
77
81
78
75
74
63
64
65
66
73
76
79
82
84
97
93
92
91
90
89
88
87
86
96
99
98
107
106
110
111
108
112
113
114
115
116
117
125
127
137
141
140
139
138
147
156
162
154
148
158
157
159
163
172
171
170
169
168
179
184
191
192
203
206
212
215
216
217
218
219
220
223
230
231
251
258
259
260
269
283
284
288
287
286
285
299
293
300
313
320
309
304
315
316
324
328
327
326
323
322
321
329
337
330
331
333
332
334
335
338
339
342
343
340
336
341
325
319
318
317
314
311
306
310
305
294
295
296
301
307
302
308
303
312
297
298
289
290
291
292
282
281
280
275
274
273
268
267
266
272
265
264
263
271
277
279
278
276
270
262
261
256
254
252
245
232
233
234
235
236
246
237
238
247
239
240
248
241
242
249
253
255
257
250
244
243
226
229
228
227
224
225
222
221
213
210
207
204
205
208
211
214
209
202
201
200
199
198
197
196
195
194
193
186
180
178
177
176
181
185
187
188
189
190
182
183
175
174
173
167
166
165
164
160
161
155
151
153
150
152
149
144
145
146
142
143

