0.1 0.2 1474 1535.71 0.130898
51
62
63
64
65
66
74
80
83
81
77
75
78
73
67
68
69
70
76
79
82
93
92
91
90
89
88
87
101
100
102
108
111
107
86
96
99
98
106
110
112
113
114
115
127
137
125
130
132
136
145
153
150
152
149
144
141
140
139
138
147
148
157
160
159
158
154
156
162
168
169
170
179
184
191
192
203
206
212
215
210
213
216
217
218
219
220
222
225
224
223
230
234
233
232
231
251
245
252
254
256
261
260
259
258
269
262
270
263
264
265
271
276
277
279
278
284
283
285
286
287
288
295
294
293
299
313
320
309
304
300
305
310
306
311
314
315
316
317
324
328
327
326
323
322
321
329
337
333
331
330
332
334
335
338
339
342
343
340
336
341
325
318
319
312
303
308
302
307
301
296
297
298
289
290
291
292
282
281
280
275
274
268
273
272
266
267
257
255
253
249
250
244
243
242
241
248
240
239
247
238
237
246
236
235
227
228
229
226
221
214
211
208
207
204
193
194
195
196
197
198
199
205
209
200
201
202
190
189
188
187
185
181
182
183
175
174
173
167
176
186
180
178
177
172
171
163
164
165
166
161
155
151
146
142
143
135
134
133
131
129
128
126
123
124
122
121
120
119
118
117
116
109
103
104
105
97
94
95
85
84
71
72
61
60
56
54
50
48
36
44
43
42
41
52
58
59
57
55
53
49
47
46
40
33
30
29
25
22
28
34
31
26
21
24
11
9
8
7
6
20
5
19
18
4
17
3
2
16
15
1
14
13
12
10
23
27
32
35
45
37
38
39
