0.1 0.2 1428 1454.04 2.07794
36
48
50
54
56
60
61
72
71
70
69
68
67
73
76
79
82
84
85
95
94
97
105
104
103
101
100
102
109
115
116
117
125
130
132
136
128
118
119
120
121
122
123
124
126
129
131
133
134
135
143
142
146
145
155
151
153
150
152
149
144
141
140
139
148
154
158
157
159
160
161
175
174
182
183
190
189
188
187
185
181
176
173
167
166
165
164
163
172
177
178
180
186
193
194
195
196
197
198
199
200
201
202
209
214
211
208
205
204
207
210
213
217
218
219
220
221
222
225
224
227
228
229
226
243
244
250
257
255
253
249
242
241
248
240
239
247
238
237
246
236
235
234
233
232
245
252
254
256
261
262
270
278
279
277
276
271
263
264
265
272
266
267
268
273
274
275
280
281
282
292
291
290
289
298
297
312
303
308
302
307
301
296
295
294
305
310
306
311
314
317
318
319
325
341
336
340
343
342
339
338
335
334
332
333
331
330
337
329
321
322
323
326
327
328
324
316
315
304
309
320
313
300
293
299
285
286
287
288
284
283
269
260
259
258
251
231
230
223
216
215
212
206
203
192
191
184
179
171
170
169
168
162
156
147
138
137
127
114
113
112
110
111
108
107
106
98
99
96
86
87
88
89
90
91
92
93
83
80
77
81
78
75
74
63
64
65
66
62
51
45
37
38
39
40
46
49
53
55
57
58
59
52
47
41
42
43
44
34
31
26
20
19
18
17
22
28
33
30
29
25
16
15
14
13
23
27
35
32
10
12
1
2
3
4
5
6
7
8
21
9
11
24
