0.1 0.2 3768 3909.11 62.373
38
15
14
37
57
53
36
13
12
11
35
10
34
52
33
9
8
32
7
31
51
30
5
29
4
28
50
27
3
26
25
19
6
58
59
67
76
70
80
93
94
95
96
97
98
99
71
81
86
72
82
87
73
74
65
62
66
75
83
84
77
113
112
111
110
109
108
107
106
105
104
103
118
124
125
136
143
135
134
142
159
160
173
169
161
162
170
204
203
202
201
200
206
199
198
197
196
195
194
193
219
218
217
191
192
168
157
141
102
101
100
156
167
172
189
190
216
233
246
244
232
243
224
242
231
223
213
214
215
188
187
186
185
184
183
166
155
182
212
211
181
180
165
154
130
121
126
123
144
140
158
163
151
179
178
177
220
245
221
239
240
229
222
230
241
256
257
282
281
280
279
278
277
276
275
274
286
302
327
333
349
352
362
363
361
391
395
426
404
422
423
410
405
392
364
365
366
367
368
369
370
393
371
372
373
374
375
376
377
348
356
350
378
412
428
427
408
425
407
406
411
424
450
449
448
467
481
490
501
515
545
546
530
516
502
468
455
491
503
517
469
456
457
458
470
459
460
461
471
482
492
504
519
526
505
520
493
483
472
474
484
494
506
521
554
553
552
551
550
549
548
547
589
588
587
586
629
614
627
620
608
583
585
584
582
607
581
580
579
578
577
606
605
613
618
624
635
633
623
604
574
575
576
544
543
542
541
540
539
538
514
500
489
480
466
465
479
488
499
513
525
512
498
487
478
464
473
518
527
529
535
536
537
573
572
571
570
569
568
567
596
628
640
641
642
643
657
656
655
654
653
652
685
694
707
720
727
728
729
730
731
748
749
789
750
751
752
753
754
791
790
807
811
818
817
810
806
788
787
802
801
821
825
837
838
828
850
851
852
883
882
881
878
899
929
937
909
923
940
944
945
946
924
910
905
884
853
854
855
856
857
858
859
860
861
862
863
892
891
890
889
888
887
886
885
911
925
947
948
949
926
912
913
927
914
928
965
954
953
952
951
950
979
980
981
1014
1013
1012
1011
1010
1009
1008
978
977
976
975
974
973
972
971
1001
1020
1042
1044
1060
1045
1033
1024
1022
1004
1005
1006
1007
1025
1034
1048
1071
1049
1050
1051
1052
1035
1026
1036
1027
1037
1055
1054
1053
1072
1073
1063
1059
1058
1057
1056
1038
1028
1015
1016
982
983
984
1017
1018
1019
985
986
987
988
989
990
991
992
993
994
995
996
1029
1040
1039
1023
1067
1066
1065
1064
1074
1075
1076
1077
1078
1079
1080
1081
1062
1068
1082
1069
1041
1030
999
998
997
967
964
963
962
961
934
918
933
906
932
917
916
931
966
960
959
958
957
956
955
930
915
894
893
864
865
866
895
896
897
898
867
868
869
870
871
872
900
901
873
874
902
903
919
935
907
920
1000
968
1002
1021
1031
1043
1061
1046
1083
1070
1047
1032
1003
969
970
943
939
938
936
922
908
904
942
941
921
880
879
849
877
876
875
839
827
815
809
826
814
824
848
847
846
845
823
844
843
842
841
840
822
808
836
835
834
833
832
831
830
829
819
812
793
792
755
756
757
758
794
795
796
813
820
797
798
799
800
764
765
763
762
761
760
759
736
737
738
739
725
726
708
706
705
735
734
733
732
719
714
704
693
658
659
660
661
662
663
664
665
666
667
668
669
644
625
619
626
636
637
670
671
672
673
674
675
676
678
677
645
646
647
679
680
681
682
683
684
710
699
709
698
743
742
741
740
766
767
768
769
770
771
772
773
774
775
776
777
778
779
780
781
782
803
804
783
784
785
744
805
816
786
745
746
747
724
718
717
703
700
716
715
722
721
713
702
723
712
701
711
695
686
687
688
648
696
697
689
690
691
692
651
650
649
639
622
603
566
565
564
602
563
562
612
601
600
611
599
598
597
610
609
617
621
632
638
634
631
616
630
615
590
591
592
593
594
595
555
556
557
558
559
560
561
531
532
533
510
528
534
511
497
477
454
463
453
452
462
476
486
496
509
524
523
508
522
507
495
485
475
440
439
438
436
430
414
429
413
394
379
380
396
397
381
382
398
399
400
401
383
384
385
386
389
388
387
403
402
419
435
434
418
417
433
416
432
415
431
441
442
443
444
445
446
447
451
437
421
420
409
390
358
359
360
337
334
338
335
326
317
313
312
311
310
305
301
300
304
273
303
316
325
324
272
271
299
298
314
315
357
345
351
344
343
293
292
291
290
289
288
287
323
285
322
332
321
331
347
346
342
330
320
336
319
329
341
340
339
355
354
353
328
318
306
307
308
309
283
284
265
258
247
248
234
235
249
250
259
260
261
266
267
262
269
294
295
296
297
263
268
270
252
264
225
226
236
227
237
253
254
255
251
238
228
210
209
176
175
208
207
205
174
171
149
150
145
152
153
148
147
146
139
133
129
127
122
120
92
91
90
119
132
138
137
131
128
164
117
116
115
114
88
78
85
89
60
61
63
68
69
79
64
56
2
24
55
23
1
22
21
49
48
20
47
18
46
45
17
44
54
43
42
16
41
40
39
