110868
106062
108560
105326
108026
107761
107592
108256
109079
107230
106116
106557
107438
107981
104482
107821
108720
106059
109486
109043
106744
106558
109215
106558
109212
105018
110271
107907
109378
105971
108257
108408
108544
108171
103162
105676
110234
107803
106835
108143
109052
104196
106334
107277
107757
107595
106346
105641
107523
106195
105248
110624
108439
105370
108857
105657
109407
106984
105140
106583
106637
106851
105305
106473
106876
108785
108735
108078
106271
108690
106722
107656
108122
105543
107586
109269
107343
108172
106439
107626
106483
105288
107242
109931
104486
108042
108034
104045
110036
106062
107430
108027
110600
105717
106107
106649
108790
108134
107859
106819
106854
109193
107268
109260
107442
107207
106860
108958
104461
106815
111231
107517
107459
109561
107642
109294
107078
109021
106020
107833
107785
106386
106042
108165
107199
105862
106550
109841
105993
106070
108743
108281
109089
107910
107062
107766
109140
107176
109481
109025
108692
109061
106205
109748
107721
109578
111866
107341
110168
110166
106088
105793
108590
109069
109778
108328
110189
108106
104056
106730
107501
104910
105959
105646
106172
107073
107305
106854
106756
106972
108384
108775
108630
105806
104962
106296
108567
108656
105905
105943
106895
107307
106735
108873
109130
108523
104786
105366
106695
106542
104206
106193
108169
107142
104957
109073
106147
108872
106852
106493
108593
105453
106712
105694
107424
103803
107458
108712
105069
107443
109402
109008
105756
106449
106584
109392
108050
107197
110105
106118
106151
104846
107242
109963
109026
105247
109121
107165
108579
107738
109503
106551
105601
107274
105812
109459
109604
108294
107626
109681
107436
105789
106705
108738
109845
106815
108321
105236
106762
105626
109545
106562
108077
105444
107348
108999
109793
108389
110065
107961
110360
106682
107957
107185
107114
107026
105978
108507
105875
110629
107215
108451
109330
107688
109181
107198
108058
109757
108713
107700
106626
107255
106951
109510
108210
108941
105678
107300
108967
107111
106097
103113
110364
106778
106947
106914
106285
106992
108279
107760
109452
108192
105501
106449
108735
108150
107446
106210
108796
106476
106093
106864
106050
110240
108711
109776
109209
107892
107513
107351
105069
107971
107856
107497
106570
107593
106792
108437
109162
105907
105710
107801
109743
107661
105108
109377
108555
110097
104871
107007
108544
109185
109744
107829
107170
104895
107943
108720
110791
108560
108613
105670
106712
106329
109131
107510
107919
109279
108542
111204
105926
106945
103749
107643
106985
108137
108255
108936
108777
109021
105561
107023
107566
109651
107106
106679
108827
108616
109647
108243
108644
110004
106781
104365
104923
106210
108165
108607
106011
108461
110253
106087
110469
108925
107861
108186
108682
107715
104785
107340
107761
106802
107715
106659
108792
106304
107369
109208
106994
109486
104067
108433
108117
106500
106445
107366
108652
109973
105992
107926
112476
110156
107740
108628
110040
106430
109451
106287
106842
108175
107065
108989
107378
107046
107405
107224
106242
108285
106281
111154
106651
107589
108217
109076
108127
109667
108620
109678
108839
110111
105423
106772
107880
107163
106657
106833
108080
108342
110674
108434
107639
107864
107061
107719
107190
108424
109874
107097
108355
106242
108534
103870
106370
106126
109387
109547
105328
108382
109016
107899
108988
105872
106183
108008
107392
105564
106870
108053
105894
104639
108601
106138
108471
108216
108320
108112
108483
104100
105732
106662
107047
104349
107267
107447
110071
103102
105611
109127
108445
104540
109281
108597
105468
108131
108690
105409
106422
107183
111368
107188
107090
106972
109598
110557
107423
106293
105832
108387
106654
108527
105935
107988
108785
109063
105656
107050
110472
106355
106913
108510
106729
107408
107074
108141
106316
104021
110123
107254
106950
106882
108624
108116
104596
105992
108366
106844
110400
106276
103951
105604
110007
107784
108782
105403
110356
107445
105894
106497
109243
105296
106385
107420
109554
107235
108463
108678
110162
104696
109537
108036
105588
106356
107929
108060
109456
106752
108047
107746
106509
108570
110688
108964
106581
110012
111621
109426
103956
107316
107951
104844
110334
107908
108732
106487
106633
108303
109157
107638
109299
109599
108344
107515
107386
108153
108289
104104
107897
107073
109643
108230
106905
107346
108869
111391
106679
108012
107063
106687
106593
106434
108930
108202
106596
107357
107066
108217
105679
108104
107406
110189
105685
108527
106812
105048
107478
109401
109862
108259
104431
108885
109051
104799
105826
106370
107151
107347
104619
106972
106971
107298
104607
108142
105212
109432
107989
105621
107336
105853
108462
107656
107383
108353
108834
108069
108170
106816
109167
108099
106479
104733
109014
106984
108477
105822
107362
107224
107126
104705
106381
107762
105359
105970
107700
108863
106082
108896
105721
104506
106927
107552
105500
107444
107008
105717
108744
106323
105975
108401
108873
110625
105167
108456
108014
106431
105164
109733
110468
105873
108503
109204
109543
109308
106948
107365
106189
108268
107504
107610
104541
111749
107241
107530
106258
110788
103477
110163
107460
106234
105632
109877
108248
107553
106973
109420
107005
108176
108513
105713
109206
110731
106696
107492
104419
110624
106872
105293
108241
108090
106561
110332
107405
106381
105861
106381
106219
108111
107435
108105
107353
107224
106033
106008
106594
108802
108721
106924
107865
106435
105860
109801
107305
108218
106426
109841
104854
107413
108664
102817
106465
109514
107997
105790
105948
106763
107506
105530
106543
105402
106726
109219
105074
105048
107423
108451
107459
105907
108749
106337
107650
108735
104905
104400
103265
108983
105664
110091
108285
110691
109714
108492
107747
108084
107057
107223
107224
109638
107680
105376
108987
106918
106641
108436
108354
107817
108949
109474
109012
108756
108505
106413
103710
106916
108507
109835
110977
108439
104633
106433
106390
105923
107763
106507
109906
108725
108977
107331
105409
106906
106596
109990
107165
107212
104199
105853
107356
108869
108693
106930
106653
103055
105169
107355
109603
106674
110151
107642
106876
104760
109069
106777
106501
107597
104338
106417
105461
105983
109361
106569
107950
106844
107923
107871
107577
107847
108207
108450
108547
107462
107393
107637
108383
105555
105873
107942
108339
108135
105887
109188
110175
107196
106136
108324
108425
105789
107572
104818
111542
109667
107221
107422
105347
107296
108940
106960
109291
107131
107301
105686
106290
104991
106865
108336
105207
107772
110141
104946
106412
107647
105730
106523
108519
108212
107347
106244
110297
108916
107444
107679
105506
108487
107057
106869
106275
106179
108734
104244
107387
107584
108983
104718
107667
107714
108813
108465
107265
106826
111450
107841
107859
106956
108434
107530
108320
106949
105617
108544
107601
108538
107083
106671
108322
107710
107891
106016
105536
111442
105715
109995
109063
107055
108438
110456
106533
107846
105692
106568
107213
109315
107205
103818
