weight: 5190
vertices-order: 
1
23
55
61
64
63
68
69
79
60
24
56
2
22
21
49
48
20
47
46
45
54
44
43
42
16
41
40
39
38
37
57
62
66
65
73
74
75
83
84
77
88
114
115
116
117
113
112
111
110
109
108
107
106
124
134
142
159
168
157
141
160
169
173
195
196
197
198
199
206
200
201
202
203
204
205
174
207
226
236
252
264
227
237
228
238
251
255
254
253
225
175
208
176
209
210
171
149
150
152
147
148
153
146
139
133
129
127
145
138
132
119
120
122
91
92
90
131
137
128
194
193
192
191
217
218
219
216
233
247
234
248
259
260
261
266
267
262
269
294
295
296
297
293
292
291
290
289
288
287
323
350
356
378
379
394
413
429
414
430
436
440
441
442
443
444
445
446
431
416
432
417
433
418
434
419
435
415
439
438
380
396
397
381
398
399
400
401
402
403
385
386
387
388
389
358
390
409
421
420
437
447
451
462
476
486
496
508
523
509
524
531
561
597
610
617
621
632
638
634
631
616
630
615
609
598
599
611
600
601
612
562
563
602
564
565
566
603
622
639
560
559
558
557
556
555
554
593
594
595
553
552
551
550
549
548
547
526
519
504
492
482
472
483
493
505
520
474
484
494
506
521
475
485
495
507
522
471
460
461
459
470
458
457
469
491
503
517
456
455
468
502
516
530
545
546
544
543
542
574
605
613
618
633
623
643
642
641
640
652
685
694
707
720
727
728
748
788
806
810
817
828
838
837
821
825
787
802
801
749
750
789
807
811
818
751
790
752
753
791
754
755
792
812
819
829
830
831
832
833
834
835
836
820
813
793
794
795
796
756
757
758
759
760
797
798
799
800
808
822
761
762
763
764
765
766
767
768
769
770
771
772
773
774
775
776
777
778
779
780
781
803
809
815
827
814
826
839
824
848
847
846
869
870
871
872
900
918
934
961
962
963
964
967
998
999
997
996
995
994
1023
1039
1029
1040
1062
1081
1068
1082
1069
1041
1030
993
992
991
990
989
988
987
986
985
984
983
982
1016
1017
1018
1019
1015
1014
1013
1012
1011
980
979
978
977
976
975
1006
1025
1034
1048
1071
1049
1050
1051
1052
1072
1053
1054
1055
1037
1028
1038
1056
1073
1057
1058
1059
1063
1074
1075
1076
1077
1078
1079
1080
1064
1065
1066
1067
1035
1027
1036
1026
1007
1008
1009
1010
974
1005
973
972
1004
1022
1042
1045
1060
1044
1024
1033
971
1001
1020
981
935
919
933
906
901
902
903
873
874
875
876
877
849
907
920
879
921
941
969
1003
1002
1021
1031
1043
1061
1083
1046
1047
1070
1032
968
1000
970
942
938
939
943
936
922
908
904
880
845
844
843
842
867
897
898
896
895
894
893
915
930
955
956
957
958
959
960
966
931
917
932
916
864
865
866
863
862
861
860
890
891
892
859
858
888
889
857
856
855
885
911
925
947
948
949
950
951
952
953
954
965
928
914
927
913
926
912
886
887
854
884
853
852
851
850
881
882
883
905
910
924
946
945
944
940
937
929
923
909
878
899
868
841
840
823
782
783
804
784
785
805
744
745
786
816
746
747
729
730
731
704
714
719
732
733
734
735
736
737
738
739
725
726
740
741
742
743
708
706
705
653
654
655
656
657
624
635
604
575
576
606
577
578
579
580
581
607
582
608
614
629
620
627
637
619
626
636
644
664
665
666
667
668
669
670
671
672
673
674
675
676
677
678
679
698
709
699
710
711
701
712
723
695
686
687
688
648
689
697
696
690
700
703
716
717
718
724
715
722
721
713
702
691
692
649
650
651
680
681
682
683
684
645
646
647
663
662
661
660
659
693
658
625
583
584
585
586
587
588
589
590
591
592
541
540
539
538
537
536
535
568
569
570
571
572
573
567
596
628
529
527
518
512
525
498
487
478
465
479
488
499
513
466
480
489
500
514
464
473
515
501
490
481
467
452
453
463
510
528
534
533
532
454
477
497
511
359
360
357
382
383
384
377
376
375
374
373
372
371
393
407
425
408
427
412
428
406
411
424
449
450
448
370
369
368
367
366
365
392
405
422
404
391
395
426
361
362
363
352
353
354
355
339
340
341
342
346
330
321
331
347
322
332
348
320
336
329
319
328
318
306
307
308
309
283
284
285
282
281
280
279
278
277
276
275
302
333
349
327
286
274
410
423
364
343
344
351
345
263
268
270
298
299
271
272
273
303
316
325
334
338
337
324
315
314
304
300
301
305
310
311
312
313
317
326
335
235
250
249
246
258
190
189
188
187
186
185
215
224
243
232
244
265
184
214
223
231
242
257
256
241
230
183
213
212
182
181
211
222
239
221
245
220
177
178
179
229
240
180
165
154
151
163
158
140
144
123
126
121
130
93
94
95
96
97
98
99
100
101
102
86
81
71
80
166
155
172
167
156
161
162
170
164
135
143
136
125
105
104
118
103
87
82
72
78
85
89
53
36
13
12
11
35
34
52
33
9
8
32
7
31
51
30
5
29
28
50
27
3
25
58
59
67
76
70
26
19
6
4
10
14
15
17
18

