weight: 3253
edges: 
1 22
1 23
2 24
3 27
3 25
4 29
5 30
5 29
6 19
7 32
7 31
8 9
8 32
9 8
9 33
10 35
11 12
11 35
12 11
12 36
13 36
14 38
15 39
16 42
16 41
17 44
18 47
19 6
19 25
20 48
20 47
21 22
21 49
22 21
22 1
23 1
23 24
23 55
24 2
24 23
24 56
25 19
25 3
25 26
25 58
26 25
27 3
27 50
28 29
28 50
29 4
29 28
29 5
30 5
30 51
31 7
31 51
32 7
32 8
33 9
33 52
34 35
34 52
35 10
35 34
35 11
36 12
36 13
36 53
37 38
37 53
37 57
38 14
38 37
38 39
39 15
39 38
39 40
40 39
40 41
41 40
41 16
42 16
42 43
43 42
43 44
44 17
44 43
44 54
45 46
45 54
46 45
46 47
47 18
47 46
47 20
48 20
48 49
49 48
49 21
50 27
50 28
51 30
51 31
52 33
52 34
53 36
53 37
54 44
54 45
55 23
55 61
56 24
57 37
57 62
58 25
58 59
59 58
59 67
60 61
61 60
61 55
61 63
61 64
62 57
62 65
62 66
63 61
63 68
64 61
65 62
65 73
66 62
67 59
67 76
68 63
68 69
69 68
69 79
70 76
71 81
72 82
73 65
73 74
74 73
74 75
75 74
75 83
76 70
76 67
77 84
77 88
78 88
78 85
79 69
80 95
81 71
81 86
82 72
82 87
83 75
83 84
84 77
84 83
85 78
85 89
86 81
86 100
87 82
87 103
88 78
88 77
88 114
89 85
90 91
91 90
91 119
91 92
92 91
93 121
93 94
94 93
94 95
95 80
95 94
95 96
96 95
96 97
97 96
97 98
98 97
98 99
99 98
99 100
100 86
100 99
100 101
101 100
101 102
102 101
103 87
103 118
104 105
104 118
105 104
105 106
106 105
106 107
106 124
107 106
107 108
108 107
108 109
109 108
109 110
110 109
110 111
111 110
111 112
112 111
112 113
113 112
113 114
114 113
114 88
114 115
115 114
115 116
116 115
116 117
117 116
118 103
118 104
119 91
119 132
119 120
120 119
120 122
121 93
121 126
121 130
122 120
123 140
123 126
124 106
124 125
124 134
125 124
126 121
126 123
127 129
128 131
129 127
129 133
130 121
131 128
131 138
131 137
132 119
132 138
133 129
133 139
134 124
134 135
134 142
135 134
135 136
135 143
136 135
137 131
138 131
138 132
138 145
139 133
139 146
140 123
140 158
140 144
141 157
142 134
142 159
143 135
144 140
145 138
145 150
146 139
146 147
147 146
147 152
147 148
148 147
148 153
149 171
149 150
150 145
150 149
150 152
151 154
151 163
152 147
152 150
153 148
154 151
154 165
155 166
156 167
157 141
157 168
158 140
158 163
159 142
159 160
159 168
160 159
160 169
161 169
161 162
162 161
162 170
163 158
163 151
164 170
165 154
165 180
166 155
166 183
167 156
167 172
168 157
168 159
169 161
169 160
169 173
170 164
170 162
171 149
171 174
172 167
172 189
173 169
173 195
174 171
174 205
174 175
174 207
175 174
175 176
175 208
176 175
176 209
177 220
177 178
178 177
178 179
179 178
180 165
180 181
181 180
181 182
181 211
182 181
182 212
183 166
183 184
183 213
184 183
184 185
184 214
185 184
185 186
185 215
186 185
186 187
187 186
187 188
188 187
188 189
189 172
189 188
189 190
190 189
190 216
191 192
191 217
192 191
192 193
193 192
193 194
194 193
194 195
195 194
195 173
195 196
196 195
196 197
197 196
197 198
198 197
198 199
199 198
199 206
200 206
200 201
201 200
201 202
202 201
202 203
203 202
203 204
204 203
204 205
205 174
205 204
206 200
206 199
207 174
207 226
208 175
209 176
209 210
210 209
211 181
211 222
212 182
212 213
213 212
213 183
214 184
214 223
215 185
215 224
216 190
216 217
216 233
217 216
217 191
217 218
218 217
218 219
219 218
220 177
220 221
221 220
221 239
221 245
222 211
222 229
222 239
223 214
223 231
224 215
224 243
225 226
226 225
226 207
226 227
226 236
227 226
227 228
227 237
228 227
228 238
229 222
229 240
230 241
231 223
231 242
232 243
232 244
233 216
233 246
233 247
234 247
234 235
234 248
235 234
235 249
235 250
236 226
236 252
237 227
238 228
238 251
239 221
239 222
240 229
241 230
241 256
242 231
242 257
243 232
243 224
244 232
244 265
245 221
246 233
246 258
247 234
247 233
248 234
248 259
249 235
250 235
251 238
251 254
251 255
252 236
252 264
253 254
254 253
254 251
255 251
256 241
256 257
257 256
257 242
258 246
259 248
259 260
260 259
260 261
261 260
261 266
262 267
262 269
263 269
263 268
264 252
265 244
266 261
266 267
267 262
267 266
268 263
268 270
269 263
269 262
269 294
270 268
270 298
271 299
271 272
272 271
272 273
273 272
273 303
274 275
275 274
275 276
275 302
276 275
276 277
277 276
277 278
278 277
278 279
279 278
279 280
280 279
280 281
281 280
281 306
282 308
283 309
283 284
284 283
284 285
285 284
286 302
287 288
287 323
288 287
288 289
289 288
289 290
290 289
290 291
291 290
291 292
292 291
292 293
293 292
293 294
294 293
294 269
294 295
295 294
295 296
296 295
296 297
297 296
298 270
298 299
299 271
299 298
300 304
300 301
301 300
301 305
302 286
302 275
302 333
303 273
303 304
303 316
304 300
304 303
305 301
305 310
306 281
306 318
306 307
307 306
307 308
308 282
308 307
308 309
309 283
309 308
310 305
310 311
311 310
311 312
312 311
312 313
313 312
313 317
314 315
315 314
315 324
316 303
316 324
316 325
317 313
317 326
318 306
318 328
319 329
320 330
321 330
321 322
321 331
322 321
322 332
323 287
323 350
324 315
324 316
325 316
325 334
326 317
326 335
327 333
328 318
328 339
329 319
329 336
330 320
330 321
330 342
331 321
331 347
332 322
332 348
333 327
333 302
333 349
334 325
334 337
334 338
335 326
336 329
336 341
337 334
338 334
339 328
339 355
339 340
340 339
340 341
341 336
341 340
341 342
342 330
342 341
342 346
343 350
343 344
344 343
344 351
345 351
346 342
347 331
348 332
349 333
350 343
350 323
350 356
351 345
351 344
352 361
352 353
353 352
353 354
354 353
354 355
355 339
355 354
356 350
356 378
357 387
358 389
358 359
358 390
359 358
359 360
360 359
361 352
361 391
361 362
362 361
362 363
363 362
364 365
365 364
365 366
365 392
366 365
366 367
367 366
367 368
368 367
368 369
369 368
369 370
370 369
370 371
371 370
371 372
371 393
372 371
372 373
373 372
373 374
374 373
374 375
375 374
375 376
376 375
376 377
377 376
377 378
378 377
378 356
378 379
379 378
379 380
379 394
380 379
380 396
381 397
381 382
381 398
382 381
382 383
383 382
383 384
384 383
385 402
385 386
386 385
386 387
387 357
387 386
387 388
388 387
388 389
389 358
389 388
390 358
390 409
391 361
391 404
391 395
392 365
392 405
393 371
393 406
393 407
394 379
394 413
395 391
395 426
396 380
396 397
397 381
397 396
398 381
398 399
399 398
399 400
400 399
400 401
401 400
401 402
402 385
402 401
402 403
403 402
404 391
404 422
405 392
405 410
405 422
406 393
406 411
407 393
407 425
408 425
408 427
409 390
409 420
409 421
410 405
410 423
411 406
411 424
412 427
412 428
413 394
413 414
413 429
414 413
414 430
415 431
416 431
416 417
416 432
417 416
417 418
417 433
418 417
418 419
418 434
419 418
419 435
420 409
420 437
421 409
422 404
422 405
423 410
424 411
424 449
425 408
425 407
426 395
427 412
427 408
428 412
429 413
430 414
430 436
431 415
431 416
431 441
432 416
433 417
434 418
435 419
436 430
436 439
436 440
437 420
437 447
438 439
439 438
439 436
440 436
440 441
441 431
441 440
441 442
442 441
442 443
443 442
443 444
444 443
444 445
445 444
445 446
446 445
447 437
447 451
448 449
449 448
449 424
449 450
450 449
451 447
451 462
452 462
452 453
453 452
453 463
454 463
454 477
455 456
455 468
456 455
456 457
457 456
457 458
457 469
458 457
458 459
459 458
459 460
459 470
460 459
460 471
460 461
461 460
462 452
462 451
462 476
463 454
463 453
463 510
464 487
464 473
465 478
465 479
466 479
466 480
467 490
468 455
468 502
469 457
469 491
470 459
471 460
471 482
472 482
472 483
473 464
474 483
474 484
475 484
475 485
476 462
476 486
477 454
477 497
478 465
478 487
479 466
479 465
479 488
480 466
480 489
481 490
482 471
482 472
482 492
483 474
483 472
483 493
484 475
484 474
484 494
485 475
485 495
486 476
486 496
487 464
487 478
487 498
488 479
488 499
489 480
489 500
490 467
490 481
490 501
491 469
491 503
492 482
492 504
493 483
493 505
494 484
494 506
495 485
495 507
496 486
496 508
497 477
497 511
498 487
498 512
499 488
499 513
500 489
500 514
501 490
501 515
502 468
502 515
502 516
503 491
503 517
504 492
504 519
505 493
505 520
506 494
506 521
507 495
507 522
508 496
508 523
509 523
509 524
510 463
510 528
511 497
512 498
512 529
512 525
513 499
514 500
515 501
515 502
516 502
516 530
517 503
518 527
519 504
519 526
520 505
521 506
522 507
523 509
523 508
524 509
524 531
525 512
526 519
526 548
527 518
527 529
528 510
528 533
528 534
529 512
529 527
529 535
530 516
530 545
531 524
531 561
532 533
533 532
533 528
534 528
535 529
535 536
535 568
536 535
536 537
537 536
537 538
538 537
538 539
539 538
539 540
540 539
540 541
541 540
541 542
542 541
542 543
542 574
543 542
543 544
544 543
544 545
545 544
545 530
545 546
546 545
547 548
548 526
548 547
548 549
549 548
549 550
550 549
550 551
551 550
551 552
552 551
552 553
553 552
553 554
554 553
554 555
554 593
555 554
555 556
556 555
556 557
557 556
557 558
558 557
558 559
559 558
559 560
560 559
560 561
561 560
561 531
561 597
562 601
562 563
563 562
563 564
563 602
564 563
564 565
565 564
565 566
566 565
566 603
567 568
567 596
568 567
568 535
568 569
569 568
569 570
570 569
570 571
571 570
571 572
572 571
572 573
573 572
574 542
574 575
574 605
575 574
575 576
576 575
576 577
576 606
577 576
577 578
578 577
578 579
579 578
579 580
580 579
580 581
581 580
581 582
581 607
582 581
582 583
582 608
583 582
583 584
584 583
584 585
585 584
585 586
586 585
586 587
587 586
587 588
588 587
588 589
589 588
589 590
590 589
590 591
591 590
591 592
592 591
593 554
593 594
594 593
594 595
595 594
596 567
596 628
597 561
597 598
597 609
597 610
598 597
598 599
599 598
599 600
599 611
600 599
600 601
601 562
601 600
601 612
602 563
603 566
603 622
604 605
605 604
605 574
605 613
606 576
607 581
608 582
608 614
609 597
610 597
610 617
611 599
612 601
613 605
613 618
614 608
614 620
614 629
615 630
616 631
616 630
617 610
617 621
618 613
618 624
618 633
619 620
619 625
619 626
620 619
620 614
620 627
621 617
621 632
622 603
622 639
623 633
623 643
624 618
624 635
625 619
626 619
626 636
627 620
627 637
628 596
629 614
630 615
630 616
631 616
631 634
632 621
632 638
633 623
633 618
634 631
634 638
635 624
636 626
636 644
637 627
638 634
638 632
639 622
640 641
640 652
641 640
641 642
642 641
642 643
643 642
643 623
644 636
644 664
645 675
645 646
646 645
646 647
647 646
648 688
648 689
649 691
649 650
650 649
650 651
651 650
652 640
652 653
652 685
653 652
653 654
654 653
654 655
655 654
655 656
656 655
656 657
657 656
658 659
659 658
659 660
659 693
660 659
660 661
661 660
661 662
662 661
662 663
663 662
663 664
664 663
664 644
664 665
665 664
665 666
666 665
666 667
667 666
667 668
668 667
668 669
669 668
669 670
670 669
670 671
671 670
671 672
672 671
672 673
673 672
673 674
674 673
674 675
675 645
675 674
675 676
676 675
676 677
677 676
677 678
678 677
678 679
679 678
679 680
679 698
680 679
680 681
681 680
681 682
682 681
682 683
683 682
683 684
684 683
685 652
685 694
686 695
686 687
687 686
687 688
688 648
688 687
689 648
689 690
689 697
690 689
690 691
690 700
691 649
691 690
691 692
692 691
693 659
694 685
694 707
695 686
695 711
696 697
697 696
697 689
698 679
698 709
699 709
699 710
700 690
700 703
701 711
701 712
702 713
703 700
703 716
704 731
704 714
705 735
706 739
707 694
707 720
708 726
709 699
709 698
710 699
710 711
711 695
711 701
711 710
712 701
712 723
713 702
713 721
714 704
714 719
715 716
715 722
716 715
716 703
716 717
717 716
717 718
718 717
718 724
719 714
719 732
720 707
720 727
721 713
721 722
722 721
722 715
723 712
724 718
725 739
725 726
726 708
726 725
726 740
727 720
727 728
728 727
728 729
728 748
729 728
729 730
730 729
730 731
731 704
731 730
732 719
732 733
733 732
733 734
734 733
734 735
735 705
735 734
735 736
736 735
736 737
737 736
737 738
738 737
738 739
739 706
739 725
739 738
740 726
740 741
741 740
741 742
742 741
742 743
743 742
744 785
744 745
745 744
745 746
745 786
746 745
746 747
747 746
748 728
748 749
748 787
748 788
749 748
749 750
750 749
750 751
750 789
751 750
751 752
751 790
752 751
752 753
753 752
753 754
753 791
754 753
754 755
755 754
755 756
755 792
756 755
756 757
757 756
757 758
758 757
758 759
759 758
759 760
760 759
760 761
760 797
761 760
761 762
762 761
762 763
763 762
763 764
764 763
764 765
765 764
765 766
766 765
766 767
767 766
767 768
768 767
768 769
769 768
769 770
770 769
770 771
771 770
771 772
772 771
772 773
773 772
773 774
774 773
774 775
775 774
775 776
776 775
776 777
777 776
777 778
778 777
778 779
779 778
779 780
780 779
780 781
781 780
781 782
781 803
782 781
782 783
783 782
783 784
783 804
784 783
784 785
785 744
785 784
785 805
786 745
786 816
787 748
787 802
788 748
788 806
789 750
789 807
790 751
791 753
792 755
792 793
792 812
793 792
793 794
794 793
794 795
795 794
795 796
796 795
797 760
797 798
798 797
798 799
799 798
799 800
800 799
800 808
801 802
802 801
802 787
803 781
803 809
804 783
805 785
806 788
806 810
807 789
807 811
808 800
808 822
809 803
809 814
809 815
810 806
810 817
811 807
811 818
812 792
812 819
813 820
814 809
814 824
814 826
815 809
815 827
816 786
817 810
817 828
818 811
819 812
819 829
820 813
820 832
821 837
821 825
822 808
823 844
824 814
824 848
825 821
826 814
826 839
827 815
828 817
828 838
829 819
829 830
830 829
830 831
831 830
831 832
832 820
832 831
832 833
833 832
833 834
834 833
834 835
835 834
835 836
836 835
837 821
837 838
838 837
838 828
839 826
840 841
841 840
841 842
842 841
842 843
842 867
843 842
843 844
844 823
844 843
844 845
845 844
845 846
846 845
846 847
846 869
847 846
847 848
848 847
848 824
849 877
849 879
849 907
850 851
850 881
851 850
851 852
852 851
852 853
853 852
853 854
854 853
854 855
854 884
855 854
855 856
855 885
856 855
856 857
857 856
857 858
858 857
858 859
858 888
859 858
859 860
860 859
860 861
860 890
861 860
861 862
862 861
862 863
863 862
863 864
864 863
864 893
864 865
865 864
865 866
866 865
867 842
867 868
867 897
868 867
869 846
869 870
870 869
870 871
871 870
871 872
872 871
872 873
872 900
873 872
873 874
874 873
874 875
875 874
875 876
876 875
876 877
877 849
877 876
878 881
878 899
879 849
879 880
879 921
880 879
881 878
881 850
881 882
882 881
882 883
883 882
883 905
884 854
885 855
885 886
885 911
886 885
886 887
887 886
888 858
888 889
889 888
890 860
890 891
891 890
891 892
892 891
893 864
893 894
893 915
894 893
894 895
895 894
895 896
896 895
896 897
897 896
897 867
897 898
898 897
899 878
900 872
900 901
900 918
901 900
901 902
902 901
902 903
903 902
904 908
905 883
905 910
906 933
907 849
907 920
908 904
908 922
909 923
910 905
910 924
911 885
911 925
912 926
913 927
914 928
915 893
915 930
916 931
917 931
917 932
918 900
918 933
918 934
919 935
920 907
921 879
921 941
922 908
922 936
923 909
923 944
924 910
924 946
925 911
925 947
926 912
926 949
927 913
927 951
928 914
928 954
929 937
930 915
930 955
931 916
931 917
931 958
932 917
933 906
933 918
934 918
934 961
935 919
935 964
936 922
936 938
937 929
937 940
938 936
938 942
938 939
939 938
939 943
940 937
940 944
941 921
941 942
941 969
942 938
942 941
943 939
944 923
944 940
944 945
945 944
945 946
946 945
946 924
947 925
947 948
948 947
948 949
949 926
949 948
949 950
950 949
950 951
951 927
951 950
951 952
952 951
952 953
953 952
953 954
954 928
954 953
954 965
955 930
955 956
956 955
956 957
957 956
957 958
958 931
958 957
958 959
959 958
959 960
960 959
960 966
961 934
961 962
962 961
962 963
963 962
963 964
964 935
964 963
964 967
965 954
966 960
967 964
967 998
968 1002
968 1000
969 941
969 970
969 1003
970 969
971 972
971 1001
972 971
972 973
972 1004
973 972
973 974
974 973
974 975
974 1005
975 974
975 976
975 1006
976 975
976 977
977 976
977 978
978 977
978 979
979 978
979 980
980 979
980 1011
981 1013
982 983
982 1016
983 982
983 984
984 983
984 985
985 984
985 986
986 985
986 987
987 986
987 988
988 987
988 989
989 988
989 990
990 989
990 991
991 990
991 992
992 991
992 993
993 992
993 994
994 993
994 995
994 1023
995 994
995 996
996 995
996 997
997 996
997 998
998 997
998 967
998 999
999 998
1000 968
1001 971
1001 1020
1002 968
1002 1003
1002 1021
1003 1002
1003 969
1004 972
1004 1022
1005 974
1006 975
1006 1007
1006 1025
1007 1006
1007 1008
1008 1007
1008 1009
1009 1008
1009 1010
1010 1009
1011 980
1011 1012
1012 1011
1012 1013
1013 981
1013 1012
1013 1014
1014 1013
1014 1015
1015 1014
1015 1016
1016 1015
1016 982
1016 1017
1017 1016
1017 1018
1018 1017
1018 1019
1019 1018
1020 1001
1021 1002
1021 1031
1022 1004
1022 1024
1022 1042
1023 994
1023 1039
1024 1022
1024 1033
1025 1006
1025 1034
1026 1035
1027 1035
1027 1036
1028 1037
1028 1038
1029 1039
1029 1040
1030 1041
1031 1021
1031 1043
1032 1047
1033 1024
1034 1025
1034 1048
1035 1026
1035 1027
1035 1051
1036 1027
1037 1028
1037 1055
1038 1028
1038 1056
1039 1029
1039 1023
1040 1029
1040 1062
1041 1030
1041 1069
1042 1022
1042 1044
1042 1045
1043 1031
1043 1061
1044 1042
1045 1042
1045 1060
1046 1061
1046 1047
1047 1032
1047 1046
1047 1070
1048 1034
1048 1049
1048 1071
1049 1048
1049 1050
1050 1049
1050 1051
1051 1035
1051 1050
1051 1052
1052 1051
1052 1053
1052 1072
1053 1052
1053 1054
1054 1053
1054 1055
1055 1037
1055 1054
1056 1038
1056 1057
1056 1073
1057 1056
1057 1058
1058 1057
1058 1059
1059 1058
1059 1063
1060 1045
1061 1046
1061 1043
1061 1083
1062 1040
1062 1068
1062 1081
1063 1059
1063 1064
1063 1074
1064 1063
1064 1065
1065 1064
1065 1066
1066 1065
1066 1067
1067 1066
1068 1062
1068 1069
1068 1082
1069 1041
1069 1068
1070 1047
1071 1048
1072 1052
1073 1056
1074 1063
1074 1075
1075 1074
1075 1076
1076 1075
1076 1077
1077 1076
1077 1078
1078 1077
1078 1079
1079 1078
1079 1080
1080 1079
1081 1062
1082 1068
1083 1061

