improvements: 115
initial-cycle-weight: 4790
final-cycle-weight: 1022
123
124
118
125
126
127
109
102
107
101
99
98
93
89
68
81
71
58
35
40
43
24
44
42
41
72
84
88
78
62
70
80
79
76
82
77
75
45
25
12
5
13
53
54
64
74
46
28
26
19
20
29
27
30
32
31
55
49
47
63
86
83
87
65
69
52
57
66
67
56
51
50
48
33
7
6
1
15
16
18
17
14
8
9
3
2
10
11
4
23
37
34
36
21
22
38
39
59
61
60
73
85
91
90
96
95
97
104
131
129
117
122
128
115
120
116
119
103
110
92
94
111
106
113
108
100
105
112
114
121
130

improvements: 137
initial-cycle-weight: 4765
final-cycle-weight: 889
8
21
32
31
33
52
56
69
65
75
78
68
54
64
74
77
82
81
87
88
94
99
108
103
104
97
95
96
90
91
117
115
128
129
127
119
116
120
122
111
110
109
107
106
102
100
101
105
123
130
126
131
125
124
113
121
118
114
112
98
89
93
92
84
83
85
86
58
57
67
62
50
22
3
1
12
7
6
19
26
30
20
25
16
17
13
18
5
14
15
28
29
27
53
45
46
55
49
48
47
34
36
35
38
37
23
61
60
73
71
76
63
70
66
79
80
72
51
59
43
42
24
44
41
40
39
11
4
10
9
2

improvements: 116
initial-cycle-weight: 4475
final-cycle-weight: 1034
24
11
42
43
44
72
85
86
59
58
79
88
92
93
126
127
120
115
110
111
122
129
128
124
106
94
99
98
89
87
82
78
81
77
75
74
45
25
47
48
50
20
28
27
15
5
13
12
1
6
7
34
33
31
46
64
68
54
53
18
16
19
14
17
26
29
30
32
21
22
4
9
8
3
2
10
40
41
37
35
36
57
67
70
66
71
69
62
63
56
65
55
52
23
39
60
61
73
95
109
119
113
108
102
107
101
100
121
114
130
112
123
118
105
125
131
116
117
104
103
96
97
91
90
84
83
80
76
51
49
38

improvements: 107
initial-cycle-weight: 4682
final-cycle-weight: 1088
4
11
31
26
17
16
28
15
12
13
5
14
6
18
30
20
32
48
46
27
19
53
45
74
55
68
77
64
89
93
98
123
130
124
106
121
114
118
102
107
105
112
101
100
113
127
131
125
126
128
110
120
129
122
103
95
96
104
97
94
87
81
67
76
62
65
70
50
56
51
33
34
8
2
1
25
29
37
40
36
22
21
35
52
66
60
59
72
69
71
82
88
108
119
115
109
116
117
111
99
92
91
90
73
85
84
79
80
86
83
78
75
54
47
49
58
63
57
61
24
43
23
42
44
41
39
38
7
3
10
9

improvements: 114
initial-cycle-weight: 4774
final-cycle-weight: 1032
67
72
73
61
39
35
36
40
10
3
21
38
22
23
4
11
44
43
24
42
41
58
63
70
82
81
62
69
79
87
88
64
55
48
46
78
54
26
27
19
28
29
53
45
74
68
65
76
75
77
93
89
98
105
100
108
113
107
124
102
109
99
110
116
120
117
111
115
127
129
122
104
103
128
119
126
131
125
121
130
123
112
118
114
106
101
94
92
97
96
95
91
90
86
83
84
80
60
59
71
85
50
31
30
7
2
8
6
1
5
15
13
14
12
18
25
17
16
20
34
32
47
49
51
33
9
37
52
56
57
66

improvements: 112
initial-cycle-weight: 4872
final-cycle-weight: 1056
34
37
41
38
59
61
60
42
23
39
44
43
52
57
51
48
50
62
69
66
63
56
58
70
79
67
71
76
86
94
99
102
114
105
107
108
127
119
129
117
116
115
109
125
131
128
120
113
126
124
123
121
130
118
101
100
112
106
110
103
96
111
122
104
97
90
95
91
84
83
85
73
72
80
81
68
46
64
74
75
78
65
82
88
92
87
89
98
93
77
54
32
21
2
9
3
8
40
24
22
11
4
10
36
55
47
35
49
31
29
20
7
28
18
13
6
1
5
12
17
16
14
15
25
45
53
30
27
26
19
33

improvements: 117
initial-cycle-weight: 4986
final-cycle-weight: 1022
64
75
74
77
81
82
69
56
59
57
66
58
85
80
73
72
86
95
90
91
103
96
94
99
98
101
124
105
100
112
123
121
130
131
118
114
107
113
125
126
108
127
128
129
117
102
106
109
119
111
122
120
116
110
115
104
97
92
88
84
83
67
76
79
61
60
23
41
24
40
39
44
43
42
10
11
4
9
8
3
33
32
14
25
18
1
2
12
5
13
6
7
15
16
17
19
27
26
29
28
30
46
45
53
54
47
55
49
48
35
36
38
37
21
20
31
50
52
34
22
51
65
70
71
63
62
78
89
93
87
68

improvements: 141
initial-cycle-weight: 4476
final-cycle-weight: 885
64
77
82
81
62
70
71
65
69
63
67
66
80
79
76
88
94
87
93
98
100
113
107
105
124
121
130
123
114
112
118
125
126
109
108
116
127
131
122
129
128
115
102
101
106
99
92
120
117
119
110
111
103
104
97
95
91
96
90
86
83
84
85
72
59
60
61
73
58
38
35
50
46
45
25
15
14
16
18
13
5
1
12
7
6
17
27
26
29
28
19
30
33
31
32
34
21
20
8
3
2
22
23
9
10
4
11
24
43
44
41
40
39
42
36
37
51
52
57
56
47
48
49
75
78
89
74
53
54
55
68

improvements: 119
initial-cycle-weight: 4514
final-cycle-weight: 985
40
11
44
24
43
41
23
37
35
22
34
38
36
33
21
20
30
7
9
2
8
4
3
10
42
60
73
61
72
71
78
87
82
77
74
25
6
12
1
16
26
14
18
5
13
17
15
19
27
31
32
50
56
62
66
70
63
59
80
49
47
48
65
69
67
76
79
83
85
86
84
94
81
88
91
90
96
97
95
103
104
111
117
122
120
113
125
126
127
119
110
116
115
109
129
131
128
124
121
123
114
130
118
112
98
102
100
105
107
108
101
106
92
99
93
89
68
54
55
75
64
45
53
46
28
29
51
52
57
58
39

improvements: 123
initial-cycle-weight: 4859
final-cycle-weight: 990
11
10
4
9
24
43
42
41
44
60
73
72
84
90
92
94
99
93
89
64
76
85
86
83
88
87
98
112
105
101
100
102
114
125
126
119
115
110
109
116
127
128
120
104
122
103
117
111
129
131
130
123
121
118
124
113
108
107
106
91
95
96
97
61
59
71
80
79
69
81
82
78
66
56
65
48
47
50
33
36
37
34
35
55
26
27
19
45
53
54
75
68
77
74
46
20
29
30
28
25
17
16
13
15
12
5
18
14
6
1
3
2
8
22
31
7
21
32
52
51
49
57
62
63
70
67
58
39
40
23
38

improvements: 126
initial-cycle-weight: 4958
final-cycle-weight: 948
40
23
35
50
34
33
30
53
46
75
74
77
64
68
45
54
47
49
52
63
62
65
70
78
82
81
89
98
100
105
124
131
127
115
129
128
122
108
109
111
103
96
97
91
90
95
104
117
110
120
116
119
125
126
113
102
101
130
123
112
118
114
121
106
107
99
93
87
88
94
92
84
85
76
58
57
51
56
69
79
67
71
66
80
83
86
73
72
59
60
61
43
24
44
39
38
10
4
22
42
36
37
3
8
20
28
17
25
13
27
29
31
21
32
48
55
26
19
14
15
16
12
18
5
6
1
7
2
9
11
41

improvements: 108
initial-cycle-weight: 4518
final-cycle-weight: 1056
35
36
34
32
55
68
45
53
74
54
26
27
46
20
21
47
48
12
18
5
13
16
19
14
17
6
1
8
2
10
11
41
23
4
9
3
7
15
25
28
29
30
31
33
51
56
62
69
80
83
72
61
91
95
96
97
104
111
116
131
127
129
103
90
84
76
75
81
78
64
66
65
82
89
92
99
119
128
115
120
122
117
110
113
125
126
124
121
118
123
130
114
106
93
105
98
112
100
101
102
107
108
109
94
88
87
77
50
49
57
63
73
71
67
58
70
79
86
85
59
60
43
44
24
40
39
22
38
42
37
52

improvements: 144
initial-cycle-weight: 5000
final-cycle-weight: 880
64
68
54
46
47
35
21
33
30
27
25
26
29
34
32
28
31
20
8
3
2
12
16
13
5
18
15
17
14
19
6
1
7
10
23
40
38
39
37
36
22
9
4
11
44
42
41
24
43
59
72
60
61
73
63
67
76
71
69
65
62
58
66
70
55
45
53
74
89
87
99
94
93
98
112
118
105
114
123
130
121
124
108
102
106
100
101
107
109
113
125
126
128
115
120
129
119
127
131
122
110
116
117
103
111
104
97
96
95
90
91
80
79
83
84
86
85
92
88
81
75
77
82
78
56
57
52
51
50
48
49

improvements: 110
initial-cycle-weight: 4400
final-cycle-weight: 1033
64
77
89
123
121
114
113
126
130
118
105
102
101
107
106
99
100
112
124
108
98
93
94
92
110
119
115
109
131
125
127
129
120
122
116
128
111
117
103
96
85
86
63
71
80
84
73
91
90
97
104
95
88
82
87
62
78
75
81
83
79
76
70
65
69
57
58
51
50
35
22
41
24
44
43
38
39
59
60
72
61
42
40
10
11
4
9
7
6
5
13
16
18
12
15
14
17
25
31
27
26
53
46
55
54
74
68
48
47
49
52
66
67
56
32
33
20
19
28
29
30
34
23
37
36
21
8
3
2
1
45

improvements: 124
initial-cycle-weight: 4635
final-cycle-weight: 918
36
39
61
60
73
72
58
67
63
69
66
82
70
62
49
32
33
22
21
19
28
30
20
29
64
68
56
71
65
76
79
81
78
83
85
84
86
80
88
92
91
90
95
97
104
96
103
111
116
110
115
119
120
128
129
117
122
109
127
126
125
131
130
123
121
114
124
118
112
89
93
98
100
105
106
108
107
113
101
102
99
94
87
75
54
46
53
25
26
27
6
16
14
17
15
18
13
5
12
1
7
2
8
3
10
40
44
43
42
41
59
52
57
51
48
50
55
77
74
47
45
31
34
35
9
4
11
24
23
38
37

improvements: 125
initial-cycle-weight: 4857
final-cycle-weight: 982
18
16
14
17
15
30
27
25
26
28
19
20
33
29
64
89
77
54
46
45
53
74
75
68
78
81
82
79
85
80
86
60
39
59
73
61
44
24
42
43
41
58
72
76
71
65
70
69
62
66
67
88
93
112
98
92
108
115
116
117
131
127
129
128
122
104
103
111
120
119
109
110
96
95
91
90
97
99
107
126
130
123
121
114
118
125
113
102
101
100
105
124
106
94
87
84
83
63
55
34
22
35
38
11
23
40
37
36
21
56
50
51
52
57
49
48
47
31
32
2
3
4
10
9
8
7
1
12
6
5
13

improvements: 111
initial-cycle-weight: 4431
final-cycle-weight: 1029
7
19
28
45
74
68
78
82
67
62
69
71
72
80
84
96
95
103
104
117
116
126
131
127
114
130
123
121
118
113
102
101
125
124
100
105
112
106
107
99
110
111
115
109
108
128
119
122
129
120
97
90
91
61
24
10
4
11
40
23
39
38
37
32
21
33
34
22
31
47
48
54
55
29
30
27
18
25
12
2
9
8
3
41
44
43
42
36
35
52
51
58
83
86
85
70
57
59
73
60
63
56
50
49
65
66
76
79
87
94
89
98
93
92
88
81
77
75
64
53
46
16
17
15
26
13
5
1
6
14
20

improvements: 94
initial-cycle-weight: 4693
final-cycle-weight: 1145
13
15
28
26
19
33
54
78
75
77
89
74
64
47
49
51
56
22
41
43
60
59
61
24
10
8
2
32
30
55
82
91
90
103
97
92
99
94
93
96
95
104
122
111
120
116
115
109
108
102
113
107
124
126
110
129
128
119
117
127
131
125
130
112
118
121
106
100
114
123
101
105
98
87
88
85
79
84
86
83
76
80
72
58
73
57
66
52
70
67
69
81
63
71
65
62
50
38
42
23
37
36
21
34
31
18
1
12
17
25
14
27
45
29
20
46
68
53
48
35
44
40
39
4
11
3
9
7
6
16
5

improvements: 127
initial-cycle-weight: 4978
final-cycle-weight: 1038
101
107
108
127
128
115
109
119
116
122
103
104
111
117
129
110
99
120
131
123
114
100
98
89
74
53
68
75
81
77
69
78
47
32
49
46
30
31
20
15
16
14
17
19
27
45
65
71
67
62
82
87
93
113
125
126
124
118
130
121
105
112
88
84
72
76
79
80
58
66
55
54
64
48
51
22
35
21
7
6
25
26
28
29
33
34
50
57
73
61
60
59
40
23
38
39
37
36
9
2
12
5
18
13
1
8
4
3
10
11
24
42
41
44
43
52
56
63
70
85
83
86
91
90
96
97
95
92
94
102
106

improvements: 113
initial-cycle-weight: 4407
final-cycle-weight: 961
17
13
5
1
8
3
32
21
7
6
2
4
10
9
11
43
23
39
40
36
22
42
41
24
44
73
72
58
81
83
79
87
88
82
75
69
76
71
56
57
67
63
48
51
38
35
37
33
34
52
47
31
20
27
74
53
45
55
64
68
78
89
100
112
102
101
98
93
94
92
99
108
106
124
113
107
105
121
114
123
130
118
125
126
131
122
120
116
109
110
111
117
129
127
119
115
128
103
104
95
97
96
90
91
85
86
80
61
60
59
84
70
66
65
62
77
46
54
49
50
29
30
28
19
26
15
14
18
25
16
12

improvements: 97
initial-cycle-weight: 5046
final-cycle-weight: 1152
119
128
120
117
96
97
116
108
101
100
94
99
110
118
112
89
87
83
82
92
109
107
113
102
105
123
130
114
121
125
131
127
126
124
106
98
93
88
91
95
90
73
59
62
78
65
81
75
77
46
53
74
68
55
50
52
51
72
76
66
64
47
54
45
33
48
49
36
43
44
40
61
60
58
79
71
57
21
37
35
22
38
23
39
24
42
41
11
4
10
30
31
28
20
27
26
19
1
7
8
2
3
9
34
32
25
13
16
14
15
6
5
12
18
17
29
56
69
63
67
70
80
86
84
85
103
122
111
115
104
129

improvements: 131
initial-cycle-weight: 4909
final-cycle-weight: 989
26
25
18
45
28
27
32
8
9
4
1
5
17
15
12
14
6
3
2
7
35
21
34
39
24
44
43
42
41
40
11
10
38
37
23
22
36
33
30
31
52
57
58
59
49
50
47
51
56
71
67
77
78
81
82
70
62
65
66
69
76
63
84
80
85
86
72
60
61
73
90
91
95
96
104
103
122
120
119
116
109
111
110
115
126
127
108
99
92
97
117
129
128
131
130
125
113
106
105
100
101
93
98
112
124
121
118
123
114
102
107
94
87
79
83
88
89
74
54
46
68
64
53
75
55
48
29
20
19
16
13

improvements: 109
initial-cycle-weight: 4738
final-cycle-weight: 992
74
15
14
12
18
20
27
19
26
30
17
13
5
16
25
28
29
31
32
21
10
23
22
34
33
55
54
53
45
46
56
65
57
63
82
87
88
94
99
106
102
113
125
121
118
114
112
130
124
126
109
128
131
127
129
122
117
120
115
96
95
91
79
81
92
89
98
93
100
105
123
101
107
108
119
116
110
111
103
104
97
90
73
60
72
85
83
86
80
76
84
71
70
66
67
58
52
37
36
38
40
41
61
59
42
44
11
4
3
8
9
1
6
7
2
43
24
39
35
51
47
50
49
48
69
62
75
78
77
68
64

improvements: 104
initial-cycle-weight: 4810
final-cycle-weight: 1138
16
14
19
18
1
12
6
15
31
26
25
5
13
68
78
70
79
85
83
71
65
69
62
55
75
77
66
84
61
44
38
37
21
32
49
20
28
27
29
7
8
33
51
56
76
64
54
46
48
50
52
39
40
41
59
58
57
60
43
11
42
24
4
10
3
2
9
35
36
22
23
34
47
67
80
86
63
73
72
90
91
95
111
120
128
109
108
126
107
115
116
103
104
110
119
129
117
122
96
97
94
81
82
87
93
98
118
121
130
112
100
99
102
113
123
125
127
131
124
114
101
106
105
88
92
89
74
53
45
30
17

improvements: 135
initial-cycle-weight: 4688
final-cycle-weight: 922
50
36
22
37
40
60
41
23
39
38
35
33
32
34
7
20
29
28
17
16
15
14
13
5
6
1
12
18
25
19
31
21
2
8
3
9
4
11
10
24
44
42
43
61
83
79
87
88
82
81
69
67
66
84
71
76
72
73
80
85
86
95
90
91
96
97
94
104
103
111
117
122
120
119
110
108
113
109
115
116
128
127
129
131
125
126
107
112
105
123
114
101
106
124
121
118
130
100
102
92
99
98
89
93
77
78
74
64
68
75
54
55
46
30
27
26
53
45
47
49
48
52
57
56
58
63
59
70
65
62
51

improvements: 134
initial-cycle-weight: 4665
final-cycle-weight: 977
55
64
74
89
87
94
77
82
81
84
86
62
56
57
66
71
80
72
97
103
91
90
95
96
104
122
117
111
109
107
120
116
115
127
119
108
106
114
121
124
123
112
130
118
125
126
110
129
128
131
113
100
99
102
105
101
98
93
92
88
85
83
79
65
69
78
68
75
54
46
26
28
27
19
16
17
8
7
6
1
12
14
15
18
13
5
25
53
45
47
70
67
63
76
73
61
59
60
58
38
4
11
24
41
44
43
42
40
23
9
10
2
3
32
21
35
29
30
31
20
36
37
22
39
51
50
48
52
33
34
49

improvements: 103
initial-cycle-weight: 4191
final-cycle-weight: 1059
23
11
24
42
40
41
43
44
36
38
57
67
76
79
94
88
81
65
69
62
63
66
58
70
73
85
84
80
86
71
56
50
35
32
28
30
53
31
37
22
21
3
8
7
20
27
19
26
25
29
33
47
51
52
34
39
59
61
60
72
83
91
90
96
95
97
109
115
116
110
104
103
122
117
129
119
127
131
128
124
106
102
100
114
130
118
123
112
107
113
99
120
111
108
126
125
121
105
98
101
93
82
45
46
54
48
49
55
64
68
77
75
78
87
92
89
74
13
15
16
14
6
17
18
12
1
5
2
10
4
9

improvements: 106
initial-cycle-weight: 4860
final-cycle-weight: 1188
56
50
65
49
59
73
43
41
44
11
39
40
24
37
52
35
58
69
87
79
85
88
92
99
108
110
115
111
117
128
119
126
107
125
127
113
106
100
114
121
118
112
123
130
124
102
105
101
98
131
129
116
120
122
103
95
97
104
94
93
89
53
26
19
20
29
7
15
14
17
12
31
25
16
1
8
9
3
2
10
4
23
42
51
72
80
76
62
48
47
55
54
81
77
75
68
64
46
30
38
61
60
36
32
21
33
34
22
6
18
5
13
45
28
27
74
82
78
109
96
84
83
90
91
86
63
67
70
66
71
57

improvements: 124
initial-cycle-weight: 4621
final-cycle-weight: 957
75
82
87
85
84
80
73
90
91
95
97
72
61
59
58
60
63
69
62
56
57
52
50
34
20
22
4
10
11
9
8
2
3
1
12
15
7
18
25
17
53
74
45
27
26
46
68
78
64
55
54
47
48
28
30
19
14
6
5
13
16
29
31
21
36
35
43
42
39
40
38
37
41
44
24
23
33
32
51
49
65
70
67
66
76
71
79
88
89
93
92
94
99
101
106
102
98
100
112
123
130
114
118
121
105
107
113
124
125
108
126
109
116
128
117
115
119
127
131
120
122
129
111
110
103
104
96
86
83
81
77

improvements: 99
initial-cycle-weight: 4696
final-cycle-weight: 1185
97
91
95
104
111
115
127
128
129
122
117
110
120
119
109
89
74
68
64
54
78
75
77
51
30
45
28
34
52
35
22
37
32
20
16
15
12
18
19
29
33
31
2
8
3
1
6
14
13
5
25
26
53
27
17
7
57
56
48
49
50
67
58
70
76
85
79
69
59
44
43
61
41
24
10
42
83
65
66
62
60
36
39
40
38
9
4
11
23
21
55
46
47
63
71
80
72
73
86
87
93
84
94
88
82
81
92
90
96
116
131
124
118
106
102
100
98
112
105
101
114
121
130
123
126
125
107
99
113
108
103

improvements: 103
initial-cycle-weight: 4695
final-cycle-weight: 1088
101
106
102
107
126
131
125
124
123
130
118
121
114
113
127
120
109
103
104
129
122
110
111
80
72
73
42
41
43
39
44
11
10
4
1
6
5
26
19
74
64
89
78
88
93
99
94
92
81
55
47
27
29
31
15
16
12
13
18
17
25
28
30
14
3
8
7
32
21
9
2
38
52
57
51
49
20
36
37
22
23
24
40
35
34
33
62
70
66
56
48
54
45
53
75
77
87
82
68
46
50
76
71
63
58
59
60
61
86
79
84
85
67
65
69
83
90
91
95
97
96
117
115
128
119
116
108
98
112
100
105

improvements: 109
initial-cycle-weight: 4640
final-cycle-weight: 1059
110
108
101
100
102
98
123
105
118
130
121
124
113
125
114
126
107
106
99
112
89
87
93
74
64
55
69
63
84
76
86
79
85
95
104
103
97
96
91
90
88
83
71
70
65
67
57
50
49
58
56
52
51
62
78
81
82
77
47
48
20
21
40
41
24
11
39
23
22
10
8
3
2
9
4
42
43
44
38
34
35
36
59
66
80
72
73
61
60
37
33
29
16
18
13
12
1
5
25
28
6
14
27
26
19
15
17
7
32
30
31
45
53
54
46
68
75
94
92
109
115
120
128
131
127
119
116
129
122
117
111

improvements: 115
initial-cycle-weight: 4631
final-cycle-weight: 994
27
16
14
12
13
17
25
15
19
29
30
20
28
46
22
58
51
57
50
32
31
33
8
35
62
56
63
69
67
66
76
78
84
83
86
85
80
81
92
88
94
93
99
109
128
115
110
129
117
111
119
131
127
120
104
95
90
96
97
103
122
116
126
108
102
105
106
113
124
125
107
100
121
114
123
130
118
112
101
98
89
74
77
87
82
65
71
72
73
59
60
61
91
79
70
75
68
64
47
55
54
45
18
5
6
7
1
3
2
9
10
4
11
24
44
43
40
41
42
23
39
38
36
37
52
49
48
34
21
53
26

improvements: 112
initial-cycle-weight: 4858
final-cycle-weight: 1011
16
25
19
28
20
29
30
47
31
45
75
89
112
106
104
103
120
116
110
119
117
111
122
129
128
131
127
99
108
115
109
125
126
113
102
98
100
130
123
118
114
105
121
124
107
101
92
94
95
97
96
91
90
83
88
77
54
53
74
64
55
46
68
78
82
93
87
81
69
62
66
76
65
70
67
86
80
60
59
40
33
50
51
52
49
48
56
57
37
23
61
72
73
85
84
79
71
63
58
43
44
42
4
9
10
11
24
41
39
38
34
21
32
35
36
22
3
8
7
6
12
1
2
15
13
5
18
26
27
17
14

improvements: 101
initial-cycle-weight: 4543
final-cycle-weight: 1135
40
32
48
30
18
12
13
5
3
1
6
16
29
20
8
2
35
67
76
71
49
52
51
50
58
36
22
37
21
31
47
55
27
26
19
17
15
7
14
25
28
46
53
45
81
94
92
99
107
100
105
112
98
106
114
124
130
102
109
128
113
108
116
117
103
119
115
104
97
91
95
96
110
122
111
120
131
127
129
126
125
118
123
121
101
93
88
62
69
68
64
78
82
87
89
74
77
75
54
70
65
57
63
83
90
80
79
66
85
86
84
72
73
61
44
41
42
39
38
43
59
60
56
33
34
10
4
9
24
11
23

improvements: 114
initial-cycle-weight: 4657
final-cycle-weight: 1071
89
53
45
26
55
54
58
51
65
66
94
97
104
103
95
90
91
96
111
98
93
99
102
100
123
121
118
112
114
106
108
113
109
110
129
128
131
119
117
122
116
115
120
126
127
125
124
130
107
105
101
87
92
88
79
85
80
62
76
73
59
44
41
11
4
10
9
2
3
61
24
42
43
60
63
83
84
86
72
71
67
70
69
57
56
48
50
37
39
40
23
35
47
27
19
29
46
30
31
33
32
8
21
22
34
36
38
52
49
20
7
1
6
15
25
14
17
13
18
12
5
16
28
75
68
64
74
77
78
82
81

improvements: 109
initial-cycle-weight: 4371
final-cycle-weight: 1062
46
47
14
7
9
39
40
42
44
43
24
36
22
35
34
33
23
41
37
38
52
58
61
60
59
79
88
102
128
120
122
119
110
116
129
104
111
126
131
127
125
101
124
108
106
107
99
83
66
57
55
49
56
50
48
51
67
73
72
84
86
80
85
82
87
90
95
91
96
97
103
117
115
109
113
112
114
123
130
121
100
105
118
98
93
89
92
94
76
70
63
71
65
69
62
78
77
64
75
81
68
74
53
5
13
17
16
15
25
45
28
29
31
20
32
2
8
4
11
10
3
1
6
12
18
26
27
19
21
30
54

improvements: 131
initial-cycle-weight: 4704
final-cycle-weight: 921
51
57
56
47
54
68
64
75
74
89
13
18
15
17
14
12
5
1
2
8
7
6
16
25
29
46
45
53
26
19
28
27
30
20
49
52
39
23
24
41
40
38
37
10
11
4
3
9
21
22
36
42
43
44
60
61
73
59
58
86
85
94
99
93
88
82
81
80
90
91
97
96
95
104
103
111
110
109
122
117
129
120
128
131
126
125
124
121
100
106
102
101
107
108
115
119
116
127
113
130
123
114
118
105
112
98
77
87
92
84
83
79
76
67
63
70
65
69
66
72
71
62
78
35
34
33
32
31
48
55
50

improvements: 105
initial-cycle-weight: 4444
final-cycle-weight: 1062
57
48
50
56
66
72
83
80
70
69
65
62
81
88
82
67
58
60
61
59
85
90
95
96
91
97
104
103
117
111
128
127
120
129
122
116
110
115
131
125
126
107
119
109
113
108
124
123
114
118
89
93
98
100
106
101
102
121
130
112
105
94
92
87
99
84
78
74
77
68
64
54
45
31
28
27
26
55
75
46
47
36
38
24
42
22
35
34
20
19
53
29
30
15
14
17
25
18
16
12
10
6
13
5
1
7
2
3
8
32
21
33
9
4
11
43
41
40
39
23
44
73
86
71
63
79
76
52
51
49
37

improvements: 108
initial-cycle-weight: 4674
final-cycle-weight: 1126
94
92
89
74
93
106
102
130
98
105
101
100
113
126
124
125
131
127
128
109
110
103
95
97
104
129
111
108
115
116
117
122
120
119
121
112
123
118
114
107
99
83
84
79
65
69
71
76
72
57
67
66
70
52
51
50
49
56
48
47
32
34
55
45
29
30
31
16
25
13
1
8
9
4
38
39
41
43
44
11
10
22
36
23
24
42
40
37
33
7
2
3
6
5
15
28
54
75
53
27
64
81
68
77
62
78
46
26
18
17
14
12
19
20
35
21
59
63
58
61
60
91
90
96
87
82
80
73
86
85
88

improvements: 121
initial-cycle-weight: 4550
final-cycle-weight: 957
12
13
5
18
3
7
14
19
27
28
15
17
16
25
45
54
71
63
70
80
83
86
84
85
69
62
65
56
49
51
52
36
35
38
21
34
46
68
75
78
89
94
92
93
98
101
105
100
107
106
124
125
126
114
121
118
130
123
112
113
108
102
99
111
104
119
109
110
116
115
127
131
129
122
128
120
117
103
97
91
96
95
90
72
73
60
43
61
59
44
41
24
40
42
4
11
10
39
23
22
8
2
9
37
57
50
33
55
48
47
66
58
67
76
79
81
82
88
87
77
64
74
53
26
30
20
32
31
29
1
6

improvements: 123
initial-cycle-weight: 4886
final-cycle-weight: 955
96
97
104
103
120
122
116
111
117
110
108
109
129
119
115
127
128
131
126
113
124
125
123
121
130
118
105
114
107
99
93
87
92
91
90
72
76
71
51
57
56
52
50
55
27
46
48
47
49
32
21
36
22
34
35
38
23
39
44
43
40
42
59
60
73
61
41
24
11
4
8
6
5
13
12
15
14
16
17
18
25
53
26
74
45
64
78
77
75
69
62
54
29
28
19
20
31
30
33
7
1
2
3
9
10
37
58
66
65
70
79
81
86
85
84
83
88
80
63
67
82
68
89
98
100
112
106
101
102
94
95

improvements: 128
initial-cycle-weight: 4479
final-cycle-weight: 939
30
29
17
18
13
5
6
1
12
7
9
22
35
51
63
62
69
87
92
94
109
110
120
117
115
128
131
127
125
116
129
119
108
113
107
124
123
130
106
102
101
100
98
105
112
121
114
118
126
122
103
104
97
111
96
95
90
91
88
85
72
61
73
71
67
70
65
66
76
83
84
86
80
79
81
78
75
77
89
93
99
82
68
64
55
56
57
58
52
50
48
47
54
46
74
53
45
49
38
23
39
40
43
41
44
59
60
42
24
10
11
4
2
3
16
15
14
25
19
26
28
27
20
8
31
21
36
37
34
32
33

improvements: 84
initial-cycle-weight: 4764
final-cycle-weight: 1262
25
13
5
17
34
51
63
76
65
70
56
49
55
47
48
69
81
87
88
82
93
100
101
123
124
131
126
121
102
108
125
112
114
130
98
89
95
110
122
117
120
119
128
129
115
127
103
97
83
84
73
61
80
85
71
66
58
60
39
38
41
10
23
32
37
36
22
8
2
43
24
40
59
72
86
91
96
104
111
116
107
118
105
106
113
109
99
94
92
90
42
44
11
4
9
3
6
18
12
27
7
15
14
21
50
52
57
67
79
62
68
75
31
20
16
1
46
54
53
64
74
77
78
45
29
28
35
33
26
30
19

improvements: 127
initial-cycle-weight: 4770
final-cycle-weight: 903
44
61
60
73
84
86
80
72
59
38
37
22
36
51
50
49
69
70
63
57
56
71
66
65
64
89
74
75
68
54
55
47
35
8
6
14
26
46
45
53
20
15
16
25
18
13
5
12
1
7
3
2
10
41
40
11
4
9
33
31
30
27
19
17
29
28
32
21
34
48
52
67
76
62
78
77
81
82
87
83
85
97
96
91
90
95
110
111
104
103
122
117
116
128
127
120
129
131
126
125
124
107
106
102
112
100
101
105
118
114
130
123
121
113
115
109
119
108
99
98
93
94
92
88
79
58
43
42
23
39
24

improvements: 113
initial-cycle-weight: 4704
final-cycle-weight: 953
37
36
23
43
44
11
9
8
2
10
4
3
7
6
1
12
14
30
31
32
65
70
66
69
55
47
57
56
63
71
76
67
86
83
73
60
24
42
41
40
39
38
35
52
49
50
58
59
61
72
85
91
90
97
103
96
95
99
110
116
117
120
111
104
122
128
119
125
124
106
109
127
129
131
126
115
107
108
113
102
100
130
121
118
123
112
114
105
101
94
98
93
92
88
87
80
79
84
62
51
48
68
64
89
81
82
77
75
78
54
46
45
74
53
25
18
13
5
15
16
17
20
29
27
28
26
19
33
34
21
22

improvements: 131
initial-cycle-weight: 4602
final-cycle-weight: 935
48
47
76
86
85
84
83
80
71
63
66
70
58
40
39
37
36
35
33
34
52
50
38
41
42
24
43
23
11
44
61
73
72
59
60
90
91
95
110
120
116
119
115
109
108
113
129
131
128
122
117
103
97
96
104
111
127
126
121
130
112
123
118
114
125
124
94
92
88
87
99
107
106
101
105
100
102
98
93
89
82
68
77
81
79
69
78
75
45
53
25
27
26
19
17
16
6
15
12
18
13
5
14
1
4
10
9
3
22
21
8
2
7
31
29
28
20
30
32
49
55
64
46
54
74
65
62
56
51
57
67

improvements: 97
initial-cycle-weight: 4736
final-cycle-weight: 1264
47
77
68
75
78
69
70
63
73
59
60
42
43
9
10
39
36
49
52
22
35
50
67
32
33
57
65
66
88
103
129
119
128
131
127
108
101
102
124
125
114
130
98
118
121
106
105
112
123
100
99
113
107
109
126
117
111
122
116
91
87
89
94
93
82
92
115
120
110
104
96
95
97
83
84
72
76
79
80
85
86
58
81
37
41
11
4
23
40
44
24
61
90
71
62
55
51
64
74
56
38
34
21
3
8
2
1
7
25
18
6
17
14
27
53
12
5
13
15
29
30
20
31
28
19
16
26
46
45
54
48

improvements: 127
initial-cycle-weight: 4445
final-cycle-weight: 919
27
1
12
6
8
7
21
9
3
2
4
11
10
40
38
35
33
32
31
37
23
34
22
36
41
42
24
43
44
39
67
76
70
66
71
69
63
65
62
50
55
68
77
75
78
64
47
56
49
51
48
52
57
59
58
60
72
73
61
90
91
88
84
85
86
80
83
79
82
81
87
92
94
93
108
119
120
116
117
103
104
111
110
97
95
96
122
129
115
125
126
131
128
127
109
107
99
113
124
106
102
101
123
118
112
130
121
114
105
100
98
89
74
53
45
54
46
30
28
20
26
29
19
25
14
15
17
18
13
5
16

improvements: 115
initial-cycle-weight: 4583
final-cycle-weight: 1014
27
19
30
26
53
68
65
66
71
67
63
57
34
21
32
52
51
48
81
82
78
70
69
76
80
85
83
84
58
73
59
61
60
72
79
95
96
97
103
104
111
116
115
109
117
129
122
120
119
110
108
107
102
118
123
121
130
112
114
100
101
105
128
126
113
125
127
131
124
106
93
99
98
92
94
87
88
91
90
86
36
22
43
44
40
24
9
8
7
1
6
5
16
14
12
15
28
46
54
77
75
64
74
89
45
25
18
17
13
29
31
55
62
56
50
47
49
33
35
37
23
42
41
39
38
11
10
3
4
2
20

improvements: 91
initial-cycle-weight: 4516
final-cycle-weight: 1166
126
107
113
106
124
125
123
100
101
112
114
102
118
130
121
105
98
93
94
96
97
103
120
115
108
116
117
111
99
109
127
119
110
92
87
88
68
78
77
89
74
30
33
49
47
52
36
35
55
48
31
8
2
6
16
53
27
26
46
54
69
62
65
56
75
82
95
85
70
76
60
59
86
83
81
45
13
5
7
1
12
17
15
14
18
25
64
29
28
20
19
32
34
38
39
57
50
51
73
61
37
40
24
11
10
9
4
3
21
22
41
44
23
42
43
58
72
80
84
63
71
66
67
79
90
91
104
122
131
129
128

improvements: 107
initial-cycle-weight: 4650
final-cycle-weight: 1101
9
3
2
41
24
11
10
4
42
40
36
44
37
58
80
83
85
71
67
95
91
96
97
103
122
111
110
109
115
119
128
116
131
127
125
126
106
105
118
114
121
123
112
130
113
107
108
124
100
101
102
99
78
75
81
69
57
35
33
49
21
34
22
7
6
19
15
12
31
30
29
26
53
32
28
27
14
16
17
1
13
5
25
18
88
84
79
76
86
90
104
117
129
120
92
94
87
62
56
55
48
47
63
65
51
52
50
38
23
39
60
43
61
59
73
72
66
70
82
93
98
89
74
64
77
68
54
45
46
20
8

improvements: 128
initial-cycle-weight: 4387
final-cycle-weight: 954
130
123
112
105
101
100
98
93
92
94
113
108
107
99
89
77
68
75
71
58
41
24
42
43
60
59
39
44
11
38
40
23
10
4
9
8
7
6
2
3
5
13
12
1
16
15
14
27
17
25
18
26
28
29
45
46
19
20
30
32
33
31
21
50
51
52
37
35
22
36
34
57
63
72
61
73
86
84
66
62
67
69
82
78
70
56
48
47
49
54
64
74
53
55
65
76
83
85
80
79
81
88
87
91
90
95
97
96
115
128
116
119
127
120
117
104
111
109
110
103
122
129
131
126
124
118
106
102
121
114
125

improvements: 113
initial-cycle-weight: 4740
final-cycle-weight: 1062
41
24
42
60
43
11
40
38
23
10
4
3
2
6
19
26
27
29
20
30
35
9
7
12
18
13
5
1
8
21
22
37
34
32
33
65
76
66
67
84
80
83
86
85
79
57
49
48
55
89
87
77
75
74
64
68
78
81
82
99
118
112
105
114
130
124
125
121
123
100
93
102
98
101
106
115
109
111
117
116
131
127
128
119
113
108
107
126
110
120
122
129
104
97
103
92
94
88
96
95
90
91
72
58
36
56
70
71
63
62
69
47
54
45
16
25
14
17
15
28
53
46
31
51
50
52
59
73
61
39
44

improvements: 104
initial-cycle-weight: 5210
final-cycle-weight: 1098
19
5
6
14
12
1
2
3
8
9
7
33
51
70
71
36
38
42
39
44
24
43
41
34
10
4
11
35
21
29
46
20
30
49
48
50
37
22
32
31
47
55
68
77
69
65
78
88
92
87
81
74
64
75
62
79
82
83
84
90
91
110
128
116
109
100
130
105
106
113
107
108
117
120
97
96
95
104
103
111
122
115
124
125
126
127
119
129
131
121
123
112
114
118
102
101
89
93
98
99
94
85
60
56
57
76
67
66
63
72
80
86
73
61
59
40
23
58
52
26
54
45
53
16
28
27
25
17
18
15
13

improvements: 111
initial-cycle-weight: 4453
final-cycle-weight: 1039
41
40
39
23
24
36
21
28
27
19
45
68
64
74
53
75
81
77
55
49
48
37
38
11
4
10
43
7
20
33
31
32
22
35
2
3
9
8
1
6
16
15
12
13
5
18
17
26
25
14
29
46
54
50
51
30
34
58
59
72
86
83
84
110
128
115
108
99
125
126
131
127
116
94
92
88
87
82
78
93
105
102
106
121
114
101
98
89
100
112
118
123
130
124
107
113
119
129
120
117
122
109
111
104
103
97
95
96
91
90
70
76
85
67
57
66
69
71
63
56
47
52
62
65
79
80
73
61
44
60
42

improvements: 91
initial-cycle-weight: 4788
final-cycle-weight: 1192
12
13
1
6
17
25
46
27
7
8
9
10
11
42
44
61
60
59
57
63
67
79
84
73
86
72
91
90
95
83
65
66
70
81
82
78
88
94
92
87
93
89
102
124
106
100
130
126
113
108
104
103
85
76
71
62
69
55
75
64
28
26
30
31
20
19
18
77
98
101
125
114
121
118
123
112
105
127
107
99
115
110
116
117
120
128
122
129
131
119
109
111
97
96
80
58
56
34
2
23
37
39
24
40
41
43
4
3
36
52
35
38
50
51
21
22
48
33
45
47
49
53
74
68
54
32
29
14
15
16
5

improvements: 103
initial-cycle-weight: 4230
final-cycle-weight: 1117
1
8
2
32
34
35
38
24
43
40
3
9
36
33
21
30
31
6
7
28
29
20
45
53
25
13
12
5
16
19
27
26
74
77
89
93
101
102
106
112
130
114
123
107
126
127
108
113
128
125
121
124
98
92
94
87
88
100
105
118
131
117
115
110
116
120
122
129
119
104
111
109
99
96
103
95
90
97
91
84
85
67
63
58
76
70
60
59
72
73
44
11
4
10
23
41
42
39
22
37
50
51
61
52
56
46
54
64
68
75
82
65
66
69
62
71
57
80
86
83
81
79
78
49
55
47
48
18
17
14
15

improvements: 92
initial-cycle-weight: 4761
final-cycle-weight: 1257
98
93
95
90
104
126
108
113
101
100
112
123
121
118
105
99
102
124
125
115
119
131
122
111
117
109
116
129
110
128
120
103
96
86
57
51
30
16
5
13
14
17
18
25
12
1
6
7
15
8
19
26
27
45
28
29
20
33
23
11
10
3
2
34
21
22
47
54
53
74
77
63
58
36
39
38
40
37
9
35
4
43
44
41
24
42
73
59
32
31
48
55
50
62
56
49
46
64
68
81
83
69
82
78
66
52
72
97
91
61
60
79
87
75
65
76
70
71
67
80
85
92
94
84
88
107
127
130
114
106
89

improvements: 116
initial-cycle-weight: 4827
final-cycle-weight: 1001
122
131
125
124
107
99
108
115
110
116
120
129
128
109
119
127
126
113
106
105
100
101
121
118
114
130
112
123
98
102
93
92
88
79
65
78
89
74
53
27
25
26
6
15
14
19
28
30
31
22
35
33
21
9
2
8
3
1
5
13
12
18
16
17
45
46
49
50
67
71
56
63
62
69
70
82
75
68
77
64
54
55
47
48
20
7
29
32
36
37
4
10
11
41
39
40
38
34
51
52
81
85
83
80
76
66
58
57
23
44
24
61
73
60
43
42
59
72
86
84
87
90
97
96
104
103
94
91
95
111
117

improvements: 110
initial-cycle-weight: 4523
final-cycle-weight: 1082
118
121
126
131
130
114
112
123
100
101
107
113
124
125
129
119
106
102
88
95
109
108
115
116
128
120
117
127
122
104
103
110
111
97
96
90
91
80
72
60
61
24
43
59
73
39
23
44
42
40
11
41
38
37
36
35
22
8
6
1
5
13
55
48
49
68
77
75
65
79
76
70
85
84
86
83
87
92
82
81
62
66
69
64
78
28
29
25
26
74
53
45
27
19
16
14
30
32
20
3
4
10
9
2
15
12
18
17
7
21
34
31
33
51
57
56
67
58
63
71
52
47
50
46
54
89
93
98
94
99
105

improvements: 111
initial-cycle-weight: 4667
final-cycle-weight: 1002
41
44
39
23
10
11
4
9
3
2
8
43
24
22
34
21
32
36
38
40
61
80
85
84
86
90
91
95
97
119
120
128
127
131
125
126
99
94
92
87
79
48
49
47
46
29
15
14
12
18
13
5
25
74
53
17
1
7
6
16
26
27
28
45
19
30
20
62
55
78
75
68
64
54
89
93
98
106
102
112
121
124
123
130
114
118
101
113
100
105
107
109
108
115
117
122
103
129
116
110
111
104
96
88
83
63
76
65
56
57
66
58
67
71
69
81
77
82
70
72
73
59
60
51
33
31
50
52
35
37
42

improvements: 92
initial-cycle-weight: 4225
final-cycle-weight: 1179
18
45
53
31
20
47
49
46
55
50
69
88
81
75
64
77
74
94
99
107
128
122
131
130
114
118
102
112
105
101
100
113
108
109
121
124
125
115
116
117
110
120
111
127
126
106
123
98
89
93
87
92
82
65
70
67
33
35
29
32
30
22
51
57
48
21
3
8
2
7
14
1
17
15
6
4
9
37
39
40
38
43
60
96
104
103
129
119
97
91
90
95
85
80
86
83
84
73
61
42
41
24
44
23
10
11
34
36
59
56
72
63
71
76
79
68
78
62
66
58
52
28
54
19
27
26
25
5
13
16
12

improvements: 85
initial-cycle-weight: 4482
final-cycle-weight: 1192
112
101
126
131
123
121
107
106
124
99
109
108
113
125
127
116
129
103
104
96
128
115
110
120
119
117
122
111
97
95
91
86
71
65
70
69
75
79
72
73
80
59
52
48
57
62
66
63
76
67
58
85
84
90
61
24
32
31
54
55
47
34
35
68
77
74
78
81
82
83
21
33
14
27
46
30
29
49
50
64
45
26
7
8
2
15
13
5
12
18
28
17
19
20
36
38
9
10
42
43
44
22
23
11
4
40
37
60
41
39
56
51
3
1
6
16
25
53
89
93
87
88
92
94
98
102
100
130
118
114
105

improvements: 91
initial-cycle-weight: 4856
final-cycle-weight: 1229
50
36
37
34
7
15
27
25
28
45
53
26
19
17
18
14
1
12
13
5
64
68
54
46
16
6
4
10
39
59
61
91
85
76
79
71
86
77
89
74
82
81
87
75
78
93
98
118
124
123
112
106
113
129
115
127
107
131
128
117
119
120
116
126
125
130
101
100
105
121
114
108
102
109
92
90
97
96
95
104
103
110
111
122
99
94
88
84
62
73
57
47
52
66
56
69
83
80
72
63
58
60
44
43
24
40
42
22
23
35
41
38
32
30
31
33
20
29
48
65
67
70
55
49
9
21
3
11
2
8
51

improvements: 126
initial-cycle-weight: 4598
final-cycle-weight: 965
110
109
116
120
129
117
111
128
119
115
113
108
105
114
118
123
130
100
98
101
112
106
102
121
131
127
124
125
126
107
99
93
89
74
27
18
25
13
15
16
17
5
6
7
19
30
31
33
34
37
20
32
29
28
14
12
1
9
8
3
2
4
11
10
39
40
44
24
41
60
73
61
43
42
59
23
22
38
36
35
21
50
54
77
78
75
68
82
87
83
76
62
52
47
49
48
46
26
45
53
64
55
56
69
65
81
79
66
57
51
67
63
58
71
70
72
85
94
92
88
80
84
86
91
95
90
97
96
104
103
122

improvements: 119
initial-cycle-weight: 4608
final-cycle-weight: 931
88
92
94
99
93
102
107
108
109
106
101
112
105
100
98
118
121
114
123
130
125
115
116
120
127
113
124
126
131
128
119
117
129
122
104
103
111
110
95
96
97
91
90
80
76
79
84
69
66
63
83
87
85
86
70
65
57
56
49
50
48
47
46
54
28
31
33
3
9
8
2
7
20
30
25
17
27
19
26
16
14
5
13
18
15
6
12
1
29
53
45
55
89
77
74
68
64
75
62
71
67
51
52
37
23
42
4
11
10
22
36
32
21
35
34
38
40
41
44
43
39
24
59
72
73
61
60
58
81
78
82

improvements: 112
initial-cycle-weight: 4567
final-cycle-weight: 1015
9
4
10
23
22
33
36
38
39
11
41
40
42
24
44
43
61
73
91
90
100
101
106
113
107
102
92
87
94
93
112
105
114
118
130
121
123
98
89
99
109
108
115
116
117
111
120
122
104
103
96
97
110
119
129
128
131
126
125
124
127
95
72
86
85
84
80
83
60
59
37
34
52
47
48
32
31
20
21
35
67
66
81
78
68
77
74
64
75
79
82
88
65
50
49
56
57
58
63
62
69
70
71
76
54
51
30
19
15
1
12
18
5
13
17
25
14
16
26
53
45
55
46
28
27
29
8
6
7
3
2

improvements: 113
initial-cycle-weight: 4569
final-cycle-weight: 1036
23
44
41
40
36
58
37
34
21
9
2
10
42
24
43
11
4
3
8
32
29
26
28
30
20
22
35
51
50
47
31
48
64
68
74
89
94
108
113
107
125
101
102
106
114
130
118
123
131
121
112
105
100
98
93
99
109
124
126
127
115
116
119
120
122
111
103
95
97
96
104
117
129
128
110
91
90
92
81
78
65
62
63
69
52
56
49
33
12
25
14
5
16
7
6
1
17
19
27
15
18
13
45
53
54
46
55
77
87
88
82
75
66
79
70
71
57
76
60
61
73
67
83
85
86
84
80
72
59
39
38

improvements: 131
initial-cycle-weight: 4623
final-cycle-weight: 944
95
96
97
104
103
122
120
110
111
117
116
131
125
113
124
107
102
100
101
99
93
89
98
130
121
118
123
114
105
112
106
108
127
128
129
115
119
126
109
92
87
88
94
90
83
86
73
72
66
63
62
65
69
54
68
81
78
77
64
74
53
46
29
28
27
26
45
30
17
19
14
6
16
25
13
18
12
15
5
1
7
20
31
32
47
49
70
76
71
79
85
84
80
82
75
55
50
34
33
8
9
2
3
21
36
57
58
67
56
52
48
51
38
22
35
37
39
23
24
10
4
11
40
42
41
44
61
59
43
60
91

improvements: 128
initial-cycle-weight: 4606
final-cycle-weight: 936
58
41
24
42
40
43
44
73
72
63
80
70
65
79
71
76
83
85
90
86
84
62
69
66
59
61
60
39
37
38
36
23
10
8
4
11
9
3
2
6
7
1
12
5
13
15
14
26
16
27
17
18
19
25
29
20
30
32
33
31
47
45
46
74
53
28
49
50
51
21
22
34
35
48
57
56
55
54
75
64
68
78
81
77
89
93
98
112
106
108
102
101
100
105
118
121
114
123
130
124
113
127
128
129
131
125
120
122
115
116
110
104
103
97
95
91
96
111
117
119
126
109
99
107
92
94
87
88
82
67
52

improvements: 132
initial-cycle-weight: 4429
final-cycle-weight: 951
82
81
75
89
98
93
77
78
56
50
49
62
69
76
71
65
55
64
68
54
48
34
51
52
47
36
40
59
60
61
44
42
10
2
8
3
1
12
5
13
25
18
16
7
30
20
15
6
14
19
27
26
17
46
45
53
74
28
29
31
33
32
21
35
22
9
11
4
38
37
39
23
43
41
24
72
73
91
95
96
97
104
103
110
113
119
120
116
122
108
99
109
115
127
128
111
117
129
131
126
124
125
121
118
130
114
112
123
105
100
102
101
106
107
94
92
88
87
79
70
66
57
58
63
67
83
90
86
85
80
84

improvements: 103
initial-cycle-weight: 4451
final-cycle-weight: 1061
81
78
77
74
89
93
98
116
109
108
120
122
129
128
117
104
103
111
110
107
106
115
119
113
127
126
125
131
114
130
100
123
112
101
121
105
118
124
102
92
94
99
95
97
96
90
91
84
83
65
70
69
62
49
47
46
87
82
88
79
76
86
85
80
72
73
60
41
66
63
56
57
58
67
71
51
48
42
61
59
40
43
44
24
4
11
10
3
2
1
5
12
7
20
21
34
32
54
53
26
18
17
16
14
27
15
6
19
28
30
29
8
13
25
45
55
33
31
22
23
39
36
37
9
38
35
52
50
64
68
75

improvements: 105
initial-cycle-weight: 4196
final-cycle-weight: 1028
95
97
96
104
107
102
105
114
121
106
124
101
100
98
93
82
89
74
68
64
54
28
18
15
17
16
26
27
14
12
13
5
19
29
75
65
62
56
49
52
51
34
32
45
53
46
55
47
66
69
78
81
77
63
70
71
79
85
103
110
128
116
111
117
120
129
122
115
109
119
108
113
112
123
118
130
125
131
126
127
99
92
87
94
88
83
80
86
84
73
72
67
57
37
38
35
33
31
48
50
30
25
6
7
1
20
21
22
39
44
40
42
24
11
10
2
4
3
9
8
36
23
41
43
58
76
59
61
60
90
91

improvements: 105
initial-cycle-weight: 4618
final-cycle-weight: 1086
42
43
44
56
70
52
35
30
53
26
29
19
28
32
20
27
14
16
6
15
25
18
12
1
13
5
17
45
74
46
54
78
75
69
81
68
64
55
48
47
50
58
66
65
62
49
38
51
21
8
3
7
2
4
11
9
10
39
36
37
57
90
91
104
96
92
99
127
126
124
125
121
101
106
112
100
102
107
105
114
118
123
130
131
113
108
109
116
122
117
115
119
128
129
120
110
103
97
111
95
88
86
94
93
98
89
87
77
82
71
83
80
85
76
84
79
67
63
59
61
72
73
60
23
22
34
31
33
24
41
40

improvements: 122
initial-cycle-weight: 4287
final-cycle-weight: 1002
85
83
80
71
59
23
41
60
61
43
44
24
42
11
4
9
7
14
12
5
13
1
17
16
6
2
3
8
21
32
33
31
20
10
38
39
37
22
36
35
34
55
48
47
57
69
84
91
86
90
99
108
106
101
102
105
118
114
121
125
109
107
113
130
123
112
93
98
100
124
131
126
128
127
119
115
110
122
116
95
96
97
104
103
120
129
117
111
94
92
88
70
72
73
58
40
63
67
76
66
56
62
64
82
81
87
89
74
45
53
68
75
78
77
54
46
19
27
26
18
15
25
30
28
29
52
49
50
51
65
79

improvements: 116
initial-cycle-weight: 4409
final-cycle-weight: 1003
114
118
124
108
107
100
98
112
121
125
127
129
116
95
97
103
111
117
92
106
105
101
102
94
99
93
89
53
54
46
29
30
32
21
19
20
31
7
10
4
11
33
34
38
40
23
60
44
41
37
36
50
48
47
49
51
28
55
69
62
65
79
66
72
58
67
57
52
35
22
9
2
3
1
12
8
6
15
17
16
14
18
5
13
25
26
27
45
74
77
64
68
75
78
81
71
63
73
59
61
24
43
42
39
56
70
76
82
87
88
83
84
85
80
86
90
91
96
104
122
120
115
110
109
119
128
113
126
131
123
130

improvements: 110
initial-cycle-weight: 4830
final-cycle-weight: 1075
85
65
62
66
51
57
39
41
60
59
61
80
84
81
82
63
71
67
70
76
75
47
48
30
29
19
20
7
2
3
6
12
17
25
18
13
5
14
16
8
9
11
4
1
10
40
38
35
22
36
49
50
42
43
44
24
23
58
37
33
21
34
52
77
68
78
64
55
46
54
45
32
31
28
26
15
27
53
74
87
79
69
56
73
72
83
86
96
97
95
94
88
92
93
89
98
100
102
101
121
124
130
131
126
125
105
106
118
114
123
112
99
109
110
122
103
111
115
120
116
127
107
108
113
128
119
129
117
104
91
90

improvements: 95
initial-cycle-weight: 4517
final-cycle-weight: 1154
88
83
86
91
73
72
85
84
79
67
80
61
60
40
43
44
38
37
36
7
8
1
2
3
10
4
9
45
13
5
19
16
14
15
12
6
17
28
30
53
74
18
25
26
20
29
32
34
31
23
22
21
35
41
42
39
11
24
51
33
52
27
54
47
50
65
49
48
55
69
71
63
59
58
56
70
66
76
62
82
92
94
108
115
128
110
111
109
120
131
113
106
119
116
127
126
125
118
102
99
107
95
96
90
97
117
129
103
104
122
124
130
123
121
114
101
100
112
105
98
93
89
57
46
75
64
77
68
78
87
81

improvements: 128
initial-cycle-weight: 5118
final-cycle-weight: 996
42
44
43
38
22
51
61
73
72
84
85
86
83
80
67
48
49
47
63
76
57
56
58
71
66
79
81
75
68
45
28
26
19
27
53
25
17
18
5
13
16
15
14
12
6
7
3
9
10
2
20
29
30
46
54
98
93
94
90
96
91
95
97
104
110
103
120
117
122
129
119
116
115
127
128
109
108
102
113
124
126
131
125
118
130
123
112
100
101
121
114
105
106
107
111
92
87
78
77
74
89
99
88
82
69
64
55
70
65
62
50
52
60
59
40
24
11
4
8
1
33
21
34
36
35
32
31
37
39
23
41

improvements: 120
initial-cycle-weight: 4522
final-cycle-weight: 977
82
85
91
90
104
103
97
96
92
88
86
83
80
59
73
61
41
38
22
36
37
44
43
42
23
39
24
11
10
4
9
8
2
3
7
20
31
26
15
14
12
6
18
5
13
1
16
17
25
28
19
27
45
53
54
68
77
74
46
29
33
49
66
69
65
64
75
47
32
21
35
34
30
48
55
51
50
56
52
40
60
72
71
76
62
67
58
57
70
63
78
89
87
94
99
93
98
121
112
102
101
106
105
114
123
100
107
125
126
131
127
108
113
118
130
124
109
116
119
129
122
117
120
115
128
110
111
95
84
79
81

improvements: 121
initial-cycle-weight: 4679
final-cycle-weight: 938
40
39
51
33
29
28
27
19
25
14
20
30
31
47
35
52
56
67
63
58
70
66
79
80
76
72
85
84
83
86
82
81
77
68
75
78
54
64
45
53
26
46
74
89
98
102
112
121
123
130
124
113
107
101
106
93
108
118
105
100
114
125
131
126
119
115
109
116
127
128
129
120
110
117
111
122
103
104
95
96
97
99
94
92
87
88
90
91
73
71
62
69
65
55
48
49
50
57
37
22
34
32
3
5
12
6
13
18
16
17
15
1
7
9
8
2
4
11
10
21
36
38
41
59
61
60
44
43
24
23
42

improvements: 107
initial-cycle-weight: 4493
final-cycle-weight: 1011
40
11
10
2
3
1
6
12
5
13
16
15
28
26
25
14
18
17
20
29
46
74
53
45
77
81
94
92
96
122
120
127
126
131
128
115
116
110
88
87
89
93
98
112
114
105
118
130
123
124
125
113
109
108
107
102
121
100
99
101
106
117
129
111
119
103
104
97
95
90
91
86
85
76
79
69
65
62
48
47
68
78
82
84
63
57
59
61
60
73
72
83
71
80
52
50
49
56
70
66
67
75
64
54
55
32
30
21
7
19
27
31
33
37
51
58
36
9
4
42
23
24
43
41
44
8
34
35
22
39
38

improvements: 115
initial-cycle-weight: 4397
final-cycle-weight: 989
7
6
20
47
67
76
70
71
66
69
56
62
65
73
63
79
85
83
84
80
60
44
24
41
42
61
59
72
86
90
91
97
104
103
96
95
92
94
109
100
98
93
87
88
99
117
122
120
116
128
115
119
110
111
129
127
126
131
130
124
118
121
106
102
101
113
125
107
108
114
123
112
105
89
74
53
25
18
19
15
28
30
34
35
4
3
11
9
10
36
21
33
22
43
39
40
23
37
38
58
52
57
51
49
31
29
32
46
75
82
78
81
77
68
64
55
48
50
54
45
27
26
17
16
14
12
13
5
1
8
2

improvements: 113
initial-cycle-weight: 4257
final-cycle-weight: 1027
98
93
89
74
26
29
25
18
16
6
19
17
15
21
35
38
22
34
33
47
49
52
39
37
32
36
4
11
10
23
43
44
24
41
40
42
61
60
51
30
20
28
55
53
13
5
12
14
1
2
3
7
8
9
31
27
45
54
46
64
62
82
75
78
68
77
81
80
67
85
79
71
65
63
66
70
76
69
56
50
57
48
58
59
73
72
86
87
92
94
99
88
83
84
90
97
96
95
91
103
116
129
128
117
122
131
113
115
119
120
104
110
111
127
109
108
101
114
121
118
126
125
123
130
124
106
100
112
107
102
105

improvements: 120
initial-cycle-weight: 4528
final-cycle-weight: 984
104
96
103
95
90
97
72
60
59
73
61
41
23
39
24
44
43
37
36
38
33
50
49
55
81
79
84
91
86
85
83
80
70
76
67
63
56
58
71
57
51
48
29
47
20
30
19
28
32
22
35
34
21
31
27
26
17
12
5
13
18
14
16
15
25
6
7
1
2
8
10
4
3
9
11
42
40
52
66
69
65
62
88
87
94
77
75
54
46
53
45
74
68
78
82
64
89
98
93
99
109
92
108
107
105
100
112
101
102
106
113
125
126
116
122
129
131
121
123
130
114
118
124
115
117
128
127
120
119
110
111

improvements: 94
initial-cycle-weight: 4439
final-cycle-weight: 1200
124
130
123
118
116
129
120
126
107
109
115
131
128
117
111
119
122
103
104
97
95
96
110
127
125
121
114
112
102
99
100
98
93
89
78
64
45
55
46
19
18
26
15
27
53
74
13
5
6
1
16
12
7
9
10
2
3
8
32
28
14
17
30
51
48
50
56
66
58
61
11
4
43
41
21
22
23
38
40
39
24
42
49
77
88
69
65
70
72
86
60
59
57
63
79
84
80
67
85
52
44
34
35
37
36
33
20
31
29
25
54
75
62
47
68
83
81
76
71
73
90
91
87
82
94
92
108
101
113
105
106

improvements: 131
initial-cycle-weight: 4555
final-cycle-weight: 893
64
74
75
68
65
69
58
57
52
56
70
76
67
85
83
88
87
94
92
99
109
127
128
131
126
108
107
113
106
102
101
124
112
130
123
125
118
121
114
105
100
98
93
89
77
81
82
78
62
80
86
91
97
104
120
116
129
122
111
110
119
115
117
103
96
95
90
73
61
60
59
43
41
72
71
84
79
66
63
51
34
37
33
35
9
10
11
4
24
44
42
39
40
38
23
36
22
32
21
48
50
49
55
47
29
53
25
6
7
17
15
14
16
19
27
30
31
20
8
2
3
1
12
5
13
18
26
28
46
45
54

improvements: 112
initial-cycle-weight: 4463
final-cycle-weight: 1023
100
121
118
123
130
114
112
105
99
101
106
92
93
78
56
47
55
77
68
54
30
28
29
53
45
46
27
26
17
25
18
5
14
15
7
6
13
16
12
8
1
3
2
9
22
37
40
23
39
59
58
57
38
34
36
35
10
4
11
43
24
42
44
41
21
31
20
19
32
33
48
64
74
89
75
87
83
85
88
84
86
80
70
76
63
71
66
69
49
51
65
82
81
62
50
52
61
60
73
72
79
67
91
95
90
94
97
96
104
103
122
111
129
131
120
117
116
109
119
110
115
128
127
107
113
108
126
125
124
102
98

improvements: 110
initial-cycle-weight: 4772
final-cycle-weight: 1096
54
48
50
56
68
77
74
53
31
28
45
55
64
75
81
78
69
66
86
80
83
65
79
70
71
76
67
82
62
85
84
88
87
89
98
99
94
113
108
107
125
126
129
128
131
127
109
110
120
117
116
122
104
103
95
91
90
102
114
105
101
124
118
130
121
106
112
123
92
93
100
115
119
111
97
96
59
73
72
60
61
43
44
40
58
37
38
39
51
33
57
63
49
47
52
22
23
10
11
41
42
24
2
4
9
36
35
34
32
21
3
8
30
19
20
29
26
5
15
6
1
7
16
12
17
14
13
18
25
27
46

improvements: 86
initial-cycle-weight: 4865
final-cycle-weight: 1231
124
121
114
130
118
112
100
106
101
102
107
87
77
63
66
62
55
20
42
44
43
23
41
24
4
9
2
8
3
58
48
50
35
34
36
37
39
21
38
11
10
22
40
33
31
46
53
27
25
30
28
54
26
19
64
98
123
108
113
125
126
122
110
95
90
97
104
131
115
129
103
111
120
117
119
109
96
91
84
73
61
72
60
59
57
51
49
56
70
83
71
67
86
80
76
69
65
78
68
75
81
82
85
79
47
52
32
29
14
17
5
7
1
12
13
15
18
6
16
45
74
89
92
94
93
88
99
127
128
116
105

improvements: 125
initial-cycle-weight: 4955
final-cycle-weight: 978
80
84
88
83
85
86
87
102
100
113
124
123
105
114
121
118
130
131
125
127
119
128
129
115
110
103
96
97
95
104
122
117
120
111
116
126
109
108
107
106
101
98
112
99
94
92
93
89
77
64
50
62
49
47
30
31
33
36
22
37
8
10
11
40
24
41
23
4
9
3
2
12
5
13
1
7
20
34
35
21
32
29
28
17
15
25
18
14
16
6
27
45
74
53
26
19
46
54
82
81
68
75
48
55
56
57
71
90
91
72
73
42
44
43
39
38
52
51
58
59
61
60
70
67
63
66
69
78
65
76
79

improvements: 130
initial-cycle-weight: 4717
final-cycle-weight: 967
115
110
117
129
120
128
122
111
103
97
96
104
91
95
90
59
43
24
44
42
60
61
73
72
58
51
65
67
57
63
69
62
70
66
71
80
86
76
79
81
78
82
87
94
88
106
101
107
109
99
108
92
83
84
85
40
23
4
10
11
41
39
50
56
52
32
48
49
33
34
21
17
15
6
12
14
5
1
8
2
3
9
22
37
36
38
35
29
30
31
20
28
7
18
13
16
25
26
27
19
53
54
68
64
55
47
46
45
75
77
74
89
93
98
100
114
102
105
124
121
118
112
123
130
125
131
127
126
113
116
119

improvements: 104
initial-cycle-weight: 4325
final-cycle-weight: 1098
66
52
48
77
67
58
49
62
65
57
60
59
44
42
40
41
63
34
32
21
29
31
17
46
30
8
2
3
12
7
9
4
10
11
24
43
22
35
36
39
51
38
37
23
33
28
53
45
25
26
14
18
5
13
1
6
16
15
19
20
27
54
64
75
71
69
55
47
50
56
68
74
89
93
78
81
82
87
94
92
98
112
130
123
121
118
113
106
100
107
126
131
128
115
110
116
129
127
124
102
114
105
101
99
125
108
109
91
90
86
83
84
85
73
61
72
79
88
95
96
103
104
117
120
111
119
122
97
80
76
70

improvements: 116
initial-cycle-weight: 4683
final-cycle-weight: 971
25
53
26
29
28
27
19
45
64
74
75
77
55
54
46
32
37
23
40
38
39
41
24
42
61
44
60
73
59
57
56
58
70
79
85
84
83
82
88
92
94
109
108
107
125
113
118
114
121
123
112
130
131
126
110
99
111
103
104
95
91
90
96
97
120
117
129
122
119
115
116
128
127
124
105
100
106
102
101
98
87
81
93
89
68
62
78
76
67
72
86
80
71
47
63
66
69
65
48
52
51
36
35
34
33
22
43
11
4
10
3
7
8
2
9
31
21
50
49
30
20
13
5
12
6
1
14
16
18
17
15

improvements: 96
initial-cycle-weight: 4655
final-cycle-weight: 1113
43
40
23
10
11
4
2
7
5
53
74
89
107
113
115
109
122
110
117
120
129
128
131
126
119
111
101
108
116
127
106
114
118
121
125
124
102
100
112
98
123
105
130
93
99
94
87
92
96
97
103
104
95
90
91
83
85
86
84
79
80
76
67
72
58
73
62
63
71
56
52
66
57
69
70
82
65
81
54
55
77
68
88
78
75
64
45
46
20
51
36
50
48
49
47
33
32
34
27
29
26
13
18
14
25
15
3
8
6
1
19
16
17
12
9
22
35
21
28
30
31
37
59
61
60
24
39
38
44
42
41

improvements: 134
initial-cycle-weight: 4401
final-cycle-weight: 883
59
60
72
61
73
91
90
97
111
95
96
104
103
129
117
128
109
115
116
119
108
110
120
122
127
131
126
125
113
124
106
114
123
130
121
118
105
112
100
101
93
98
102
107
99
94
88
92
87
89
77
78
69
66
63
76
67
84
83
86
85
80
79
71
70
52
38
39
23
22
33
35
37
36
57
58
56
62
65
81
82
75
54
46
29
30
32
48
51
50
49
55
47
25
18
14
16
17
12
13
5
15
6
1
7
31
68
64
53
74
45
28
26
19
27
20
21
34
8
9
2
3
10
4
11
43
42
24
44
41
40

improvements: 94
initial-cycle-weight: 4249
final-cycle-weight: 1146
119
122
115
131
127
125
124
107
101
92
99
93
89
98
94
87
83
85
111
120
129
116
103
104
95
97
96
90
60
22
42
43
41
40
10
9
4
11
38
23
39
24
44
61
67
62
69
82
88
79
66
76
51
49
33
36
37
52
58
57
35
59
72
73
84
63
86
64
68
31
30
27
29
20
12
15
25
7
1
16
5
17
18
13
14
6
3
2
8
21
32
34
19
53
74
45
26
28
48
47
55
75
78
81
71
65
77
54
50
46
56
70
80
91
110
108
109
113
106
102
118
121
105
100
112
114
123
130
126
128
117

improvements: 109
initial-cycle-weight: 4633
final-cycle-weight: 1097
47
46
68
78
74
5
1
20
17
14
12
13
16
6
15
18
25
27
7
32
30
31
34
36
38
37
24
10
4
9
21
22
35
33
29
19
26
28
53
45
77
75
54
89
94
99
117
116
111
122
120
129
128
131
110
104
109
119
115
127
126
125
124
118
130
121
102
113
107
108
105
114
123
112
106
101
100
98
93
87
92
103
95
90
88
86
96
97
91
83
84
56
58
67
69
70
76
63
73
66
61
44
23
39
8
2
3
11
43
40
42
41
59
72
80
85
60
52
57
49
50
51
71
65
82
81
79
62
64
55
48

improvements: 97
initial-cycle-weight: 4487
final-cycle-weight: 1137
63
50
34
43
24
42
41
44
36
40
39
11
10
3
4
9
22
48
47
81
62
82
108
120
117
115
127
119
116
128
111
104
122
129
131
124
121
113
106
125
126
107
130
112
105
102
101
100
118
114
123
98
93
87
65
55
49
56
57
66
71
80
84
79
70
64
75
69
85
67
59
83
88
94
92
99
109
110
103
95
97
96
90
91
58
60
61
73
72
86
76
78
89
77
53
46
27
25
16
15
12
13
5
1
26
68
54
74
45
17
30
18
14
19
21
2
7
6
8
37
23
38
33
32
31
29
20
28
35
51
52

improvements: 93
initial-cycle-weight: 5013
final-cycle-weight: 1171
112
105
114
121
107
113
126
131
128
119
120
97
90
91
95
115
108
117
129
122
111
103
104
96
88
79
83
76
86
66
57
47
49
78
77
74
64
68
46
31
48
55
26
17
15
6
30
28
29
20
33
32
35
36
4
9
11
24
40
58
56
69
75
71
87
89
81
82
70
61
60
85
80
63
50
51
52
39
23
43
84
73
72
59
38
42
41
44
67
65
62
54
21
37
22
34
10
3
2
1
18
13
5
14
16
8
7
12
19
25
27
53
45
92
94
110
116
127
124
125
130
100
102
99
109
106
98
93
101
123
118

improvements: 101
initial-cycle-weight: 4769
final-cycle-weight: 1106
93
98
99
121
112
100
105
113
107
118
123
130
114
126
124
101
102
106
109
115
108
125
122
120
116
117
129
110
104
97
96
95
86
80
63
72
73
44
24
39
42
40
41
8
9
4
11
10
32
50
48
55
49
51
56
37
34
47
54
75
45
13
27
29
19
28
30
31
33
21
53
74
46
26
17
14
20
7
1
3
2
6
16
15
5
12
18
25
64
62
66
57
36
22
35
38
23
43
59
83
76
70
65
69
79
84
85
58
52
60
61
71
67
78
89
77
68
81
82
92
94
127
128
131
119
111
103
90
91
88
87

improvements: 115
initial-cycle-weight: 5090
final-cycle-weight: 1030
70
66
65
69
72
73
59
60
61
86
94
92
99
91
90
95
96
97
104
111
117
122
103
109
108
124
121
118
114
112
100
105
123
101
115
116
120
119
129
110
128
126
107
125
127
131
130
113
102
106
93
98
89
77
75
64
28
8
36
33
23
40
38
41
39
24
44
43
42
10
11
4
2
16
1
5
17
25
53
46
45
26
19
13
14
6
12
15
18
27
48
67
57
51
52
58
22
9
3
7
20
37
35
21
34
31
32
30
29
55
54
74
68
71
63
76
62
56
50
47
49
79
83
80
82
81
78
87
88
84
85

improvements: 121
initial-cycle-weight: 4652
final-cycle-weight: 884
3
2
15
16
26
17
14
6
1
7
35
33
34
36
21
20
31
30
19
13
5
12
18
25
27
28
29
45
53
74
64
68
75
77
82
89
94
92
88
80
83
81
78
87
96
110
115
117
116
119
127
126
125
124
108
107
106
113
109
102
99
93
98
100
105
101
112
130
121
118
114
123
131
128
120
122
129
111
104
103
97
95
91
90
86
85
84
71
67
58
62
65
66
79
63
70
76
69
50
49
54
46
55
47
32
48
56
51
52
57
22
37
38
40
73
72
59
60
39
23
41
43
44
61
42
24
11
10
9
4
8

improvements: 109
initial-cycle-weight: 4023
final-cycle-weight: 1050
27
28
46
47
54
45
68
88
81
66
63
56
52
51
49
48
50
39
42
40
41
44
43
38
23
22
37
24
10
11
4
3
9
2
21
29
31
34
35
36
32
30
17
18
25
53
74
13
16
5
1
12
14
15
19
6
20
7
8
33
55
65
69
70
62
79
84
85
80
95
94
92
99
102
101
123
130
118
112
93
89
77
75
78
83
82
87
72
73
59
58
67
76
71
61
60
57
86
90
91
97
111
117
115
110
116
122
129
96
104
103
120
109
119
128
127
126
131
108
114
121
124
125
106
107
113
105
100
98
64
26

improvements: 105
initial-cycle-weight: 4856
final-cycle-weight: 1080
122
85
84
86
83
95
111
117
119
108
131
125
127
126
113
106
78
47
28
20
31
29
32
54
45
53
25
16
14
26
46
48
55
64
75
77
68
82
81
71
79
72
61
44
43
39
37
35
36
42
24
40
57
52
70
63
69
67
73
59
62
65
49
56
80
76
66
58
60
51
38
22
50
33
34
21
30
1
3
2
8
9
10
23
41
11
4
7
12
6
19
27
17
15
5
13
18
74
89
93
98
130
118
112
123
121
105
114
124
107
101
100
102
99
88
87
92
94
90
91
103
104
97
96
110
109
116
120
115
128
129

improvements: 95
initial-cycle-weight: 4575
final-cycle-weight: 1192
28
53
13
18
5
12
6
19
1
2
3
7
8
27
45
64
77
75
81
82
89
74
94
92
87
98
112
100
118
130
131
128
119
127
129
117
103
104
97
90
95
91
60
59
61
73
84
86
76
71
65
47
50
52
51
24
42
72
62
49
79
80
85
83
88
96
111
120
116
122
110
126
124
125
113
121
114
123
93
115
101
106
109
99
105
108
107
102
66
69
78
63
67
37
38
39
10
9
11
4
22
36
31
21
29
20
30
46
55
57
56
40
43
44
41
23
33
48
70
58
35
32
34
26
68
54
16
17
14
15
25

improvements: 103
initial-cycle-weight: 4664
final-cycle-weight: 1086
32
47
50
49
48
54
69
64
68
77
78
82
81
83
85
86
84
79
94
92
88
80
76
66
56
58
60
39
61
24
41
42
23
40
37
63
72
71
67
59
73
90
91
96
97
104
122
129
120
131
127
116
111
117
103
128
119
110
95
99
109
115
108
107
113
126
100
106
112
114
105
121
118
124
125
102
130
123
93
101
98
89
87
75
55
62
52
51
57
70
65
33
21
30
36
38
43
44
29
53
74
45
28
17
27
7
1
6
2
8
4
10
11
3
9
22
34
35
31
20
16
15
14
19
26
25
12
18
13
5
46

improvements: 130
initial-cycle-weight: 4594
final-cycle-weight: 922
113
106
107
109
97
96
91
90
83
85
73
59
60
61
44
40
43
42
39
36
37
35
34
38
23
41
24
11
10
4
9
8
3
2
7
15
16
17
18
13
5
1
6
12
25
14
30
32
22
21
33
19
27
26
28
29
31
20
53
45
74
89
92
99
108
119
116
115
111
110
117
103
127
128
126
125
124
123
118
121
114
105
101
100
112
102
98
93
77
64
70
62
69
56
50
52
51
57
72
86
88
79
75
68
48
49
47
46
54
55
65
63
71
76
66
67
58
80
84
81
78
82
87
94
95
104
122
120
129
131
130

improvements: 123
initial-cycle-weight: 4805
final-cycle-weight: 935
24
42
73
60
61
52
65
56
51
35
36
34
37
38
33
49
55
47
50
48
62
57
63
67
70
66
69
71
76
79
81
82
88
87
85
86
84
72
80
83
91
96
95
97
90
104
103
111
119
129
122
120
117
110
116
115
113
108
124
125
127
128
131
126
112
130
121
114
123
118
106
105
101
102
99
94
109
107
100
98
93
92
89
77
78
68
75
64
46
54
74
53
45
25
18
15
14
17
16
12
5
13
6
26
30
29
21
32
28
27
19
31
20
23
58
59
44
43
39
40
41
22
7
1
3
2
4
9
8
10
11

improvements: 98
initial-cycle-weight: 4455
final-cycle-weight: 1081
89
93
98
100
105
121
102
123
112
130
114
118
101
107
106
113
124
125
131
126
129
117
115
122
111
127
119
128
108
109
110
116
120
103
96
104
95
97
91
90
88
92
99
94
86
71
80
87
85
84
72
70
62
79
63
59
42
44
24
37
35
32
21
40
38
34
20
14
17
16
15
19
26
25
6
7
9
10
11
4
8
36
39
23
22
41
43
61
76
83
58
49
47
54
68
53
27
46
12
5
13
18
1
3
2
65
82
77
81
78
64
48
31
33
30
29
28
56
50
52
57
60
73
67
66
69
51
55
75
45
74

improvements: 111
initial-cycle-weight: 4715
final-cycle-weight: 1034
10
4
11
44
41
37
22
34
31
33
49
48
46
45
25
15
1
6
12
5
13
53
26
54
55
62
76
67
81
78
82
89
93
98
112
118
106
124
108
125
126
113
107
110
109
92
122
117
103
104
96
97
90
95
66
86
85
71
56
35
36
39
23
42
24
43
61
73
91
84
83
111
128
120
119
115
116
129
127
131
114
123
130
121
105
100
101
102
99
94
88
80
79
70
63
75
74
68
64
77
87
69
65
57
50
20
7
14
17
16
18
29
30
27
28
19
32
47
51
52
72
60
59
58
40
38
21
2
3
9
8

improvements: 112
initial-cycle-weight: 4274
final-cycle-weight: 983
70
63
76
57
51
49
50
52
34
36
22
21
33
20
46
45
26
25
17
29
30
31
18
14
12
5
13
1
6
15
16
28
32
48
47
54
75
68
64
82
87
94
92
88
86
84
85
83
71
80
72
65
67
58
44
60
61
40
23
39
43
42
41
37
35
38
9
4
10
24
11
2
3
8
7
19
27
53
74
62
56
55
69
81
79
77
78
89
99
116
120
122
117
128
131
124
126
114
118
121
98
93
105
100
102
123
101
112
130
107
127
125
113
106
108
109
115
110
119
129
111
103
104
96
97
95
91
90
73
59
66

improvements: 110
initial-cycle-weight: 4960
final-cycle-weight: 1061
118
123
98
102
106
113
124
114
101
105
121
112
100
99
93
92
116
120
117
129
119
126
115
110
111
104
96
90
85
83
57
52
62
56
63
66
70
50
36
35
34
3
2
8
6
1
17
15
14
28
20
21
31
46
64
74
68
89
87
94
88
65
71
69
82
75
77
78
81
76
79
80
86
61
73
59
41
40
58
51
32
30
29
49
47
55
54
45
48
53
19
27
26
16
25
18
13
5
12
7
9
4
23
39
33
37
44
24
42
10
11
43
38
22
60
72
67
84
91
95
97
103
122
128
109
107
108
127
125
131
130

improvements: 118
initial-cycle-weight: 4699
final-cycle-weight: 1018
20
34
35
36
37
8
9
6
7
12
1
17
25
16
5
13
18
14
15
28
26
53
45
46
49
33
29
19
27
30
31
56
63
70
76
79
69
66
65
71
67
75
55
54
57
52
51
50
47
62
81
82
78
83
85
87
88
94
92
106
107
104
96
97
91
61
60
59
73
72
84
80
86
90
95
103
128
113
102
108
109
111
122
116
110
120
129
117
119
115
127
124
125
126
131
105
118
123
101
99
98
121
112
130
114
100
93
89
74
77
64
68
48
58
43
42
23
11
24
41
44
39
40
38
21
3
2
4
10
22
32

improvements: 110
initial-cycle-weight: 4633
final-cycle-weight: 1050
75
74
53
64
54
68
29
20
22
34
28
18
12
7
19
26
25
27
45
47
48
50
51
49
30
31
21
35
4
11
24
23
38
36
32
17
15
14
3
2
8
1
5
13
16
6
10
9
33
37
40
43
39
44
41
42
63
71
67
80
73
61
60
72
59
58
66
70
79
69
65
56
52
55
46
57
62
76
83
84
88
103
104
117
122
129
131
127
126
109
110
115
116
128
108
107
124
100
101
98
102
105
112
106
113
125
118
121
123
130
114
99
93
89
87
92
94
119
120
111
97
96
90
91
85
86
95
82
78
81
77

improvements: 111
initial-cycle-weight: 4877
final-cycle-weight: 1074
5
13
6
8
7
12
16
17
14
1
9
3
2
23
37
22
39
41
61
59
60
63
92
94
102
87
93
98
121
131
124
114
123
112
105
118
106
101
130
100
113
108
99
88
117
109
116
111
110
122
120
128
119
107
125
126
115
127
129
104
103
97
96
90
91
95
83
79
85
86
84
57
50
48
49
47
51
73
72
66
82
70
76
80
71
67
75
68
54
55
62
69
65
56
52
58
42
24
44
4
11
10
40
43
38
36
35
20
33
30
29
34
32
31
21
19
27
46
28
74
89
78
81
77
64
45
53
26
15
25
18

improvements: 99
initial-cycle-weight: 4359
final-cycle-weight: 1072
110
129
117
111
103
122
120
128
116
104
97
95
96
91
85
71
80
86
90
92
94
87
89
82
88
81
75
65
52
73
72
83
63
49
57
58
39
11
4
38
40
41
42
10
37
23
24
44
43
59
60
61
51
50
31
28
17
15
14
18
13
5
16
12
26
25
27
53
64
69
62
54
45
48
47
78
77
68
74
46
29
33
22
36
35
21
20
8
2
9
3
7
6
1
19
30
32
34
55
76
56
67
70
66
84
79
99
115
126
131
118
114
124
130
123
121
105
106
112
101
100
102
98
93
107
113
125
127
109
108
119

improvements: 95
initial-cycle-weight: 4599
final-cycle-weight: 1120
26
27
2
31
39
44
59
56
63
67
69
60
40
41
42
43
11
4
9
3
8
33
20
28
54
81
82
78
88
96
103
104
128
129
122
117
116
127
115
110
120
91
95
97
90
71
79
76
85
87
92
94
99
101
112
100
118
105
113
126
131
125
108
121
123
130
124
107
119
111
109
114
106
102
98
93
89
77
75
64
68
53
45
30
55
74
46
49
48
70
66
72
73
61
86
84
83
80
58
62
57
52
36
21
32
35
22
34
38
37
10
24
23
47
65
50
51
29
18
14
15
1
16
6
12
5
13
17
19
7
25

improvements: 96
initial-cycle-weight: 4460
final-cycle-weight: 1099
64
75
68
45
53
27
18
16
15
17
28
19
25
13
5
1
6
12
14
2
20
30
47
49
50
48
52
62
71
73
76
63
72
60
61
59
79
81
91
88
78
87
82
70
67
51
57
56
33
21
9
4
23
42
24
39
43
44
11
10
3
8
7
26
55
54
46
29
31
34
32
22
36
38
40
41
37
35
58
97
96
90
104
117
116
119
127
128
122
120
110
115
123
130
100
124
126
114
112
121
118
113
99
93
98
105
106
107
108
125
131
129
103
111
94
92
101
102
109
95
83
80
86
85
84
66
69
65
77
89
74

improvements: 109
initial-cycle-weight: 5007
final-cycle-weight: 1129
12
1
6
14
15
19
31
34
35
52
57
59
72
71
70
76
82
81
78
79
80
91
122
103
111
110
117
129
131
130
123
101
113
106
99
94
105
118
108
109
120
128
115
126
127
125
124
121
112
114
107
102
98
100
89
93
92
85
66
69
63
86
84
88
87
97
104
116
119
96
95
90
83
73
60
41
24
44
4
10
3
9
37
38
36
42
61
43
40
11
2
8
7
17
25
26
28
30
21
20
22
33
39
23
51
56
62
68
64
74
54
45
53
50
48
55
32
29
75
77
67
58
65
49
47
46
27
18
13
5
16

improvements: 116
initial-cycle-weight: 4839
final-cycle-weight: 1037
105
101
100
102
109
115
119
99
87
82
81
69
56
65
62
67
52
21
33
36
4
11
40
24
39
38
22
35
34
8
10
3
2
9
12
7
6
13
18
5
14
1
15
17
20
32
30
31
37
59
58
63
76
85
96
97
95
91
90
88
86
72
60
73
61
42
41
44
43
23
48
55
47
49
51
57
50
54
27
19
28
46
77
64
45
53
26
25
16
29
68
78
89
74
75
79
71
66
70
80
83
84
92
94
93
98
107
108
113
127
129
104
122
103
111
128
117
110
116
120
126
124
131
125
118
114
112
130
121
123
106

improvements: 108
initial-cycle-weight: 4745
final-cycle-weight: 1054
40
36
22
44
38
23
37
41
42
24
43
61
60
72
73
59
55
75
82
68
64
56
51
57
67
71
70
80
76
63
52
62
58
66
69
85
86
97
103
104
120
111
110
122
129
116
119
117
131
128
109
99
93
74
89
87
94
92
101
112
118
113
124
125
127
126
102
98
100
105
130
123
121
114
106
107
108
115
96
95
90
91
88
65
83
84
79
81
77
78
54
45
53
46
47
33
26
19
28
29
48
32
49
35
20
31
34
50
27
17
13
30
8
7
6
1
16
15
14
25
18
12
5
2
3
4
11
10
9
21
39

improvements: 117
initial-cycle-weight: 4695
final-cycle-weight: 1021
13
5
6
7
26
29
19
27
46
54
31
47
48
74
75
66
69
65
78
77
68
64
87
92
94
107
113
102
105
100
106
112
98
89
93
130
114
118
101
99
124
121
123
125
126
127
109
108
111
103
104
117
116
110
119
115
129
128
131
120
122
96
95
90
86
91
97
67
73
72
79
76
71
70
82
81
88
83
80
84
85
56
50
51
49
34
37
40
23
38
35
36
57
52
32
20
30
45
53
25
18
16
17
1
15
14
2
4
11
43
44
10
9
3
8
33
21
22
39
42
41
24
61
60
59
58
63
62
55
28
12

improvements: 133
initial-cycle-weight: 4477
final-cycle-weight: 950
116
120
117
122
103
97
96
85
84
83
76
70
79
80
86
91
90
95
110
109
108
107
124
113
112
114
105
106
125
126
127
111
128
129
115
131
130
123
118
121
101
100
102
98
93
89
74
67
63
65
71
66
62
56
57
60
59
22
2
3
9
4
10
11
43
24
42
44
41
61
73
72
58
38
52
51
50
32
48
31
30
28
49
47
55
46
34
33
37
40
39
23
36
35
8
21
7
20
19
27
53
45
26
17
18
12
6
16
15
1
5
13
14
25
29
54
78
77
68
64
75
69
81
82
88
87
92
99
94
104
119

improvements: 100
initial-cycle-weight: 4750
final-cycle-weight: 1102
38
44
9
3
2
39
43
42
36
22
11
4
8
7
28
14
17
27
19
29
25
53
45
46
74
89
98
101
121
124
113
126
114
125
131
127
119
116
115
118
105
112
123
130
109
108
110
120
122
96
104
103
111
117
129
128
107
102
106
99
92
83
82
81
78
77
87
85
80
84
86
100
93
94
88
97
95
90
91
61
59
60
40
73
76
70
66
72
62
65
69
63
67
50
48
52
57
56
55
54
75
68
64
79
71
58
51
34
33
21
47
49
30
20
32
37
23
10
6
12
5
13
1
15
16
18
26
31
35
24
41

improvements: 121
initial-cycle-weight: 4852
final-cycle-weight: 930
91
90
95
96
110
104
103
97
129
127
109
115
119
117
111
116
120
122
128
131
126
108
113
125
118
123
130
114
101
93
87
88
70
67
58
57
35
41
44
42
22
37
36
38
43
23
24
39
40
10
11
4
9
3
2
8
16
18
12
6
7
1
13
5
17
14
15
27
19
25
26
45
75
68
77
89
98
100
106
107
124
121
112
105
102
99
94
92
78
81
82
64
74
53
46
55
49
50
34
33
21
48
32
20
30
28
29
31
52
56
69
54
47
51
62
65
66
63
60
73
80
76
71
79
86
85
84
83
59
61
72

improvements: 107
initial-cycle-weight: 4687
final-cycle-weight: 1068
128
109
110
122
120
131
129
111
117
104
95
86
84
80
82
78
79
85
60
40
43
11
44
42
39
41
24
37
36
4
10
35
51
23
38
33
34
22
8
9
2
3
7
1
12
6
15
17
13
5
18
20
32
21
31
16
30
46
54
64
50
48
49
47
28
29
27
26
25
19
14
45
53
74
98
93
101
123
100
118
130
105
113
107
125
126
124
121
114
112
106
102
89
99
92
87
88
83
69
70
76
62
55
56
63
67
66
57
52
65
75
68
77
81
71
58
72
73
59
61
91
90
97
96
103
116
94
108
115
119
127

improvements: 102
initial-cycle-weight: 4411
final-cycle-weight: 1079
79
73
72
59
56
60
43
39
41
44
9
21
6
7
8
2
3
10
4
11
24
61
58
52
22
23
40
42
38
37
34
36
35
48
49
50
51
33
32
20
29
27
17
1
5
18
13
14
15
12
19
26
74
53
16
25
28
30
46
45
54
55
31
57
63
65
68
47
64
75
81
83
86
84
91
85
80
76
82
78
77
89
87
99
92
94
108
124
125
106
112
118
101
114
123
98
105
100
93
116
115
119
110
117
129
126
131
130
121
113
102
107
127
128
103
109
120
111
122
104
96
97
95
90
88
67
71
70
69
62
66

improvements: 84
initial-cycle-weight: 4337
final-cycle-weight: 1279
78
55
46
75
88
82
66
67
86
96
95
90
91
85
84
73
80
71
70
64
13
15
18
5
1
17
26
45
54
62
47
33
22
43
36
8
2
23
41
59
44
10
11
4
3
12
16
31
53
29
28
30
32
56
76
72
61
60
42
24
40
38
50
7
9
6
14
25
19
27
21
37
52
34
49
48
51
35
20
39
58
57
63
65
69
77
68
74
93
87
89
92
83
97
103
111
120
122
116
117
110
105
102
107
98
124
108
113
100
101
123
121
114
112
118
106
130
131
125
127
115
126
119
104
129
128
109
99
94
81
79

improvements: 80
initial-cycle-weight: 4874
final-cycle-weight: 1330
45
30
27
25
16
15
26
17
18
14
29
50
51
56
44
60
37
34
33
21
8
28
49
48
65
58
72
83
82
91
61
59
62
78
74
75
64
55
66
71
80
79
70
67
84
86
85
81
87
89
94
109
113
124
107
106
112
102
92
125
118
105
100
130
123
121
114
93
88
99
128
122
96
104
90
95
117
127
126
129
97
103
120
110
116
131
119
111
115
108
101
98
77
68
52
35
36
22
32
31
47
20
69
57
73
63
76
54
53
46
39
10
4
41
38
40
23
43
11
42
24
9
2
3
5
13
12
7
1
6
19

