weight: 474
edges: 
1 6
2 8
2 3
3 2
4 10
5 13
6 1
6 7
6 12
7 6
7 8
8 2
8 7
8 9
9 8
9 10
10 4
10 9
10 11
11 10
12 6
12 14
13 5
13 18
14 12
14 15
15 14
15 16
16 15
16 17
16 25
17 16
17 19
18 13
18 25
19 17
19 27
20 30
21 33
22 36
23 39
24 42
25 18
25 16
26 27
27 26
27 19
27 28
27 45
28 27
28 29
29 28
29 30
30 20
30 29
30 31
31 30
31 32
32 31
32 33
33 21
33 32
33 34
34 33
34 35
35 34
35 36
36 22
36 35
36 37
37 36
37 38
38 37
38 39
39 23
39 38
39 40
40 39
40 41
41 40
41 42
42 24
42 41
42 43
43 42
43 44
44 43
45 27
45 46
45 53
46 45
46 54
47 55
47 48
48 47
48 49
49 48
49 50
50 49
50 51
51 50
51 52
51 56
52 51
53 45
53 74
54 46
54 55
54 64
55 47
55 54
56 51
56 57
56 62
57 56
57 58
58 57
58 59
59 58
59 60
60 59
60 61
61 60
62 56
62 65
62 66
63 66
63 67
64 54
64 68
65 62
65 69
66 63
66 62
66 70
67 63
67 71
68 64
68 75
69 65
70 66
71 67
71 76
72 80
72 73
73 72
74 53
75 68
75 77
75 78
76 71
76 79
76 80
77 75
78 75
78 81
79 76
80 72
80 76
80 84
81 78
81 82
82 81
82 87
83 84
84 83
84 80
84 85
85 84
85 86
86 85
87 82
87 88
88 87
88 92
89 93
90 95
90 91
91 90
92 88
92 94
93 89
93 98
94 92
94 99
95 90
95 96
96 95
96 103
96 97
97 96
98 93
98 100
99 94
99 102
100 98
100 101
100 112
101 100
101 102
101 105
102 101
102 99
102 106
103 96
103 111
103 104
104 103
105 101
105 114
106 102
106 107
107 106
107 108
107 113
108 107
108 109
109 108
109 115
110 116
111 103
111 117
112 100
113 107
114 105
114 118
114 123
115 109
115 119
116 110
116 119
116 120
117 111
117 120
117 122
118 114
118 121
119 116
119 115
119 128
120 117
120 116
121 118
122 117
123 114
123 130
124 125
125 124
125 126
126 125
126 127
127 126
127 128
127 131
128 127
128 119
128 129
129 128
130 123
131 127

