4427
4551
4478
5182
4405
4694
4505
4776
4703
4779
4719
4549
4970
4548
4497
4511
4438
4956
4475
4753
4551
4165
4687
4794
4718
4524
4663
4325
4966
4959
4687
4781
4525
4956
4672
4861
4702
4732
4730
4710
4927
4692
4714
4428
4527
4961
4310
4511
4926
4754
4514
4570
4684
4765
4721
4618
4389
4632
4829
4728
4503
4609
4877
4337
4608
4934
4900
4786
4798
4689
4902
4991
4635
4657
4189
4820
4332
4612
4403
4665
4688
4649
4386
4439
5234
4379
4259
4277
4396
4592
4819
4922
4758
4476
4679
4771
4295
4421
4510
4663
4478
4762
4685
4881
4708
4813
4649
4373
4428
4885
4761
4678
4928
4329
4476
4745
4631
4851
4552
4871
4708
4440
4805
4431
4753
4666
4639
4424
4564
4607
4419
4804
4785
4657
4222
4663
4625
4702
5095
4376
4599
4484
4501
4565
4629
5001
4395
4457
4432
4926
4734
4738
4644
4763
4470
4961
5020
4510
4554
5111
4228
4608
4619
4686
4612
4393
4581
4897
4496
4649
4827
4457
4869
4751
4860
4738
4956
4337
4667
4519
4533
4206
4773
4529
4648
4500
4476
4728
4345
4561
4485
4901
4457
4502
4593
4708
4709
4654
4066
5045
4894
4750
4420
4682
4657
4676
4405
4712
4595
4797
4510
4153
4691
4519
4677
4870
4497
4658
4898
4983
4739
4649
4436
4420
4366
4511
4769
4904
4290
4786
4677
4402
4387
4388
4253
4632
4685
4659
4614
4795
4262
4693
4524
4888
4515
4746
4424
4482
4956
4631
4641
4396
4247
4772
4653
4637
4602
4677
5188
4499
4580
4780
4902
4779
4591
4670
4634
4572
4754
4658
4763
4609
4516
4313
4760
4472
4662
4590
4818
4646
4532
4740
4590
5070
4495
4767
4498
4646
4384
4370
4487
4981
4803
4778
4708
4805
4827
4316
4697
4621
4576
4668
4611
4712
4712
4644
4950
4793
4896
4858
4642
4761
4629
4440
4883
4606
4911
4465
4866
4621
4588
4881
4458
4608
4353
4229
4468
4611
4322
4608
4833
4750
4623
4545
4545
4692
4907
4647
4674
4876
4974
4690
4462
4643
4693
4581
4958
4325
4949
4479
4890
4490
4784
4517
4391
4546
4768
4771
4774
5382
4325
4596
4336
4785
4470
4816
4339
4946
4905
5018
4725
4679
4670
4667
4473
4480
4691
4845
4333
4758
4738
4360
4717
4975
4644
5174
4425
4360
4402
4645
4569
4002
4360
4657
4581
4630
4569
4736
4636
4599
4812
5026
4650
4752
4713
4517
4561
4759
4566
4480
4564
4558
4793
4387
4522
4757
4679
4563
5255
4356
4243
4560
5043
4964
4378
4561
4656
4693
4801
4516
4614
4837
4319
4595
4373
4306
4573
4794
4911
4685
4613
4634
4386
4638
4763
4797
4560
4954
4802
4585
4567
4765
4667
4609
4546
4724
4804
5008
4788
4634
4433
4235
4523
4534
4774
4884
4827
4691
4787
4760
4806
4648
4463
5061
4791
4715
4500
4640
4593
4775
4443
4671
4712
4755
4900
4610
4972
4904
4752
4588
4560
4605
4434
4556
4480
4893
4918
5131
4714
4925
4732
4360
4710
4665
4394
4652
4601
4494
4667
4352
4606
4395
4870
4358
4545
4605
4769
4420
5011
4696
4908
4309
4842
4677
4394
4624
4418
4969
4599
4849
4597
4764
4453
4676
4321
4496
4557
4626
5074
4946
4732
4551
4653
4387
4729
4683
4632
4496
4761
4670
4845
4876
4636
4783
4605
4744
4485
4535
4379
4405
4601
4858
4484
4804
5018
4602
4825
4911
4851
4740
4706
4924
4752
4573
4630
4383
4541
4833
4937
4517
4498
4762
4562
4880
5105
4985
4570
4805
4297
4720
4731
4554
4939
4653
4425
4890
4446
4492
4662
4624
4690
4376
4735
4757
4756
4158
4504
4200
4647
4911
4379
4888
4574
4650
4549
4572
4984
4615
4643
4874
4718
4527
4245
4774
4587
4736
4337
4890
4811
4829
4620
4519
4950
4737
4683
4709
4608
4121
4514
4539
4823
4683
4516
4753
4580
4814
4960
4772
4390
4546
4732
4360
4583
4463
4990
4630
4816
4799
4587
4952
4669
4763
4645
4565
4712
4558
4388
4745
4798
4895
4686
4461
4676
4811
4704
4472
4687
4844
4550
4673
4849
4429
4783
4493
4178
4859
4923
4407
4849
4712
4506
4392
4615
4411
4653
4530
5004
4657
4485
4828
4927
4693
4549
4790
4399
4444
4838
4607
4442
4595
4667
4591
4504
4882
4724
4544
4404
4336
4587
5048
4707
4910
4547
4747
4632
4869
4899
4961
4535
4307
4503
4451
4568
4620
4482
4490
4669
4485
4156
4439
4475
4891
4616
4734
4474
4696
4654
4455
4355
4618
4724
4929
4369
4905
4666
4566
4182
4612
4637
4666
4901
4764
4689
4709
4811
4597
4844
4319
4765
4611
4785
4290
4298
4681
4420
4825
4775
4661
4902
4790
4936
4694
4534
4782
4745
4440
4860
4552
4325
4520
4490
4633
4746
4543
4935
4833
4773
5057
4498
4934
4724
4709
4613
5048
4766
4629
4880
5020
4702
4798
4948
4771
4594
4483
4549
4404
4993
4763
4506
4708
4924
4300
4465
4509
4605
4687
4686
4698
4669
4784
4857
4385
4683
4535
4223
4786
4783
4467
4872
4436
4854
4557
4897
4710
4631
4685
4822
4507
5045
4638
4475
4776
4941
4693
4657
4420
4586
4695
4809
4788
4650
4682
4910
4827
4453
4251
4448
4873
4409
4592
4719
4818
4963
4510
4978
4723
4139
4716
4632
5080
4642
4354
4578
4699
4546
4545
4525
4529
4849
4744
5076
4867
4472
4438
4562
4523
4474
4471
4761
4622
4909
4629
4463
4557
4603
4570
4482
4567
4487
4982
4708
4753
4837
4474
4706
4879
4574
4561
4841
4706
4595
4271
5140
4530
4788
4610
4459
4540
4609
4559
4600
4649
5016
4798
4370
4615
4659
4797
4614
4755
4895
4869
4532
4587
4374
4366
4854
4723
4641
4625
4410
4308
4634
4489
4557
4411
4718
4785
4604
4914
4518
4639
4571
4452
4538
4679
4721
4447
4715
4459
4478
4545
4558
4480
4895
4729
4522
4940
4810
4883
4654
4305
4415
4729
4738
4475
4528
4691
4435
4340
4539
4342
4344
4622
4949
4860
4541
4907
4463
4821
