0.01 0.1 611 645.81 0.00296818
0.01 0.2 593 621.3 0.00364595
0.01 0.3 593 617.17 0.00391468
0.01 0.4 599 614.9 0.00413762
0.01 0.5 596 614.32 0.00442385
0.01 0.6 585 612.26 0.0047644
0.01 0.7 594 612.37 0.00472335
0.01 0.8 596 613.21 0.00498644
0.01 0.9 587 611.06 0.00511119
0.01 1 598 612.38 0.0054285
0.03 0.1 608 641.78 0.0027343
0.03 0.2 601 621.62 0.00357998
0.03 0.3 595 617.64 0.00400473
0.03 0.4 594 613.88 0.0043164
0.03 0.5 588 614.69 0.00472106
0.03 0.6 594 613.24 0.00488031
0.03 0.7 596 612.72 0.0057433
0.03 0.8 594 610.57 0.00579771
0.03 0.9 594 613.06 0.00586619
0.03 1 590 612 0.00590379
0.1 0.1 609 639.56 0.00347591
0.1 0.2 600 624.43 0.00518859
0.1 0.3 598 617.18 0.00585946
0.1 0.4 592 614.51 0.00580369
0.1 0.5 592 613.68 0.00617012
0.1 0.6 587 611.94 0.00749545
0.1 0.7 593 612.57 0.0105567
0.1 0.8 596 611.52 0.0101215
0.1 0.9 592 611.47 0.010604
0.1 1 592 610.94 0.0107738
0.2 0.1 613 642.6 0.00444132
0.2 0.2 597 624.44 0.00672945
0.2 0.3 596 620.25 0.00952398
0.2 0.4 596 615.23 0.0101914
0.2 0.5 595 613.43 0.0109027
0.2 0.6 588 613.35 0.0111659
0.2 0.7 594 611.5 0.0120085
0.2 0.8 592 611.26 0.012616
0.2 0.9 589 613.51 0.0134269
0.2 1 595 612.59 0.0136291
0.3 0.1 611 642.95 0.00451315
0.3 0.2 598 624.25 0.00682547
0.3 0.3 595 617.51 0.00913032
0.3 0.4 598 617.2 0.0100728
0.3 0.5 589 613.29 0.0128086
0.3 0.6 591 613.84 0.0146143
0.3 0.7 595 610.43 0.017174
0.3 0.8 589 612.38 0.0172365
0.3 0.9 592 611.65 0.0190836
0.3 1 589 611.81 0.0191027
0.4 0.1 607 643.35 0.00523579
0.4 0.2 597 623.77 0.00852924
0.4 0.3 596 616.71 0.0122618
0.4 0.4 596 615.73 0.0133621
0.4 0.5 594 613.7 0.0125348
0.4 0.6 597 614.04 0.0145794
0.4 0.7 595 612.76 0.0155391
0.4 0.8 595 611.71 0.0158803
0.4 0.9 594 612.33 0.0154033
0.4 1 593 610.42 0.0175026
0.5 0.1 604 642.67 0.00488583
0.5 0.2 597 622.95 0.00813769
0.5 0.3 597 620.86 0.00851471
0.5 0.4 601 615.32 0.00995702
0.5 0.5 593 613.8 0.0117722
0.5 0.6 593 613.8 0.0121108
0.5 0.7 592 612.28 0.0135792
0.5 0.8 594 612.68 0.0149649
0.5 0.9 593 612.53 0.0150342
0.5 1 594 612.74 0.0164864
0.6 0.1 607 643.83 0.00442014
0.6 0.2 596 624.11 0.00696107
0.6 0.3 595 617.5 0.0091158
0.6 0.4 597 617.71 0.00996676
0.6 0.5 592 612.82 0.0119857
0.6 0.6 599 614.8 0.0125807
0.6 0.7 593 612.91 0.013872
0.6 0.8 591 611.79 0.0143993
0.6 0.9 592 611.92 0.0150423
0.6 1 596 612.43 0.0165503
0.7 0.1 604 641.36 0.00458966
0.7 0.2 598 625 0.00682977
0.7 0.3 597 619.28 0.00865138
0.7 0.4 596 615.24 0.0106085
0.7 0.5 599 615.18 0.0116688
0.7 0.6 591 614.1 0.0129418
0.7 0.7 595 614.75 0.0134562
0.7 0.8 597 613.53 0.0142485
0.7 0.9 595 612.13 0.0151158
0.7 1 593 611.84 0.0170718
0.8 0.1 610 639.9 0.00463624
0.8 0.2 596 625.6 0.00671064
0.8 0.3 600 617.6 0.00888575
0.8 0.4 596 615.8 0.00972685
0.8 0.5 590 615.03 0.0123176
0.8 0.6 587 612.6 0.0126229
0.8 0.7 591 613.5 0.0136178
0.8 0.8 592 613.05 0.0142412
0.8 0.9 596 611.96 0.015912
0.8 1 594 614.16 0.0161332
0.9 0.1 614 646.04 0.00448395
0.9 0.2 603 625.69 0.00673168
0.9 0.3 596 615.98 0.00894872
0.9 0.4 588 615.39 0.0102616
0.9 0.5 597 613.98 0.0111869
0.9 0.6 590 611.91 0.0136191
0.9 0.7 595 613.01 0.0134493
0.9 0.8 599 613.37 0.0145655
0.9 0.9 590 613.29 0.0156684
0.9 1 593 610.81 0.0162792
1 0.1 612 641.9 0.00452473
1 0.2 602 623.52 0.0070267
1 0.3 599 619.63 0.00907185
1 0.4 597 615.25 0.0104144
1 0.5 593 615.17 0.0116126
1 0.6 593 611.09 0.0133648
1 0.7 595 612.83 0.0135108
1 0.8 595 610.57 0.0148876
1 0.9 594 612.18 0.0150255
1 1 595 610.57 0.0168388
