0.1 0.1 583 607.9 0.286602
0.1 0.2 601 623.3 0.355695
0.1 0.3 593 613.5 0.536307
0.1 0.4 600 610.2 0.740829
0.1 0.5 591 606.7 0.806555
0.1 0.6 590 610 0.643954
0.1 0.7 608 626.6 0.619475
0.1 0.8 596 611.5 0.665944
0.1 0.9 593 618.5 0.727474
0.1 1 583 609.9 0.77456
0.2 0.1 599 614.3 0.347018
0.2 0.2 595 610.7 0.380074
0.2 0.3 612 624.6 0.422531
0.2 0.4 596 615.3 0.504742
0.2 0.5 594 610.4 0.532961
0.2 0.6 596 613.5 0.559798
0.2 0.7 597 606.7 0.629342
0.2 0.8 606 615.7 0.657938
0.2 0.9 597 621.9 0.704375
0.2 1 599 616.2 0.748326
0.3 0.1 596 610.9 0.345006
0.3 0.2 592 614.1 0.391526
0.3 0.3 586 607.9 0.419911
0.3 0.4 598 616.5 0.49121
0.3 0.5 597 616.6 0.509835
0.3 0.6 600 619.6 0.573196
0.3 0.7 599 614.8 0.620199
0.3 0.8 592 613.5 0.684938
0.3 0.9 601 613.8 0.691091
0.3 1 596 617.9 0.857965
0.4 0.1 598 613 0.349025
0.4 0.2 585 615.8 0.403035
0.4 0.3 597 617.4 0.457866
0.4 0.4 591 610.8 0.599681
0.4 0.5 593 610.5 0.532798
0.4 0.6 602 617 0.589471
0.4 0.7 592 612.9 0.643747
0.4 0.8 587 614.6 0.651699
0.4 0.9 594 609.5 0.723658
0.4 1 594 607.4 0.778155
0.5 0.1 599 615.8 0.341612
0.5 0.2 599 608.4 0.391074
0.5 0.3 587 618.8 0.442755
0.5 0.4 595 614 0.483048
0.5 0.5 590 615.3 0.535269
0.5 0.6 583 613.3 0.581385
0.5 0.7 595 611.9 0.625413
0.5 0.8 599 614.5 0.672867
0.5 0.9 588 611.9 0.738818
0.5 1 594 613.4 0.756068
0.6 0.1 596 617.2 0.338776
0.6 0.2 588 616.2 0.390983
0.6 0.3 593 614.8 0.445294
0.6 0.4 591 611.5 0.478588
0.6 0.5 591 605.2 0.549363
0.6 0.6 596 609 0.589376
0.6 0.7 600 612.8 0.61328
0.6 0.8 599 611.3 0.693659
0.6 0.9 602 611.4 0.716136
0.6 1 590 608.3 0.74891
0.7 0.1 584 622.9 0.348847
0.7 0.2 585 614.3 0.379756
0.7 0.3 594 614.8 0.434719
0.7 0.4 588 609.5 0.479182
0.7 0.5 598 616 0.526692
0.7 0.6 603 613.9 0.574032
0.7 0.7 605 612.6 0.630201
0.7 0.8 587 607.8 0.660624
0.7 0.9 600 612.4 0.717206
0.7 1 603 620 0.856935
0.8 0.1 590 607.8 0.376659
0.8 0.2 600 618.1 0.405589
0.8 0.3 594 610.4 0.461222
0.8 0.4 593 613.9 0.480939
0.8 0.5 596 618.7 0.544872
0.8 0.6 603 613.6 0.66249
0.8 0.7 584 610.7 0.646016
0.8 0.8 589 620.4 0.658864
0.8 0.9 600 610.6 0.73077
0.8 1 598 615.5 0.80887
0.9 0.1 592 605.9 0.340324
0.9 0.2 597 609.3 0.402824
0.9 0.3 593 609.2 0.437791
0.9 0.4 589 600.4 0.483147
0.9 0.5 602 622.8 0.540118
0.9 0.6 590 618.2 0.578556
0.9 0.7 591 611.4 0.630199
0.9 0.8 593 606.4 0.683795
0.9 0.9 601 615.6 0.702372
0.9 1 592 608.9 0.778886
1 0.1 592 609.7 0.344101
1 0.2 591 609.2 0.388421
1 0.3 590 610.8 0.432115
1 0.4 586 613.8 0.484092
1 0.5 589 609 0.530495
1 0.6 596 614.4 0.565295
1 0.7 596 614.1 0.619821
1 0.8 587 612.1 0.699028
1 0.9 583 613.2 0.717913
1 1 598 620.1 0.754399
