0.01 0.99 0.3 0.3 565 573.4 0.751741
0.1 0.99 0.3 0.3 567 575.4 0.88836
0.2 0.99 0.3 0.3 567 574.2 0.98628
0.3 0.99 0.3 0.3 568 575.6 0.88384
0.4 0.99 0.3 0.3 571 575.2 1.05165
0.5 0.99 0.3 0.3 564 573.6 0.867285
0.6 0.99 0.3 0.3 565 574.5 0.921337
0.7 0.99 0.3 0.3 567 575.4 0.892719
0.8 0.99 0.3 0.3 565 573.4 0.764975
0.9 0.99 0.3 0.3 574 577.9 0.858088
1 0.99 0.3 0.3 566 573.8 0.830922
1.1 0.99 0.3 0.3 565 573.9 0.868478
1.2 0.99 0.3 0.3 570 576.3 0.771619
1.3 0.99 0.3 0.3 567 575.2 1.09617
1.4 0.99 0.3 0.3 569 576.5 0.761122
1.5 0.99 0.3 0.3 573 575.1 0.79883
