0.5 0.9 0.1 0.1 597 620.5 0.0492798
0.5 0.9 0.1 0.2 592 615.1 0.0831835
0.5 0.9 0.1 0.3 587 613.6 0.114489
0.5 0.9 0.1 0.4 593 614.9 0.125956
0.5 0.9 0.1 0.5 595 611.7 0.171097
0.5 0.9 0.1 0.6 578 610 0.226792
0.5 0.9 0.1 0.7 582 610.7 0.177219
0.5 0.9 0.1 0.8 589 608.9 0.222552
0.5 0.9 0.1 0.9 596 614.3 0.279696
0.5 0.9 0.1 1 593 611.6 0.299414
0.5 0.9 0.2 0.1 584 607 0.0768427
0.5 0.9 0.2 0.2 594 604.2 0.137705
0.5 0.9 0.2 0.3 590 605.9 0.172858
0.5 0.9 0.2 0.4 591 608.3 0.194704
0.5 0.9 0.2 0.5 579 604.2 0.355111
0.5 0.9 0.2 0.6 586 603.7 0.288528
0.5 0.9 0.2 0.7 582 599.9 0.263661
0.5 0.9 0.2 0.8 587 600.1 0.418709
0.5 0.9 0.2 0.9 579 601.9 0.491882
0.5 0.9 0.2 1 591 605.4 0.429061
0.5 0.9 0.3 0.1 574 592.9 0.118732
0.5 0.9 0.3 0.2 574 593.2 0.180943
0.5 0.9 0.3 0.3 585 594.6 0.242571
0.5 0.9 0.3 0.4 582 599.8 0.302472
0.5 0.9 0.3 0.5 569 599 0.329557
0.5 0.9 0.3 0.6 590 596.8 0.439151
0.5 0.9 0.3 0.7 582 592.7 0.672588
0.5 0.9 0.3 0.8 575 591.4 0.526758
0.5 0.9 0.3 0.9 587 596.4 0.699591
0.5 0.9 0.3 1 581 594.8 0.627725
0.5 0.9 0.4 0.1 574 592.9 0.205294
0.5 0.9 0.4 0.2 579 587.1 0.276657
0.5 0.9 0.4 0.3 576 588.5 0.373699
0.5 0.9 0.4 0.4 582 588.1 0.439562
0.5 0.9 0.4 0.5 573 590.7 0.508961
0.5 0.9 0.4 0.6 574 586.7 0.910625
0.5 0.9 0.4 0.7 577 588 1.03836
0.5 0.9 0.4 0.8 572 590.7 0.836626
0.5 0.9 0.4 0.9 578 590.2 1.16746
0.5 0.9 0.4 1 571 588.8 0.962178
0.5 0.9 0.5 0.1 575 587.1 0.216842
0.5 0.9 0.5 0.2 572 587.8 0.305198
0.5 0.9 0.5 0.3 579 586.1 0.436593
0.5 0.9 0.5 0.4 568 583.6 0.520078
0.5 0.9 0.5 0.5 567 583.3 0.651802
0.5 0.9 0.5 0.6 569 588.2 0.844057
0.5 0.9 0.5 0.7 575 586.8 0.751421
0.5 0.9 0.5 0.8 583 588.3 1.06665
0.5 0.9 0.5 0.9 576 589.2 1.05007
0.5 0.9 0.5 1 581 591.6 1.82215
0.5 0.9 0.6 0.1 573 584.3 0.215724
0.5 0.9 0.6 0.2 568 586.3 0.434138
0.5 0.9 0.6 0.3 576 585.2 0.461705
0.5 0.9 0.6 0.4 574 583.5 0.58126
0.5 0.9 0.6 0.5 577 583 0.7312
0.5 0.9 0.6 0.6 568 588 0.957776
0.5 0.9 0.6 0.7 575 583.2 1.2371
0.5 0.9 0.6 0.8 571 583.6 1.1663
0.5 0.9 0.6 0.9 580 588.3 1.44955
0.5 0.9 0.6 1 573 583.2 1.49854
0.5 0.9 0.7 0.1 575 585.1 0.254446
0.5 0.9 0.7 0.2 577 584.4 0.508241
0.5 0.9 0.7 0.3 579 588 0.54435
0.5 0.9 0.7 0.4 574 584 0.90071
0.5 0.9 0.7 0.5 583 589.4 0.847324
0.5 0.9 0.7 0.6 576 583.5 0.892955
0.5 0.9 0.7 0.7 570 579.4 1.22427
0.5 0.9 0.7 0.8 576 582.2 1.51649
0.5 0.9 0.7 0.9 576 585 1.51066
0.5 0.9 0.7 1 575 584.7 1.61497
0.5 0.9 0.8 0.1 575 581.2 0.380118
0.5 0.9 0.8 0.2 571 582.2 0.413941
0.5 0.9 0.8 0.3 574 579.4 0.744856
0.5 0.9 0.8 0.4 576 584.8 0.695636
0.5 0.9 0.8 0.5 573 584.3 1.28462
0.5 0.9 0.8 0.6 574 580.7 1.13204
0.5 0.9 0.8 0.7 574 583.1 1.0351
0.5 0.9 0.8 0.8 569 582.1 1.29621
0.5 0.9 0.8 0.9 575 580.8 1.78512
0.5 0.9 0.8 1 572 580.5 1.98696
0.5 0.9 0.9 0.1 566 582.7 0.393431
0.5 0.9 0.9 0.2 579 583 0.5733
0.5 0.9 0.9 0.3 575 580.5 0.706736
0.5 0.9 0.9 0.4 578 584.8 0.834113
0.5 0.9 0.9 0.5 567 579.3 1.09789
0.5 0.9 0.9 0.6 576 584.5 1.30564
0.5 0.9 0.9 0.7 575 579.3 1.78724
0.5 0.9 0.9 0.8 573 583.6 1.42004
0.5 0.9 0.9 0.9 571 582.7 2.82779
0.5 0.9 0.9 1 569 581.6 2.25926
0.5 0.9 1 0.1 573 579.7 0.417133
0.5 0.9 1 0.2 575 582.2 0.617203
0.5 0.9 1 0.3 572 579.2 0.89029
0.5 0.9 1 0.4 573 581.5 1.28654
0.5 0.9 1 0.5 571 579.4 1.1622
0.5 0.9 1 0.6 574 581.6 2.30098
0.5 0.9 1 0.7 569 576.5 1.63949
0.5 0.9 1 0.8 566 582.3 1.73162
0.5 0.9 1 0.9 574 579.9 2.00673
0.5 0.9 1 1 565 578.5 2.59836
