1 0.7 0.1 0.1 604 616.6 0.0479751
1 0.7 0.1 0.2 598 612.5 0.0780499
1 0.7 0.1 0.3 606 615 0.10695
1 0.7 0.1 0.4 606 619.4 0.141259
1 0.7 0.1 0.5 593 614.9 0.14561
1 0.7 0.1 0.6 597 612.5 0.1565
1 0.7 0.1 0.7 601 612.9 0.15783
1 0.7 0.1 0.8 596 612 0.202078
1 0.7 0.1 0.9 587 612.2 0.305217
1 0.7 0.1 1 589 613.8 0.245256
1 0.7 0.2 0.1 594 611.7 0.0688608
1 0.7 0.2 0.2 582 615.1 0.147843
1 0.7 0.2 0.3 588 608 0.288746
1 0.7 0.2 0.4 601 618.6 0.204657
1 0.7 0.2 0.5 584 606.2 0.241593
1 0.7 0.2 0.6 602 618.6 0.336677
1 0.7 0.2 0.7 596 612.9 0.648488
1 0.7 0.2 0.8 594 610.5 0.338848
1 0.7 0.2 0.9 591 611.3 0.469712
1 0.7 0.2 1 605 615.4 0.444262
1 0.7 0.3 0.1 595 609.7 0.0834761
1 0.7 0.3 0.2 604 613.4 0.199766
1 0.7 0.3 0.3 602 613.7 0.25463
1 0.7 0.3 0.4 588 609.5 0.394241
1 0.7 0.3 0.5 599 612.6 0.358873
1 0.7 0.3 0.6 581 605.9 0.589021
1 0.7 0.3 0.7 602 616.4 0.681656
1 0.7 0.3 0.8 589 601.4 0.708527
1 0.7 0.3 0.9 593 611.7 0.69161
1 0.7 0.3 1 592 611.1 0.90059
1 0.7 0.4 0.1 588 610.8 0.0988933
1 0.7 0.4 0.2 597 608.4 0.255561
1 0.7 0.4 0.3 597 623.2 0.437584
1 0.7 0.4 0.4 598 616.3 0.44699
1 0.7 0.4 0.5 594 611 0.626218
1 0.7 0.4 0.6 593 608.5 0.605273
1 0.7 0.4 0.7 591 612.1 0.720664
1 0.7 0.4 0.8 586 612.2 1.01756
1 0.7 0.4 0.9 589 621.2 1.19059
1 0.7 0.4 1 606 615.9 1.06972
1 0.7 0.5 0.1 596 611.1 0.20418
1 0.7 0.5 0.2 592 613.7 0.293232
1 0.7 0.5 0.3 595 613.4 0.396991
1 0.7 0.5 0.4 601 621 0.641696
1 0.7 0.5 0.5 594 611.4 0.930838
1 0.7 0.5 0.6 596 608.8 0.757645
1 0.7 0.5 0.7 597 614.9 0.924063
1 0.7 0.5 0.8 597 619.5 0.901077
1 0.7 0.5 0.9 579 613.3 1.19243
1 0.7 0.5 1 601 616.2 2.39633
1 0.7 0.6 0.1 598 613.7 0.165199
1 0.7 0.6 0.2 603 615.2 0.342342
1 0.7 0.6 0.3 597 621.7 0.584724
1 0.7 0.6 0.4 593 609.2 0.559855
1 0.7 0.6 0.5 591 615.3 0.963641
1 0.7 0.6 0.6 598 615.2 1.37371
1 0.7 0.6 0.7 610 630.2 0.998062
1 0.7 0.6 0.8 597 609.3 1.25293
1 0.7 0.6 0.9 587 617.4 1.73177
1 0.7 0.6 1 596 620.9 1.91838
1 0.7 0.7 0.1 586 607.8 0.178568
1 0.7 0.7 0.2 600 611.6 0.48315
1 0.7 0.7 0.3 589 613.5 0.682189
1 0.7 0.7 0.4 595 619 0.849687
1 0.7 0.7 0.5 590 618.5 0.948658
1 0.7 0.7 0.6 600 615.8 1.26383
1 0.7 0.7 0.7 597 614.8 1.28022
1 0.7 0.7 0.8 592 615.8 1.46975
1 0.7 0.7 0.9 589 609.6 1.4573
1 0.7 0.7 1 589 602.9 3.15556
1 0.7 0.8 0.1 586 612.9 0.169239
1 0.7 0.8 0.2 583 612.7 0.424119
1 0.7 0.8 0.3 604 622.8 0.708429
1 0.7 0.8 0.4 593 602.3 0.985856
1 0.7 0.8 0.5 585 620.4 1.08743
1 0.7 0.8 0.6 596 613.3 1.04992
1 0.7 0.8 0.7 586 613.5 1.61578
1 0.7 0.8 0.8 595 618.7 1.31898
1 0.7 0.8 0.9 596 613.4 2.19372
1 0.7 0.8 1 589 613.9 3.81805
1 0.7 0.9 0.1 597 621 0.288069
1 0.7 0.9 0.2 589 609.4 0.67828
