mst-weight: 474
improvements: 32
initial-cycle-weight: 727
final-cycle-weight: 603
24
44
43
42
41
40
39
38
37
36
35
34
52
57
58
59
60
61
73
72
80
86
85
84
83
79
76
71
67
63
66
70
69
65
62
56
51
50
49
48
47
55
46
54
64
68
75
78
81
82
87
88
92
94
99
90
91
95
96
97
104
103
111
122
117
120
116
110
109
115
119
129
128
127
131
126
125
124
113
108
107
106
102
101
105
114
118
121
130
123
112
100
98
93
89
77
74
53
45
27
26
25
18
13
5
1
2
3
4
11
10
9
8
7
6
12
14
15
16
17
19
28
29
20
30
31
32
33
21
22
23

improvements: 27
initial-cycle-weight: 768
final-cycle-weight: 598
97
96
104
103
111
117
122
129
128
127
131
126
125
124
121
118
130
123
114
105
101
100
112
98
93
89
74
53
45
26
25
18
13
5
1
2
3
4
11
10
9
8
7
6
12
14
15
16
17
19
20
21
22
23
24
44
43
42
41
40
39
38
37
36
35
34
33
32
31
30
29
28
27
46
54
55
47
48
49
50
51
52
56
57
58
59
60
61
73
72
80
86
85
84
83
79
76
71
67
63
66
70
69
65
62
64
68
75
77
78
81
82
87
88
92
94
99
102
106
107
113
108
109
115
119
116
120
110
95
90
91

improvements: 27
initial-cycle-weight: 727
final-cycle-weight: 607
33
34
35
22
23
24
44
43
42
41
40
39
38
37
36
52
57
58
59
60
61
73
72
80
86
85
84
83
79
76
71
67
63
66
70
69
65
62
56
51
50
49
48
47
55
46
54
64
68
75
78
81
82
87
88
92
94
99
108
109
110
95
90
91
97
96
104
103
111
122
117
120
116
115
119
129
128
127
131
126
125
124
113
107
106
102
101
105
114
118
121
130
123
112
100
98
93
89
77
74
53
45
27
26
25
18
13
5
1
2
3
4
11
10
9
8
7
6
12
14
15
16
17
19
28
29
30
31
32
20
21

improvements: 26
initial-cycle-weight: 723
final-cycle-weight: 607
27
45
53
74
77
89
93
98
100
112
123
130
121
118
114
105
101
102
106
107
113
124
125
126
127
131
129
128
119
115
116
120
117
122
111
103
104
96
97
91
90
95
110
109
108
99
94
92
88
87
82
81
78
75
68
64
54
46
55
47
48
49
50
51
56
62
65
69
70
66
63
67
71
76
79
83
84
85
86
80
72
73
61
60
59
58
57
52
34
35
36
37
38
39
40
41
42
43
44
24
23
22
21
33
32
31
30
29
28
20
19
17
16
15
14
12
6
7
8
9
10
11
4
3
2
1
5
13
18
25
26

improvements: 32
initial-cycle-weight: 727
final-cycle-weight: 603
23
24
44
43
42
41
40
39
38
37
36
35
34
52
57
58
59
60
61
73
72
80
86
85
84
83
79
76
71
67
63
66
70
69
65
62
56
51
50
49
48
47
55
46
54
64
68
75
78
81
82
87
88
92
94
99
90
91
95
96
97
104
103
111
122
117
120
116
110
109
115
119
129
128
127
131
126
125
124
113
108
107
106
102
101
105
114
118
121
130
123
112
100
98
93
89
77
74
53
45
27
26
25
18
13
5
1
2
3
4
11
10
9
8
7
6
12
14
15
16
17
19
28
29
20
30
31
32
33
21
22

improvements: 26
initial-cycle-weight: 723
final-cycle-weight: 607
27
45
53
74
77
89
93
98
100
112
123
130
121
118
114
105
101
102
106
107
113
124
125
126
127
131
129
128
119
115
116
120
117
122
111
103
104
96
97
91
90
95
110
109
108
99
94
92
88
87
82
81
78
75
68
64
54
46
55
47
48
49
50
51
56
62
65
69
70
66
63
67
71
76
79
83
84
85
86
80
72
73
61
60
59
58
57
52
34
35
36
37
38
39
40
41
42
43
44
24
23
22
21
33
32
31
30
29
28
20
19
17
16
15
14
12
6
7
8
9
10
11
4
3
2
1
5
13
18
25
26

improvements: 30
initial-cycle-weight: 725
final-cycle-weight: 598
45
53
74
89
93
98
100
112
123
130
121
118
114
105
101
102
106
107
113
124
125
126
127
131
129
128
119
115
116
120
117
122
111
103
104
96
97
91
90
95
110
109
108
99
94
92
88
87
82
81
78
77
64
68
75
62
65
69
70
66
63
67
71
76
79
83
84
85
86
80
72
73
61
60
59
58
57
56
52
51
50
49
48
47
55
54
46
27
28
29
30
31
32
33
34
35
36
37
38
39
40
41
42
43
44
24
23
22
21
20
19
17
16
15
14
12
6
7
8
9
10
11
4
3
2
1
5
13
18
25
26

improvements: 31
initial-cycle-weight: 773
final-cycle-weight: 596
125
126
131
127
128
129
119
115
109
110
116
120
117
122
111
103
104
97
96
95
91
90
99
94
92
88
87
82
81
78
77
75
68
64
62
65
69
70
66
63
67
71
76
79
83
84
85
86
80
72
73
61
60
59
58
57
56
52
51
50
49
48
47
55
54
46
27
28
29
30
31
32
33
34
35
36
37
38
39
40
41
42
43
44
24
23
22
21
20
19
17
16
15
14
12
6
7
8
9
10
11
4
3
2
1
5
13
18
25
26
45
53
74
89
93
98
100
112
123
130
121
118
114
105
101
102
106
107
108
113
124

improvements: 30
initial-cycle-weight: 721
final-cycle-weight: 596
93
98
100
112
123
130
121
118
114
105
101
102
106
107
108
113
124
125
126
127
131
129
128
119
115
109
110
116
120
117
122
111
103
104
97
96
95
91
90
99
94
92
88
87
82
81
78
77
75
68
64
62
65
69
70
66
63
67
71
76
79
83
84
85
86
80
72
73
61
60
59
58
57
56
52
51
50
49
48
47
55
54
46
27
28
29
30
31
32
33
34
35
36
37
38
39
40
41
42
43
44
24
23
22
21
20
19
17
16
15
14
12
6
7
8
9
10
11
4
3
2
1
5
13
18
25
26
45
53
74
89

improvements: 31
initial-cycle-weight: 774
final-cycle-weight: 598
74
53
45
26
25
18
13
5
1
2
3
4
11
10
9
8
7
6
12
14
15
16
17
19
20
21
22
23
24
44
43
42
41
40
39
38
37
36
35
34
33
32
31
30
29
28
27
46
54
55
47
48
49
50
51
52
56
57
58
59
60
61
73
72
80
86
85
84
83
79
76
71
67
63
66
70
69
65
62
64
68
75
77
78
81
82
87
88
92
94
99
108
109
110
95
90
91
97
96
104
103
111
122
117
120
116
115
119
129
128
127
131
126
125
124
113
107
106
102
101
105
114
118
121
130
123
112
100
98
93
89

improvements: 25
initial-cycle-weight: 728
final-cycle-weight: 608
45
53
74
77
89
93
98
100
112
123
130
121
118
114
105
101
102
106
107
113
124
125
126
127
131
129
128
119
115
116
120
117
122
111
103
104
96
97
91
90
95
110
109
108
99
94
92
88
87
82
81
78
75
68
64
54
55
62
65
69
70
66
63
67
71
76
79
83
84
85
86
80
72
73
61
60
59
58
57
56
52
51
50
49
48
47
46
27
28
29
30
31
32
33
34
35
36
37
38
39
40
41
42
43
44
24
23
22
21
20
19
17
16
15
14
12
6
7
8
9
10
11
4
3
2
1
5
13
18
25
26

