0.1 0.2 1118 1166.81 0.0370352
108
109
110
111
102
86
77
72
71
70
69
64
63
52
53
54
45
22
17
7
3
4
13
25
28
46
66
73
78
112
127
126
125
114
113
124
123
122
121
120
119
118
128
129
130
135
136
146
147
148
149
137
150
151
152
153
138
154
155
139
156
157
158
140
159
160
161
162
163
164
141
131
132
133
134
142
143
144
180
179
178
171
187
188
199
200
201
211
212
202
213
224
237
236
235
234
223
221
233
232
231
230
229
228
226
227
225
222
214
203
204
205
206
215
207
208
216
219
217
220
218
210
209
196
194
193
195
197
186
170
169
168
177
176
175
185
192
184
183
191
198
190
189
182
181
174
167
166
165
173
172
145
117
116
115
106
105
103
104
96
101
88
89
93
97
81
80
79
74
87
60
65
55
36
47
56
58
61
59
57
48
49
39
38
37
32
31
29
24
16
18
23
26
19
15
14
8
1
9
5
6
2
10
11
12
21
20
35
30
27
34
33
40
41
42
50
51
44
43
62
67
68
83
82
90
94
91
95
107
98
92
75
76
84
85
100
99
