0.5 0.95 0.4 0.1 1036 1056.01 1.47277
162
161
160
170
169
168
177
176
175
167
166
184
185
192
193
194
195
196
197
186
171
178
179
180
188
187
199
200
201
211
212
213
202
237
236
235
234
224
223
221
218
210
209
208
216
219
217
220
233
232
231
230
229
215
207
206
205
204
226
228
227
225
222
214
203
198
190
182
181
189
191
183
174
173
165
172
145
117
116
115
104
97
93
96
101
89
88
87
74
79
80
81
82
83
92
95
91
94
90
103
105
106
107
98
99
100
108
109
110
111
77
86
85
84
76
75
68
67
62
51
50
42
41
49
40
39
48
47
57
59
61
60
58
56
65
55
36
37
38
34
33
32
31
26
29
24
23
18
16
15
14
8
1
5
9
19
27
30
35
21
20
6
2
10
11
22
17
12
7
3
4
13
25
28
46
45
54
53
52
44
43
63
64
69
70
71
72
66
73
78
102
112
113
114
125
126
127
134
144
143
142
133
132
131
124
123
122
121
120
119
118
128
129
130
135
136
146
147
148
149
150
137
151
152
153
138
154
155
139
156
157
158
159
140
141
164
163
