mst-weight: 897
improvements: 37
initial-cycle-weight: 1447
final-cycle-weight: 1118
8
14
15
16
18
23
24
29
26
19
35
30
27
34
33
32
31
36
55
65
58
60
61
59
57
56
47
37
38
48
39
40
49
41
42
50
51
62
68
67
74
87
88
89
101
116
117
128
129
130
135
136
147
146
145
172
165
173
181
182
189
198
190
191
183
174
166
167
175
184
192
193
194
195
196
197
186
185
176
177
168
169
170
159
158
157
156
155
154
153
152
151
150
149
148
137
138
139
140
131
132
141
160
161
162
163
164
171
178
187
199
200
210
209
220
217
216
208
207
215
206
205
204
203
214
222
225
227
226
228
229
230
231
219
232
233
221
218
201
211
223
234
235
236
237
224
212
213
202
188
179
180
144
143
142
133
134
126
127
112
125
114
113
124
123
122
121
120
119
118
115
104
96
93
79
80
97
103
105
106
107
98
92
95
91
94
90
81
82
83
75
76
84
99
108
109
110
111
102
100
85
86
77
72
71
70
69
64
63
43
44
52
53
54
45
66
78
73
46
28
25
13
4
3
7
22
17
12
11
21
20
10
2
6
5
9
1

improvements: 37
initial-cycle-weight: 1441
final-cycle-weight: 1077
79
80
93
96
104
97
103
105
106
107
98
92
95
91
94
90
81
82
83
75
76
84
99
108
109
110
111
102
100
85
86
77
72
71
70
69
63
64
45
54
53
52
44
43
51
62
68
67
50
42
41
49
40
39
38
48
57
59
61
60
58
65
56
47
55
36
37
31
32
33
34
27
30
35
19
26
23
18
29
24
16
15
14
8
1
9
5
6
2
10
20
21
11
12
17
22
7
3
4
13
25
28
46
66
73
78
112
127
126
125
114
113
124
123
122
121
120
119
118
128
129
130
135
136
137
138
139
140
141
131
132
133
134
142
143
144
180
179
188
202
213
212
224
237
236
235
234
223
211
201
218
221
233
232
231
230
229
228
226
227
225
222
214
203
204
205
206
215
207
208
216
219
217
220
209
210
200
199
187
178
171
164
163
162
161
160
159
158
157
156
155
154
153
152
151
150
149
148
147
146
174
166
167
175
176
177
168
169
170
186
197
196
195
194
193
192
185
184
183
191
190
198
189
182
181
173
165
172
145
115
117
116
88
89
101
87
74

improvements: 44
initial-cycle-weight: 1421
final-cycle-weight: 1072
127
126
125
134
133
142
143
144
180
179
188
202
213
212
224
237
236
235
234
223
211
201
218
221
233
232
231
230
229
228
226
227
225
222
214
203
204
205
206
215
207
208
216
219
217
220
209
210
200
199
187
178
171
164
163
162
161
160
159
158
157
156
155
154
153
152
151
150
149
148
137
138
139
140
141
131
132
114
113
124
123
122
121
120
119
118
128
129
130
135
136
147
146
174
166
167
175
176
177
168
169
170
186
197
196
195
194
193
192
185
184
183
191
190
198
189
182
181
173
165
172
145
117
116
115
104
96
93
101
89
88
87
74
79
80
97
103
105
106
107
98
92
95
91
94
90
81
82
83
75
76
84
99
108
109
110
111
102
100
85
86
77
72
71
70
69
63
64
45
54
53
52
44
43
51
62
68
67
57
59
61
60
58
56
65
55
36
37
47
48
38
39
40
41
49
50
42
35
30
27
34
33
32
31
26
19
23
18
29
24
16
15
14
8
1
9
5
6
2
10
20
21
11
12
17
22
7
3
4
13
25
28
46
66
73
78
112

improvements: 45
initial-cycle-weight: 1412
final-cycle-weight: 1067
127
126
125
114
113
124
123
122
121
120
119
118
128
129
130
135
136
137
138
139
140
141
131
132
133
134
142
143
144
180
179
188
202
213
212
224
237
236
235
234
223
211
201
218
221
233
232
231
230
229
228
226
227
225
222
214
203
204
205
206
215
207
208
216
219
217
220
209
210
200
199
187
178
171
164
163
162
161
160
159
158
157
156
155
154
153
152
151
150
149
148
147
146
174
166
167
175
176
177
168
169
170
186
197
196
195
194
193
192
185
184
183
191
190
198
189
182
181
173
165
172
145
117
116
115
104
96
93
101
89
88
87
74
79
80
97
103
105
106
107
98
92
95
91
94
90
81
82
83
75
76
84
99
108
109
110
111
102
100
85
86
77
72
71
70
69
63
64
45
54
53
52
44
43
51
62
68
67
57
59
61
60
58
56
65
55
36
37
47
48
38
39
40
41
49
50
42
35
30
27
34
33
32
31
26
19
23
18
29
24
16
15
14
8
1
9
5
6
2
10
20
21
11
12
17
22
7
3
4
13
25
28
46
66
73
78
112

improvements: 37
initial-cycle-weight: 1437
final-cycle-weight: 1080
133
134
142
143
144
180
179
188
202
213
212
224
237
236
235
234
223
211
201
218
221
233
232
231
230
229
228
226
227
225
222
214
203
204
205
206
215
207
208
216
219
217
220
209
210
200
199
187
178
171
164
163
162
161
160
159
158
157
156
155
154
153
152
151
150
149
148
147
146
174
166
167
175
176
177
168
169
170
186
197
196
195
194
193
192
185
184
183
191
190
198
189
182
181
173
165
172
145
117
116
115
107
106
105
103
97
104
96
93
101
89
88
87
74
79
80
81
90
94
91
95
92
98
82
83
75
76
84
99
108
109
110
111
102
100
85
86
77
72
71
70
69
63
64
45
54
53
52
44
43
51
62
68
67
50
42
41
49
40
39
48
38
37
47
57
59
61
60
58
56
65
55
36
31
32
33
34
27
30
35
19
26
23
18
29
24
16
15
14
8
1
9
5
6
2
10
20
21
11
12
17
22
7
3
4
13
25
28
46
66
73
78
112
127
126
125
114
113
124
123
122
121
120
119
118
128
129
130
135
136
137
138
139
140
141
131
132

improvements: 34
initial-cycle-weight: 1444
final-cycle-weight: 1096
172
198
190
181
182
189
191
183
184
192
193
194
195
196
197
186
170
169
168
177
176
185
175
167
166
174
173
165
146
147
148
149
150
151
152
153
154
155
156
157
158
159
160
161
162
163
164
171
178
187
199
200
210
209
217
216
208
207
215
206
205
204
203
214
222
225
227
226
228
229
230
231
219
232
233
220
218
221
201
211
223
234
235
236
237
224
212
213
202
188
179
180
144
143
142
134
133
132
131
141
140
139
138
137
136
135
130
129
128
118
119
120
121
122
123
124
113
114
125
126
127
112
78
73
66
46
28
25
13
4
3
7
22
17
12
11
21
20
10
2
6
5
9
1
8
14
15
16
24
29
18
23
26
19
35
30
27
34
33
32
31
36
55
65
58
60
61
59
57
56
47
48
37
38
39
40
49
41
42
50
67
68
62
51
43
44
52
53
54
45
64
63
69
70
71
72
77
86
85
100
102
111
110
109
108
99
84
76
75
83
82
98
92
95
91
94
90
81
80
79
74
87
88
89
101
93
96
104
97
103
105
106
107
115
116
117
145

improvements: 28
initial-cycle-weight: 1419
final-cycle-weight: 1093
225
227
226
228
229
230
231
204
205
206
215
207
208
216
219
232
233
221
218
220
217
209
210
200
201
211
223
234
235
236
237
224
212
213
202
199
187
188
180
179
178
171
132
131
141
164
163
162
161
160
159
140
139
138
137
136
135
130
129
128
118
119
120
121
122
123
124
113
114
125
133
142
143
144
134
126
127
112
78
73
66
46
28
25
13
4
3
7
22
17
12
11
21
20
10
2
6
5
9
1
8
14
15
16
24
29
18
23
26
19
35
30
27
34
33
32
31
37
36
55
47
56
65
58
60
61
59
57
48
38
39
40
49
41
42
50
67
68
62
51
43
44
52
53
54
45
64
63
69
70
71
72
77
86
85
100
102
111
110
109
108
99
84
76
75
83
82
98
92
95
91
94
90
81
80
79
74
87
88
89
101
93
96
104
97
103
105
106
107
115
116
117
145
172
173
165
146
147
148
149
150
151
152
153
154
155
156
157
158
170
169
168
177
176
185
186
197
196
195
194
193
192
184
175
167
166
174
183
191
189
182
181
190
198
203
214
222

improvements: 30
initial-cycle-weight: 1381
final-cycle-weight: 1075
227
226
228
229
230
231
232
233
221
218
220
217
219
216
209
210
200
201
211
223
234
235
236
237
224
212
213
202
199
187
188
180
179
178
171
186
197
196
195
194
185
176
177
168
169
170
157
158
159
160
161
162
163
164
132
131
141
140
139
156
155
154
153
138
137
152
151
150
149
148
147
136
135
130
129
128
118
119
120
121
122
123
124
113
114
125
133
142
143
144
134
126
127
112
78
73
66
46
28
25
13
4
3
7
22
17
12
11
21
20
10
2
6
5
9
1
8
14
15
16
24
29
18
23
26
19
35
30
27
34
33
32
31
37
36
55
47
56
65
58
60
61
59
57
48
38
39
40
49
41
42
50
67
68
62
51
43
44
52
53
54
45
64
63
69
70
71
72
77
86
85
100
102
111
110
109
108
99
84
76
75
83
82
98
92
95
91
94
90
81
80
79
74
87
88
89
101
93
96
104
97
103
105
106
107
115
116
117
145
146
172
165
173
181
182
189
198
190
191
183
174
166
167
175
184
192
193
208
207
215
206
205
204
203
214
222
225

improvements: 35
initial-cycle-weight: 1439
final-cycle-weight: 1086
90
94
91
95
92
98
107
106
105
103
97
93
96
88
89
101
104
115
116
117
145
172
181
182
189
198
190
191
183
184
185
192
193
194
195
196
197
186
170
169
168
177
176
175
167
166
174
173
165
146
147
148
149
150
151
152
153
154
155
156
157
158
159
160
161
162
163
164
171
178
187
199
200
210
209
220
217
216
208
207
215
206
205
204
203
214
222
225
227
226
228
229
230
231
219
232
233
221
218
201
211
223
234
235
236
237
224
212
213
202
188
179
180
144
143
142
134
133
132
131
141
140
139
138
137
136
135
130
129
128
118
119
120
121
122
123
124
113
114
125
126
127
112
78
73
66
46
28
25
13
4
3
7
22
17
12
11
21
20
10
2
6
5
9
1
8
14
15
16
24
29
18
23
26
19
35
30
27
34
33
32
31
37
36
55
47
56
65
58
60
61
59
57
48
38
39
40
49
41
42
50
67
68
62
51
43
44
52
53
54
45
64
63
69
70
71
72
77
86
85
100
102
111
110
109
108
99
84
76
75
83
82
81
80
79
87
74

improvements: 34
initial-cycle-weight: 1389
final-cycle-weight: 1074
222
214
203
204
205
206
215
207
192
184
175
167
166
174
183
191
190
198
189
182
181
173
165
172
146
145
117
116
115
107
106
105
103
97
104
96
93
101
89
88
87
74
79
80
81
90
94
91
95
92
98
82
83
75
76
84
99
108
109
110
111
102
100
85
86
77
72
71
70
69
63
64
45
54
53
52
44
43
51
62
68
67
50
42
41
49
40
39
48
38
37
47
57
59
61
60
58
56
65
55
36
31
32
33
34
27
30
35
19
26
23
18
29
24
16
15
14
8
1
9
5
6
2
10
20
21
11
12
17
22
7
3
4
13
25
28
46
66
73
78
112
127
126
134
144
143
142
133
125
114
113
124
123
122
121
120
119
118
128
129
130
135
136
147
148
149
150
151
152
153
137
138
154
155
156
139
140
141
131
132
164
163
162
161
160
159
158
157
170
169
168
177
176
185
193
194
195
196
197
186
171
178
179
180
188
187
199
202
213
212
224
237
236
235
234
223
211
201
200
210
209
208
216
219
217
220
218
221
233
232
231
230
229
228
226
227
225

improvements: 38
initial-cycle-weight: 1443
final-cycle-weight: 1080
140
141
131
132
133
134
142
143
144
180
179
188
202
213
212
224
237
236
235
234
223
211
201
218
221
233
232
231
230
229
228
226
227
225
222
214
203
204
205
206
215
207
208
216
219
217
220
209
210
200
199
187
178
171
164
163
162
161
160
159
158
157
156
155
154
153
152
151
150
149
148
147
146
174
166
167
175
176
177
168
169
170
186
197
196
195
194
193
192
185
184
183
191
190
198
189
182
181
173
165
172
145
117
116
115
107
106
105
103
97
104
96
93
101
89
88
87
74
79
80
81
90
94
91
95
92
98
82
83
75
76
84
99
108
109
110
111
102
100
85
86
77
72
71
70
69
63
64
45
54
53
52
44
43
51
62
68
67
50
42
41
49
40
39
48
38
37
47
57
59
61
60
58
56
65
55
36
31
32
33
34
27
30
35
19
26
23
18
29
24
16
15
14
8
1
9
5
6
2
10
20
21
11
12
17
22
7
3
4
13
25
28
46
66
73
78
112
127
126
125
114
113
124
123
122
121
120
119
118
128
129
130
135
136
137
138
139

improvements: 35
initial-cycle-weight: 1434
final-cycle-weight: 1085
87
79
80
81
82
83
75
76
84
99
108
109
110
111
102
100
85
86
77
72
71
70
69
63
64
45
54
53
52
44
43
51
62
68
67
50
42
41
49
40
39
48
38
37
47
56
57
59
61
60
58
65
55
36
31
32
33
34
27
30
35
19
26
23
18
29
24
16
15
14
8
1
9
5
6
2
10
20
21
11
12
17
22
7
3
4
13
25
28
46
66
73
78
112
127
126
125
114
113
124
123
122
121
120
119
118
128
129
130
135
136
137
138
139
140
141
131
132
133
134
142
143
144
180
179
188
202
213
212
224
237
236
235
234
223
211
201
221
218
220
233
232
219
231
230
229
228
226
227
225
222
214
203
204
205
206
215
207
208
216
217
209
210
200
199
187
178
171
164
163
162
161
160
159
158
157
156
155
154
153
152
151
150
149
148
147
146
174
166
167
175
176
177
168
169
170
186
197
196
195
194
193
192
185
184
183
191
190
198
189
182
181
173
165
172
145
117
116
115
88
89
101
93
96
104
97
103
105
106
107
98
92
95
91
94
90
74

improvements: 37
initial-cycle-weight: 1441
final-cycle-weight: 1077
112
127
126
125
114
113
124
123
122
121
120
119
118
128
129
130
135
136
137
138
139
140
141
131
132
133
134
142
143
144
180
179
188
202
213
212
224
237
236
235
234
223
211
201
218
221
233
232
231
230
229
228
226
227
225
222
214
203
204
205
206
215
207
208
216
219
217
220
209
210
200
199
187
178
171
164
163
162
161
160
159
158
157
156
155
154
153
152
151
150
149
148
147
146
174
166
167
175
176
177
168
169
170
186
197
196
195
194
193
192
185
184
183
191
190
198
189
182
181
173
165
172
145
115
117
116
88
89
101
87
74
79
80
93
96
104
97
103
105
106
107
98
92
95
91
94
90
81
82
83
75
76
84
99
108
109
110
111
102
100
85
86
77
72
71
70
69
63
64
45
54
53
52
44
43
51
62
68
67
50
42
41
49
40
39
38
48
57
59
61
60
58
65
56
47
55
36
37
31
32
33
34
27
30
35
19
26
23
18
29
24
16
15
14
8
1
9
5
6
2
10
20
21
11
12
17
22
7
3
4
13
25
28
46
66
73
78

improvements: 39
initial-cycle-weight: 1448
final-cycle-weight: 1108
8
19
26
23
18
16
15
14
24
29
31
32
33
34
27
30
35
45
54
53
64
72
71
70
69
63
52
44
43
51
62
68
67
50
42
41
49
40
39
38
48
47
37
36
55
56
57
59
61
60
58
65
74
87
88
89
101
116
117
128
129
130
135
136
147
146
145
172
165
173
181
182
189
198
190
191
183
174
166
167
175
184
192
193
194
195
196
197
186
185
176
177
168
169
170
159
158
157
156
155
154
153
152
151
150
149
148
137
138
139
140
131
132
141
160
161
162
163
164
171
178
187
199
200
210
209
217
216
208
207
215
206
205
204
203
214
222
225
227
226
228
229
230
231
219
232
233
220
218
221
201
211
223
234
235
236
237
224
212
213
202
188
179
180
144
143
142
133
134
126
127
112
125
114
113
124
123
122
121
120
119
118
115
104
96
93
79
80
97
103
105
106
107
98
92
95
91
94
90
81
82
83
75
76
84
85
86
77
100
99
108
109
110
111
102
78
73
66
46
28
25
13
4
3
7
22
17
12
11
21
20
10
2
6
5
9
1

improvements: 45
initial-cycle-weight: 1412
final-cycle-weight: 1067
127
126
125
114
113
124
123
122
121
120
119
118
128
129
130
135
136
137
138
139
140
141
131
132
133
134
142
143
144
180
179
188
202
213
212
224
237
236
235
234
223
211
201
218
221
233
232
231
230
229
228
226
227
225
222
214
203
204
205
206
215
207
208
216
219
217
220
209
210
200
199
187
178
171
164
163
162
161
160
159
158
157
156
155
154
153
152
151
150
149
148
147
146
174
166
167
175
176
177
168
169
170
186
197
196
195
194
193
192
185
184
183
191
190
198
189
182
181
173
165
172
145
117
116
115
104
96
93
101
89
88
87
74
79
80
97
103
105
106
107
98
92
95
91
94
90
81
82
83
75
76
84
99
108
109
110
111
102
100
85
86
77
72
71
70
69
63
64
45
54
53
52
44
43
51
62
68
67
57
59
61
60
58
56
65
55
36
37
47
48
38
39
40
41
49
50
42
35
30
27
34
33
32
31
26
19
23
18
29
24
16
15
14
8
1
9
5
6
2
10
20
21
11
12
17
22
7
3
4
13
25
28
46
66
73
78
112

