weight: 897
edges: 
1 8
2 6
2 10
3 7
3 4
4 3
4 13
5 9
5 6
6 2
6 5
7 3
7 12
8 1
8 9
8 14
9 5
9 8
10 2
10 11
10 20
11 10
11 12
12 7
12 11
12 17
13 4
13 25
14 8
14 15
15 14
15 16
16 15
16 18
17 12
17 22
18 16
18 23
18 29
19 27
20 10
20 21
21 20
22 17
23 18
23 26
24 29
25 13
25 28
26 23
26 32
27 19
27 34
27 30
28 25
28 46
29 24
29 18
30 27
30 35
31 32
31 36
32 31
32 26
32 33
33 32
33 34
34 27
34 33
35 30
36 31
36 37
36 55
37 36
37 38
37 47
38 37
38 39
38 48
39 38
39 40
40 39
40 41
40 49
41 40
41 42
42 41
42 50
43 51
43 44
44 43
44 52
45 54
46 28
47 37
47 56
48 38
49 40
50 42
50 51
51 43
51 50
51 62
52 44
52 53
52 63
53 52
53 54
54 45
54 53
55 36
56 47
56 57
56 58
56 65
57 56
57 59
58 56
58 60
59 57
59 61
60 58
61 59
62 51
62 67
62 68
63 52
63 64
63 69
64 63
65 56
66 72
66 73
67 62
68 62
69 63
69 70
70 69
70 71
71 70
71 72
72 66
72 71
72 77
73 66
73 78
74 79
75 76
75 83
76 75
76 84
77 72
77 86
78 73
79 74
79 80
79 87
79 93
80 79
80 81
81 80
81 82
81 90
82 81
82 83
83 82
83 75
84 76
84 85
84 99
85 84
85 86
86 85
86 77
87 79
88 89
89 88
89 101
90 81
90 94
91 94
91 95
92 95
92 98
93 79
93 96
93 97
93 101
94 91
94 90
95 92
95 91
96 93
96 104
97 93
97 103
98 92
99 84
99 100
99 108
100 99
101 89
101 93
102 111
103 97
103 105
104 96
104 115
105 103
105 106
106 105
106 107
107 106
108 99
108 109
109 108
109 110
110 109
110 111
111 102
111 110
112 114
113 124
113 114
114 112
114 113
114 125
115 104
115 116
115 118
116 115
116 117
117 116
118 115
118 119
118 128
119 118
119 120
120 119
120 121
121 120
121 122
122 121
122 123
123 122
123 124
124 113
124 123
125 114
125 126
125 133
126 125
126 127
127 126
128 118
128 129
129 128
129 130
130 129
130 135
131 141
131 132
132 131
133 125
133 134
133 142
134 133
135 130
135 136
136 135
136 147
137 150
138 153
139 156
140 159
141 131
141 162
142 133
142 143
143 142
143 144
144 143
145 146
146 145
146 147
146 165
147 146
147 136
147 148
148 147
148 149
149 148
149 150
150 137
150 149
150 151
151 150
151 152
152 151
152 153
153 138
153 152
153 154
154 153
154 155
155 154
155 156
156 139
156 155
156 157
157 156
157 158
158 157
158 159
159 140
159 158
159 160
160 159
160 161
161 160
161 162
162 141
162 161
162 163
163 162
163 164
164 163
164 171
165 146
165 172
165 173
166 174
166 167
167 166
167 175
168 177
168 169
169 168
169 170
170 169
171 164
171 178
172 165
173 165
173 174
173 181
174 166
174 173
175 167
175 176
175 184
176 175
176 177
177 168
177 176
178 171
178 179
178 187
179 178
179 180
180 179
181 173
181 182
182 181
182 189
183 189
184 175
184 185
184 192
185 184
186 197
187 178
187 188
187 199
188 187
189 183
189 182
189 190
189 191
190 189
190 198
191 189
192 184
192 193
193 192
193 194
194 193
194 195
195 194
195 196
196 195
196 197
197 186
197 196
198 190
199 187
199 200
200 199
200 201
200 210
201 200
201 211
202 213
203 204
203 214
204 203
204 205
205 204
205 206
206 205
206 207
206 215
207 206
207 208
208 207
208 216
209 210
209 217
210 209
210 200
211 201
211 212
211 223
212 211
212 213
213 202
213 212
214 203
214 222
215 206
216 208
216 219
217 209
217 219
217 220
218 220
218 221
219 216
219 217
219 232
220 218
220 217
221 218
222 214
223 211
223 224
223 234
224 223
225 226
226 225
226 228
226 227
227 226
228 226
228 229
229 228
229 230
230 229
230 231
231 230
231 232
232 231
232 219
232 233
233 232
234 223
234 235
235 234
235 236
236 235
236 237
237 236

