0.1 0.1 1078 1115.8 3.49179
0.1 0.2 1086 1118.8 4.03342
0.1 0.3 1069 1101 4.4899
0.1 0.4 1100 1130.3 5.02769
0.1 0.5 1095 1124 5.3704
0.1 0.6 1091 1117.7 5.89665
0.1 0.7 1081 1120.3 6.57298
0.1 0.8 1088 1127.9 6.7187
0.1 0.9 1082 1118.3 7.33272
0.1 1 1085 1117.7 7.84876
0.2 0.1 1077 1116.5 3.49216
0.2 0.2 1091 1119.2 3.98009
0.2 0.3 1091 1119.1 4.53873
0.2 0.4 1085 1120.7 4.84644
0.2 0.5 1096 1127.5 5.36595
0.2 0.6 1102 1123.3 6.3079
0.2 0.7 1092 1116.2 6.26788
0.2 0.8 1082 1111.4 6.87445
0.2 0.9 1075 1113 7.36179
0.2 1 1101 1121.5 7.63965
0.3 0.1 1087 1114.2 3.3888
0.3 0.2 1098 1116.4 4.02367
0.3 0.3 1088 1130.8 4.37977
0.3 0.4 1086 1122.6 4.84792
0.3 0.5 1102 1120.8 5.35668
0.3 0.6 1074 1112.1 5.82212
0.3 0.7 1087 1110.6 6.54951
0.3 0.8 1080 1116 6.82377
0.3 0.9 1093 1126.1 7.27237
0.3 1 1075 1116.2 7.83381
0.4 0.1 1073 1119.6 3.44657
0.4 0.2 1063 1113.3 3.97333
0.4 0.3 1106 1119.4 4.51328
0.4 0.4 1098 1121.2 5.00835
0.4 0.5 1092 1122.8 5.34064
0.4 0.6 1098 1126.1 5.83196
0.4 0.7 1097 1123.2 6.25708
0.4 0.8 1076 1132.5 6.72576
0.4 0.9 1070 1111.1 7.45807
0.4 1 1092 1115.7 7.88083
0.5 0.1 1080 1122.1 3.49537
0.5 0.2 1092 1121.5 3.94025
0.5 0.3 1076 1116.9 4.67199
0.5 0.4 1082 1113 5.04697
0.5 0.5 1070 1116.4 5.44414
0.5 0.6 1098 1123.7 5.79949
0.5 0.7 1088 1109.3 6.44443
0.5 0.8 1101 1128.3 6.83741
0.5 0.9 1085 1116.5 7.29131
0.5 1 1082 1115.7 7.59972
0.6 0.1 1091 1117.8 3.47695
0.6 0.2 1103 1123.4 3.93392
0.6 0.3 1083 1116.8 4.37819
0.6 0.4 1089 1119.6 4.84964
0.6 0.5 1104 1133.4 5.43225
0.6 0.6 1086 1116.2 5.93367
0.6 0.7 1085 1122.6 6.41742
0.6 0.8 1093 1121.5 6.90513
0.6 0.9 1094 1133.1 7.27383
0.6 1 1110 1130.6 7.96643
0.7 0.1 1090 1118.9 3.4855
0.7 0.2 1095 1121.7 4.04075
0.7 0.3 1085 1131.1 4.36604
0.7 0.4 1091 1113.2 4.97399
0.7 0.5 1101 1128.8 5.32041
0.7 0.6 1080 1125.7 6.06168
0.7 0.7 1088 1110.6 6.44063
0.7 0.8 1091 1111.2 6.90502
0.7 0.9 1064 1110.4 7.51303
0.7 1 1076 1117.7 7.80586
0.8 0.1 1092 1128.1 3.46299
0.8 0.2 1077 1112.5 4.14428
0.8 0.3 1085 1125.3 4.51098
0.8 0.4 1077 1124.5 4.95621
0.8 0.5 1067 1112.3 5.64585
0.8 0.6 1100 1124.7 6.06954
0.8 0.7 1082 1123.1 6.48465
0.8 0.8 1084 1116.6 7.13478
0.8 0.9 1098 1122.3 7.20182
0.8 1 1096 1121.9 7.97504
0.9 0.1 1092 1118.2 3.55796
0.9 0.2 1092 1130.4 3.91432
0.9 0.3 1091 1112.2 4.50835
0.9 0.4 1111 1137.9 4.85812
0.9 0.5 1093 1125 5.50431
0.9 0.6 1082 1117.9 5.92952
0.9 0.7 1100 1116.3 6.40372
0.9 0.8 1081 1125 6.88582
0.9 0.9 1070 1105.5 7.43146
0.9 1 1086 1124 7.83152
1 0.1 1095 1127.4 3.50412
1 0.2 1099 1123.8 3.98998
1 0.3 1104 1122.2 4.45126
1 0.4 1094 1128.2 4.88776
1 0.5 1072 1127 5.31563
1 0.6 1095 1116.5 5.92781
1 0.7 1075 1122 6.41446
1 0.8 1093 1120.6 7.0073
1 0.9 1075 1115.9 7.39491
1 1 1095 1117.5 8.04229
