0.01 0.99 0.3 0.3 1027 1035.7 4.93711
0.1 0.99 0.3 0.3 1020 1036.9 5.18724
0.2 0.99 0.3 0.3 1026 1036.2 5.01729
0.3 0.99 0.3 0.3 1030 1039.1 5.1044
0.4 0.99 0.3 0.3 1025 1036.8 5.11506
0.5 0.99 0.3 0.3 1025 1037 5.87227
0.6 0.99 0.3 0.3 1024 1036.8 5.44739
0.7 0.99 0.3 0.3 1026 1036.9 6.04063
0.8 0.99 0.3 0.3 1026 1035 5.6396
0.9 0.99 0.3 0.3 1029 1034.3 4.88946
1 0.99 0.3 0.3 1026 1038.3 6.403
1.1 0.99 0.3 0.3 1024 1034.1 5.41684
1.2 0.99 0.3 0.3 1030 1042.2 5.92512
1.3 0.99 0.3 0.3 1029 1040.6 5.73403
1.4 0.99 0.3 0.3 1027 1041.8 5.31584
1.5 0.99 0.3 0.3 1031 1038.6 5.24333
