0.1 0.2 1085 1132.05 0.0200767
217
219
216
208
209
210
200
201
211
223
234
235
236
237
224
212
213
202
199
187
188
180
179
178
171
164
163
162
161
160
159
158
157
156
155
154
153
152
151
150
149
148
147
136
137
138
139
140
141
131
132
124
113
114
125
133
142
143
144
134
126
127
112
78
73
66
53
54
45
46
28
25
13
4
3
7
12
17
22
11
10
2
6
5
9
1
8
14
15
16
18
24
29
23
19
30
27
26
31
32
33
34
38
37
36
55
47
56
65
60
58
61
59
57
48
39
40
49
41
42
50
67
68
62
51
35
20
21
43
44
52
64
63
69
70
71
72
77
86
85
84
76
75
83
82
91
94
90
81
80
74
87
79
93
96
101
89
88
116
117
115
104
97
103
105
106
107
95
92
98
99
108
109
110
100
102
111
123
122
121
120
119
118
128
129
130
135
146
145
172
165
173
181
182
198
190
189
191
183
174
166
167
175
184
192
193
185
176
177
168
169
170
186
197
196
195
194
207
215
206
205
204
203
214
222
225
227
226
228
229
230
231
232
233
221
218
220
