0.1 0.2 1060 1089.5 0.512284
186
197
196
195
194
193
192
185
184
183
191
190
198
189
182
181
172
165
173
174
166
167
175
176
177
168
169
170
158
157
156
155
154
153
152
151
150
149
148
147
146
145
136
135
130
129
128
118
115
117
116
88
89
101
96
104
105
106
107
98
92
95
91
94
90
103
97
93
79
87
74
80
81
82
83
75
76
84
99
108
109
110
111
102
100
85
86
77
72
71
70
69
63
64
45
54
53
52
44
43
51
62
68
67
50
42
41
49
40
39
48
38
37
47
57
59
61
60
58
56
65
55
36
31
32
33
34
27
30
35
19
26
29
24
23
18
16
15
14
8
1
9
5
6
2
10
20
21
11
12
17
22
7
3
4
13
25
28
46
66
73
78
112
127
126
134
144
143
142
133
125
114
113
124
123
122
121
120
119
137
138
139
140
159
160
161
162
163
164
141
131
132
171
178
179
180
188
187
199
202
213
212
224
237
236
235
234
223
211
201
200
210
220
218
221
233
232
231
230
229
228
226
227
225
222
214
203
204
205
206
215
207
208
216
219
217
209
