12618
12519
12313
12389
12598
12243
12753
12363
12556
12551
12072
12634
12386
13004
12201
13006
11958
11925
13048
12889
12323
12827
12670
12775
12326
12713
12200
12518
12154
12273
12729
12615
12721
12036
12631
12692
12933
12197
12828
12183
13284
12685
12836
13100
12813
12444
12377
12729
12376
12920
12223
12188
12741
12696
13408
12457
12978
11672
12793
12551
12848
12097
13169
12555
12869
11970
12454
12137
13499
13103
12717
11914
11901
12619
13012
12567
12775
13056
12527
12799
12821
11880
11814
11897
13068
12771
12010
11891
12398
12050
11965
11966
12231
11831
11554
12444
12629
12789
12087
12792
12689
12713
12585
12254
11948
12860
12232
11531
12411
12148
12778
11897
13002
13123
12299
11607
12576
12225
12089
12389
13026
12351
12729
12229
12355
11450
12286
12252
11971
12274
13277
12191
12801
12640
12994
12846
12733
11863
12707
13201
12292
12479
12129
12757
12659
12364
12029
12908
12429
12975
12188
12474
12829
12612
11912
12216
12462
12448
12718
12811
13153
12854
12744
12527
13014
12187
12346
12075
12724
11967
12354
11560
12761
12915
12050
12908
12469
12835
12295
12090
12715
12575
11934
11752
12925
11817
12386
12272
11973
12350
13003
12600
12582
12544
12342
12359
12340
12339
12380
12396
12900
12281
12111
12076
12258
12166
12716
12093
12752
12761
12449
12746
12118
12083
12332
13144
12709
12231
12062
12398
11274
12112
12374
12808
12482
12421
11910
12933
11798
11623
12108
13370
12197
12299
11877
12756
12588
12015
12626
11988
13039
12203
11985
12377
12900
12178
12927
12177
12332
12136
12391
12507
12320
12410
11974
12275
12147
12968
12968
13255
12194
13475
12065
13030
12251
12979
12262
12432
12250
12851
12444
12553
12416
12462
12430
12276
12398
13093
12120
12479
12077
12255
12288
12767
12399
12979
12583
12370
12626
12903
12389
11917
12398
12215
12071
11967
12563
12003
12322
12944
12724
12035
11974
12710
13078
12258
12330
12518
12653
12251
12413
11940
12064
12360
11650
12094
11917
13286
12152
12631
11642
11931
12693
12110
12638
12395
13001
11941
11836
11738
12431
12884
12366
12545
12136
12324
12651
13188
12111
12826
12279
12320
12990
12188
12995
12777
13271
11921
12560
12631
12569
12177
12532
12265
12220
12277
12199
12444
12384
12297
12249
12668
12133
12629
12545
12658
12811
11753
12396
12635
12575
12753
12889
12235
12696
12712
12932
12820
12078
12700
11952
12206
12314
12185
12234
12155
13160
12667
13240
12362
12265
13019
12996
12507
12235
12147
12171
12994
12763
12352
12582
11794
12231
12359
12534
12075
13111
12314
12497
12639
12870
12730
12269
12226
12129
12331
12652
12253
12522
13113
12121
12339
12184
13240
12338
12085
12456
13225
12691
11825
12994
12552
13032
13375
12387
12707
12341
11544
13292
12461
12117
11889
12344
12327
12430
12148
12675
12649
12541
12176
12083
12436
12279
12227
12037
12491
13115
12459
12223
12609
12282
12685
12242
12462
11990
13176
12665
12496
12134
12096
12502
11380
12206
12243
12334
12352
13156
12164
12299
12528
12353
11933
12293
11555
11500
12932
12034
13009
12498
11865
12919
12667
12074
13077
11951
11918
12779
12777
12326
11946
11900
11914
11929
12053
11989
12603
12635
12706
12948
13031
11955
11997
12615
12476
13199
12508
12293
13176
12795
12867
12432
11938
12281
12100
12264
12511
11910
12501
12809
12486
12403
12166
12648
13025
12017
12740
12645
12051
12500
13251
12480
13310
12708
12425
11996
12543
12231
12178
12360
12191
12711
13182
12315
12593
12820
11810
12548
12302
13143
12006
12402
11683
12055
12392
12190
13061
12746
13337
12603
12363
12504
12004
11342
12441
13698
12010
12538
11977
12468
12755
12151
12578
12518
12870
12199
12873
12235
12264
12689
12176
12549
12532
12780
12495
12431
12545
12266
12247
12414
12341
12657
13564
12192
12741
12488
13068
12460
12819
12356
12273
12491
12534
11466
12404
11988
12825
11974
11967
12055
11842
11688
11977
12615
12390
12359
13377
12261
12808
12376
12589
12596
12774
12748
12393
12561
13110
12985
12943
12210
11820
12831
12863
12465
12721
12444
12294
12208
12550
12157
12140
12869
12501
12160
13037
12943
11941
12693
12787
13156
12439
12522
13392
12274
13274
12659
12432
12207
12155
12268
12014
12866
12833
12850
12694
12435
11640
12855
12320
12483
12562
12606
12437
12352
12158
12588
12953
12205
12514
12788
12908
12698
12342
12392
12427
12378
13056
12023
12438
12913
12470
12100
11702
12144
12402
13081
13118
12930
11555
12034
12536
13239
12644
12779
12854
12287
12827
12312
11953
13140
11848
12335
12690
12208
12583
12793
12475
12272
12013
13292
11886
11855
11875
12263
12194
12591
12761
11691
12697
12506
12637
12437
11872
12611
12908
12291
12552
11985
12263
12818
12833
12505
12558
12241
12687
12400
12725
13307
12605
12509
12447
11945
13212
12525
12513
12405
12876
12583
11942
13119
13220
11579
13278
12311
13377
12093
12000
12128
12610
12478
11675
11830
12630
12693
12783
11854
12067
12862
12880
12457
11899
13016
12311
12215
12837
12111
12402
12130
12872
12142
12532
12925
12347
12640
12717
12843
12442
12152
12457
12454
12259
12837
12008
11971
12659
12396
11568
12371
13072
12671
12481
13263
12227
12518
13066
12617
12323
12161
12580
13054
12528
12023
11992
12397
12871
12975
12128
12679
13021
12514
12870
12253
12362
12397
12545
12466
12952
12235
12664
12678
12158
12179
12858
12974
12358
12172
12942
12406
11408
12807
12234
12743
12637
12083
11929
12417
12515
12516
12177
12331
12496
11697
12404
12725
11950
12816
12740
12016
11639
12927
11704
12687
11665
12470
12210
11802
12817
12542
12721
12179
11907
12407
12544
12397
12629
12830
12568
11719
12476
13000
12029
12426
12509
12793
12615
12391
12972
12697
11889
12954
11762
12235
11953
12066
12488
13047
12611
12245
11637
12699
12897
11998
12593
12221
12097
12556
12687
11605
12294
12595
13473
12178
12317
11774
12605
12322
12174
12936
12069
12618
12233
12439
12724
12074
12316
11864
11805
12145
12180
12873
12940
13188
13114
12727
13053
12604
13216
12443
12943
12534
12181
12571
13004
12368
11711
12769
12375
12097
12187
12147
12679
12279
12301
12171
12492
12611
12237
12275
12243
12330
12785
12358
12457
12064
12415
12010
13315
12185
12536
11803
12612
12315
12385
12388
12887
12142
12489
11936
13304
12521
12246
