0.01 0.1 1100 1156.42 0.0126737
0.01 0.2 1091 1132.61 0.0155257
0.01 0.3 1090 1128.25 0.017637
0.01 0.4 1071 1120.06 0.0198652
0.01 0.5 1085 1122.35 0.021335
0.01 0.6 1076 1115.23 0.023059
0.01 0.7 1078 1121.11 0.0231524
0.01 0.8 1078 1119.57 0.025625
0.01 0.9 1071 1114.31 0.0265338
0.01 1 1076 1115.87 0.026569
0.03 0.1 1078 1159.65 0.013314
0.03 0.2 1092 1130.24 0.018249
0.03 0.3 1070 1124.27 0.0216335
0.03 0.4 1074 1118.69 0.0242913
0.03 0.5 1082 1119.6 0.0250556
0.03 0.6 1078 1117.59 0.0271239
0.03 0.7 1078 1120.97 0.0286554
0.03 0.8 1078 1119.8 0.0299496
0.03 0.9 1082 1118.15 0.030691
0.03 1 1075 1117.36 0.0325002
0.1 0.1 1104 1158.82 0.0180006
0.1 0.2 1082 1131.65 0.0255643
0.1 0.3 1093 1126.24 0.0310369
0.1 0.4 1076 1122.14 0.0328734
0.1 0.5 1070 1118.93 0.0381423
0.1 0.6 1062 1119.83 0.0389598
0.1 0.7 1088 1117.46 0.0413968
0.1 0.8 1076 1119.13 0.0437187
0.1 0.9 1072 1118.04 0.0463866
0.1 1 1072 1116.83 0.0474415
0.2 0.1 1100 1155.75 0.0228048
0.2 0.2 1095 1139.3 0.0333283
0.2 0.3 1065 1127.97 0.041273
0.2 0.4 1079 1125.15 0.047898
0.2 0.5 1074 1121.37 0.0511746
0.2 0.6 1080 1118.58 0.0556937
0.2 0.7 1075 1120.19 0.0593757
0.2 0.8 1074 1121.61 0.0639223
0.2 0.9 1071 1118.45 0.0750533
0.2 1 1069 1120.55 0.0877567
0.3 0.1 1094 1154.09 0.0328752
0.3 0.2 1089 1135.57 0.0457059
0.3 0.3 1087 1130.32 0.0555683
0.3 0.4 1068 1120.13 0.0709353
0.3 0.5 1072 1122.52 0.0672403
0.3 0.6 1067 1120.31 0.0761254
0.3 0.7 1067 1120 0.0801124
0.3 0.8 1076 1116.52 0.0839277
0.3 0.9 1078 1117.4 0.0899748
0.3 1 1060 1118.98 0.0954076
0.4 0.1 1093 1153.58 0.0242705
0.4 0.2 1088 1132.28 0.0453718
0.4 0.3 1089 1128.14 0.0552041
0.4 0.4 1069 1121.5 0.0753754
0.4 0.5 1084 1121.7 0.0741967
0.4 0.6 1073 1118.43 0.0789909
0.4 0.7 1070 1124.38 0.0761234
0.4 0.8 1075 1117.53 0.0882786
0.4 0.9 1058 1114.26 0.0917632
0.4 1 1076 1117.13 0.0958721
0.5 0.1 1095 1155.54 0.0281739
0.5 0.2 1073 1138.19 0.0441733
0.5 0.3 1061 1125.11 0.0603054
0.5 0.4 1081 1125.88 0.0599532
