0.1 0.2 1070 1116.52 1.91023
80
81
91
94
90
97
93
96
104
103
105
106
107
98
92
95
82
83
75
76
84
99
108
109
110
111
102
100
85
86
77
72
70
69
63
64
71
66
45
54
53
52
44
43
51
62
68
67
50
41
40
49
48
47
57
59
61
60
58
56
65
55
36
37
38
39
34
33
26
32
31
29
24
23
18
16
15
14
8
1
5
9
19
27
30
42
35
20
21
10
6
2
11
12
17
22
7
3
4
13
25
28
46
73
78
112
113
114
125
126
127
133
134
144
143
142
171
178
179
180
188
187
199
186
170
169
168
177
176
175
167
166
184
185
192
193
194
195
196
197
209
217
220
218
210
200
201
211
212
213
202
237
236
235
234
224
223
221
233
232
231
219
216
208
207
206
215
230
229
228
226
227
225
222
214
203
204
205
198
190
191
183
189
182
181
174
173
165
172
145
129
130
135
136
146
147
148
149
137
150
151
152
138
153
154
155
139
156
157
158
159
140
160
161
162
164
163
141
131
132
124
123
122
121
120
119
118
128
115
117
116
101
89
88
87
74
79
