0.5 0.9 0.1 0.1 1101 1143.4 0.216034
0.5 0.9 0.1 0.2 1087 1132.7 0.465741
0.5 0.9 0.1 0.3 1101 1135.2 0.638075
0.5 0.9 0.1 0.4 1107 1139.5 0.915406
0.5 0.9 0.1 0.5 1109 1135.4 1.10281
0.5 0.9 0.1 0.6 1097 1129.7 1.29482
0.5 0.9 0.1 0.7 1090 1125 1.34098
0.5 0.9 0.1 0.8 1118 1138.7 1.90867
0.5 0.9 0.1 0.9 1101 1136.5 1.49094
0.5 0.9 0.1 1 1104 1132.5 2.12642
0.5 0.9 0.2 0.1 1073 1106.1 0.611269
0.5 0.9 0.2 0.2 1082 1097.7 1.14038
0.5 0.9 0.2 0.3 1056 1098.3 1.20772
0.5 0.9 0.2 0.4 1074 1103.9 1.68374
0.5 0.9 0.2 0.5 1079 1101.8 1.92083
0.5 0.9 0.2 0.6 1077 1109.6 2.40555
0.5 0.9 0.2 0.7 1073 1107.9 3.00471
0.5 0.9 0.2 0.8 1089 1105.3 2.60359
0.5 0.9 0.2 0.9 1073 1111.2 3.91653
0.5 0.9 0.2 1 1081 1109.5 3.32027
0.5 0.9 0.3 0.1 1061 1084 0.695616
0.5 0.9 0.3 0.2 1053 1084.7 1.38186
0.5 0.9 0.3 0.3 1055 1087.5 2.28662
0.5 0.9 0.3 0.4 1079 1093.7 2.35574
0.5 0.9 0.3 0.5 1058 1091.2 3.03228
0.5 0.9 0.3 0.6 1074 1094 3.6796
0.5 0.9 0.3 0.7 1058 1084.1 3.81051
0.5 0.9 0.3 0.8 1074 1093.2 4.36551
0.5 0.9 0.3 0.9 1059 1092.2 4.12722
0.5 0.9 0.3 1 1067 1087 6.33625
0.5 0.9 0.4 0.1 1057 1076.8 1.03924
0.5 0.9 0.4 0.2 1047 1066.8 2.20698
0.5 0.9 0.4 0.3 1040 1072.7 3.25856
0.5 0.9 0.4 0.4 1062 1081.9 3.1229
0.5 0.9 0.4 0.5 1059 1073.6 3.74168
0.5 0.9 0.4 0.6 1053 1070.2 4.60189
0.5 0.9 0.4 0.7 1054 1072.9 4.73477
0.5 0.9 0.4 0.8 1066 1079.5 5.00141
0.5 0.9 0.4 0.9 1048 1075.2 6.79297
0.5 0.9 0.4 1 1053 1072.9 7.06699
0.5 0.9 0.5 0.1 1037 1068.2 1.36244
0.5 0.9 0.5 0.2 1046 1065 2.1082
0.5 0.9 0.5 0.3 1045 1074.3 2.99712
0.5 0.9 0.5 0.4 1047 1068.5 4.17702
0.5 0.9 0.5 0.5 1040 1066 4.53662
0.5 0.9 0.5 0.6 1055 1064.5 5.48439
0.5 0.9 0.5 0.7 1050 1070 7.25783
0.5 0.9 0.5 0.8 1050 1070.9 7.47998
0.5 0.9 0.5 0.9 1051 1077.2 7.56675
0.5 0.9 0.5 1 1042 1064.2 7.67702
0.5 0.9 0.6 0.1 1038 1067.5 1.39046
0.5 0.9 0.6 0.2 1040 1057.8 2.4097
0.5 0.9 0.6 0.3 1048 1067.6 4.05486
0.5 0.9 0.6 0.4 1029 1061.9 6.13153
0.5 0.9 0.6 0.5 1041 1064.8 6.00691
0.5 0.9 0.6 0.6 1045 1062.7 7.30596
0.5 0.9 0.6 0.7 1042 1059.5 9.05639
0.5 0.9 0.6 0.8 1048 1063.7 9.95073
0.5 0.9 0.6 0.9 1049 1068.2 11.5243
0.5 0.9 0.6 1 1045 1067.1 12.221
0.5 0.9 0.7 0.1 1037 1059.8 1.56248
0.5 0.9 0.7 0.2 1043 1060.8 3.23859
0.5 0.9 0.7 0.3 1047 1070.4 3.9799
0.5 0.9 0.7 0.4 1043 1055.5 6.46186
0.5 0.9 0.7 0.5 1043 1059.9 6.55894
0.5 0.9 0.7 0.6 1037 1061.7 6.6325
0.5 0.9 0.7 0.7 1045 1059.6 11.3721
0.5 0.9 0.7 0.8 1040 1063 9.39917
0.5 0.9 0.7 0.9 1045 1061.8 11.0025
0.5 0.9 0.7 1 1040 1061.2 15.1416
0.5 0.9 0.8 0.1 1042 1061.1 1.84851
0.5 0.9 0.8 0.2 1033 1050.1 3.48483
0.5 0.9 0.8 0.3 1034 1050.8 5.50802
0.5 0.9 0.8 0.4 1043 1062.4 5.56503
0.5 0.9 0.8 0.5 1032 1054.5 7.38151
0.5 0.9 0.8 0.6 1045 1064.5 7.50447
0.5 0.9 0.8 0.7 1051 1060.9 9.63617
0.5 0.9 0.8 0.8 1039 1055.3 13.2889
0.5 0.9 0.8 0.9 1043 1063.3 12.8519
0.5 0.9 0.8 1 1050 1063.9 13.4385
0.5 0.9 0.9 0.1 1044 1055 3.20417
0.5 0.9 0.9 0.2 1041 1055.4 4.39077
0.5 0.9 0.9 0.3 1037 1050.7 5.90861
0.5 0.9 0.9 0.4 1045 1055.8 7.29257
0.5 0.9 0.9 0.5 1044 1054.7 8.97326
0.5 0.9 0.9 0.6 1027 1043.2 10.7957
0.5 0.9 0.9 0.7 1049 1061.7 10.702
0.5 0.9 0.9 0.8 1035 1052.9 12.7955
0.5 0.9 0.9 0.9 1029 1054.4 16.5237
0.5 0.9 0.9 1 1033 1053.2 15.9063
0.5 0.9 1 0.1 1034 1051.7 2.36148
0.5 0.9 1 0.2 1037 1051.3 4.86592
0.5 0.9 1 0.3 1034 1051.8 6.31537
0.5 0.9 1 0.4 1036 1052.6 7.45208
0.5 0.9 1 0.5 1036 1044.7 10.1376
0.5 0.9 1 0.6 1035 1047.8 11.3885
0.5 0.9 1 0.7 1030 1043.1 11.6529
0.5 0.9 1 0.8 1040 1054.4 14.3059
0.5 0.9 1 0.9 1031 1049.1 18.9769
0.5 0.9 1 1 1039 1048.5 22.6519
