0.5 0.95 0.2 0.1 2617 2682.5 13.4133
455
456
457
458
465
466
468
469
459
424
422
421
420
414
433
432
431
419
411
401
384
372
374
373
371
370
369
368
367
383
382
381
380
364
365
366
339
354
347
338
325
296
270
259
271
272
273
297
309
316
326
327
317
318
328
319
310
320
330
329
340
341
348
349
350
355
351
352
356
353
385
386
392
387
389
394
402
425
426
412
396
403
395
390
391
375
357
345
333
313
322
344
343
321
311
312
305
306
291
266
254
242
225
232
224
223
231
252
251
250
304
303
307
342
332
290
289
288
287
286
285
292
284
283
282
281
280
279
278
277
301
300
299
298
274
275
276
260
261
262
263
246
238
222
229
237
244
236
228
221
207
206
217
220
227
235
243
234
226
219
205
189
188
187
186
168
169
179
180
190
191
192
208
193
194
195
196
197
198
256
257
258
264
248
249
240
230
210
211
218
212
213
215
216
183
184
160
167
159
166
165
154
155
131
106
141
140
129
128
139
138
152
164
157
151
177
176
175
174
202
201
200
199
182
173
172
181
171
170
163
162
161
156
148
143
142
149
145
150
144
135
136
137
115
116
117
118
130
119
120
103
104
121
122
123
124
125
126
127
100
101
105
89
91
92
94
83
53
55
46
40
41
47
39
36
38
32
6
31
30
29
28
27
26
5
25
35
24
23
4
22
21
20
19
18
3
17
16
34
15
2
14
50
44
37
13
12
11
10
9
1
8
7
33
51
42
48
43
49
56
86
85
88
84
87
93
98
95
96
97
90
57
58
54
59
69
60
61
70
62
63
64
71
65
66
72
67
45
52
68
81
80
79
78
82
77
76
75
74
73
99
102
114
113
112
111
110
109
108
134
133
132
107
146
147
178
153
158
203
209
214
204
185
233
255
245
253
241
239
247
265
302
293
294
267
268
269
295
308
315
324
314
323
337
336
334
331
335
346
359
358
388
413
423
427
428
404
405
376
377
378
360
361
362
363
379
393
398
407
397
406
429
415
416
408
399
400
409
410
417
418
430
434
448
447
446
463
462
461
445
444
443
442
441
440
439
438
437
436
467
472
480
486
489
482
490
503
483
473
491
504
492
493
474
475
494
495
524
523
522
521
520
519
518
517
516
515
514
513
512
511
510
509
539
556
551
559
560
552
553
561
571
582
570
581
569
568
600
587
588
601
602
627
651
653
654
655
656
657
658
659
660
661
662
643
644
645
646
647
634
622
626
621
625
620
615
616
617
589
590
567
566
565
564
614
613
618
642
641
636
635
633
632
624
631
640
650
649
639
638
637
630
629
619
623
628
648
652
591
592
593
594
595
603
604
605
606
596
597
598
607
599
608
609
610
611
612
580
557
579
586
578
577
585
576
575
574
563
584
573
583
572
562
554
555
538
525
526
527
528
529
537
530
531
532
533
534
535
536
540
545
541
542
546
549
547
550
548
558
543
544
507
508
502
435
479
501
488
487
478
477
485
484
481
500
499
506
498
497
505
496
476
471
470
464
449
450
451
460
452
453
454
