52242
51920
52995
54325
52657
53458
52132
52934
51223
52963
54465
52050
53262
52342
55008
52791
51682
53102
52578
51561
53449
52000
51359
52183
52306
53369
52836
51786
53720
52248
52231
52038
53065
53654
53399
52723
52401
50999
52455
53873
53394
53646
53314
51850
52458
51626
51492
52584
53305
50711
52915
51686
52940
52398
52248
51949
51786
51951
54233
52039
53968
51619
51222
52835
52665
52955
53012
53538
52399
51967
53416
54562
54396
52342
53948
51555
52592
51070
51185
52957
52933
52469
53239
50725
54438
52320
53188
52407
53056
52038
52751
53040
53509
53487
54249
53123
52980
52543
52858
53780
52505
50744
52377
51153
52230
52189
51426
51971
51137
53811
53235
52235
53124
52222
52815
53972
52501
54004
52486
52179
52644
52875
51129
52226
53350
53374
52700
52547
52186
50655
53607
51943
51521
53210
53041
50676
52938
51953
54020
53275
52798
52312
52733
51730
52712
52321
51865
51684
54653
52827
52798
51453
52927
52032
51769
52729
52421
52882
54356
52650
52851
52996
51803
52767
52950
52455
52284
51502
52807
53091
52190
51848
51272
52620
52055
51037
52547
52619
51687
54677
52827
53769
52837
51989
50605
53017
52372
53841
52083
53711
53194
52892
51248
53237
50522
51933
53332
52485
53615
54615
51139
51936
53114
50979
52040
51881
54462
53920
53272
52438
52069
52967
52275
51817
52452
49974
52456
54399
51901
53854
54820
51768
52048
50883
52615
51707
52530
52036
51321
51767
53886
53131
52646
52781
52805
52452
52076
53284
52441
52514
51833
52681
53563
51382
51826
53175
52359
53717
53277
53669
53160
52511
51702
53278
54371
53553
51790
51670
52141
52111
52651
53492
52754
53121
55342
51928
51797
53720
51490
53365
53848
52926
52342
50090
54280
51967
52163
52025
54143
53179
53272
52193
52944
52177
52609
51540
52825
55413
52501
53729
52247
53222
51641
51843
52886
51564
51922
51918
52252
52814
52901
53096
52963
52075
49895
50774
52683
52041
52817
54652
54912
52944
53412
52654
54474
52173
52682
51413
51843
52031
52963
51981
53441
51286
51702
52672
54584
52610
53373
51372
52362
53988
52575
51841
52557
51236
52498
50748
53626
51914
51432
52950
52733
51941
51666
51980
52981
53038
53505
53102
51583
51489
54016
52652
51995
51729
51597
52774
53078
52418
50560
53892
53218
53577
52871
52139
52422
53633
50664
52694
52844
53391
53716
52303
53233
50488
51909
55005
51813
54445
51453
53094
52124
52982
53136
52736
52830
52477
51988
51653
51847
52410
52247
53022
49961
52969
52229
52061
50654
53158
53275
51809
51510
53066
53338
51934
51697
52444
52908
53065
52810
52336
53565
52059
51794
53110
52012
52543
51487
53066
52444
52680
53558
51941
52586
50623
54049
52232
50325
50983
52739
51547
52887
51916
51821
52008
53072
50676
52073
52809
51913
53489
52352
53057
53219
52198
52120
52356
51956
53337
50654
51620
52359
52629
53782
51836
52560
52956
52959
53603
51170
51686
53225
53363
51156
52603
54205
52752
51914
52844
52976
53511
53161
53066
52902
52702
52942
53383
52657
53205
52123
51703
52154
51483
52652
50726
52058
53423
52914
52203
53279
53513
53208
52543
52956
52332
51696
51574
53287
52163
52922
52274
53180
53626
51199
53270
51719
51034
53576
51844
53708
53019
51202
52736
51673
53117
51974
52579
53287
51353
53704
51818
52923
52472
51801
54146
50744
51071
52576
53104
51458
52509
52496
51213
51088
52874
54943
53411
51150
51773
52613
51175
52260
50431
52471
53182
53437
53265
51654
52593
53368
52885
51703
51984
51890
53642
52046
53394
52066
53224
51138
53304
52653
51477
54302
50487
52130
53877
51286
51874
53149
50773
53957
50841
51348
54178
52775
52309
52719
52297
50600
51439
52150
51944
51441
52635
52436
53719
52554
52706
52758
52110
51359
52183
53566
52683
51456
53661
53828
52035
53073
52748
54448
49409
52240
52880
52408
51119
52901
52158
51291
52710
52339
53107
51806
54345
53388
52784
53427
51128
52122
52152
52144
53683
53339
51663
54217
51832
52243
49957
53593
53365
51339
51998
52908
52877
52871
52284
52601
51303
51183
54172
53937
52254
51296
54118
53895
52930
55272
51925
53234
52630
52432
53035
51842
52526
53075
50909
55177
52388
51807
50760
53186
51863
53965
54552
52747
53758
51029
53484
53605
52751
51936
51953
53735
53293
54006
51701
54191
51897
52238
53795
51652
54796
53495
52904
53153
52258
54109
51571
52113
52884
53145
51747
53194
53218
52750
51621
53157
53360
52133
52503
54413
54803
53093
52028
52680
53441
51169
53323
51885
52483
52400
51727
51344
51781
51149
53614
52273
51616
51885
52573
53258
51920
51668
51760
52083
53818
54470
51613
54601
52068
52404
51762
51751
52184
52453
52747
52768
52623
51986
53377
53539
53231
53078
52942
52786
52405
53262
54116
52714
54255
53577
52971
53643
53081
53338
50867
52927
50733
50329
54937
53557
52653
54162
52262
51635
52392
53241
53881
53547
52748
52636
53414
53190
52557
53263
51704
52544
51918
52663
49178
51535
52462
52271
52741
51201
52564
51099
53669
53436
52039
53072
52904
53008
52616
53310
51689
51906
54220
53805
51792
53369
52842
50538
52118
52866
50139
53113
51721
53390
53856
51679
52688
50913
52180
53148
51776
53894
52410
51889
52020
52074
52846
53117
53766
52371
51679
52614
53263
52573
50976
51714
53269
53118
51136
53096
52260
52291
51292
53354
52456
53214
52515
51642
53782
53437
51969
53359
52442
53458
53000
52681
51724
51656
52884
53176
54224
52937
52902
54524
52832
53372
52675
53414
51755
52506
52078
51851
53397
53644
52747
51859
53710
52454
53859
53149
53273
53324
53192
52933
51535
51094
51780
52606
53762
51730
53221
52345
52778
53223
51272
52277
52535
52884
52812
52287
53541
55236
54418
51317
52604
49516
52920
53238
51068
53751
52568
52320
52348
52698
51798
51928
51539
52623
53452
51434
52063
52284
53681
53805
51323
51952
51100
51339
52094
53223
50204
52735
53973
52994
51929
52452
52950
53022
51510
52907
53790
53721
52750
53781
52798
52223
51906
53475
52675
53263
51923
52835
53573
52182
52218
53835
55250
53567
53573
52190
51782
52570
53973
51634
52218
51283
52877
51119
50388
52204
52637
52494
54366
55284
53311
52090
52322
54550
52994
54029
52097
51112
53095
52368
52044
52393
52549
52962
53953
51799
52433
53484
54127
53017
51935
52147
53471
51365
51654
53154
52769
52185
53569
