weight: 3691
vertices-order: 
1
9
10
11
12
13
37
44
50
54
59
69
60
61
70
73
74
62
63
64
71
77
82
76
75
65
66
72
67
78
79
80
81
68
52
45
57
58
56
86
90
97
96
107
132
146
178
147
133
134
108
109
110
111
112
113
135
142
144
149
145
150
143
148
156
161
180
190
206
221
228
236
222
238
229
237
244
246
263
262
191
207
192
208
193
194
195
196
197
198
199
200
201
202
210
211
218
230
240
248
258
264
257
256
249
250
251
212
213
223
231
252
254
224
232
225
242
216
183
184
215
189
188
205
217
220
227
235
243
260
274
298
299
300
275
276
277
278
301
279
280
281
282
283
284
292
285
286
287
288
289
290
273
297
309
318
328
340
341
348
349
350
355
351
352
356
353
332
307
303
304
311
321
344
345
343
342
312
322
313
333
306
291
266
305
319
329
310
320
330
317
327
339
354
361
362
379
393
399
408
416
417
418
430
400
410
409
398
407
415
429
397
406
363
364
380
381
382
383
367
368
369
384
401
411
419
434
449
464
470
471
476
495
494
450
451
460
452
453
454
455
456
457
458
465
477
484
485
487
488
501
479
481
500
499
506
498
497
505
496
478
466
468
469
459
448
447
446
463
462
461
474
475
445
444
443
442
441
440
439
438
437
436
467
472
486
489
482
490
503
511
512
513
514
515
516
517
518
519
520
521
522
523
524
538
555
563
574
575
576
585
577
578
586
579
580
554
562
573
584
572
583
561
571
582
591
592
593
594
603
619
623
628
648
652
595
604
605
606
596
597
598
607
624
632
633
631
640
650
649
639
638
637
629
630
599
608
609
610
611
612
613
618
614
615
620
625
646
647
645
644
643
642
636
641
635
621
626
622
634
617
589
590
616
570
560
569
581
559
568
600
627
651
653
654
655
656
657
658
659
660
661
662
587
588
601
602
551
556
552
553
525
526
527
528
529
537
530
531
532
533
534
535
536
540
545
557
541
542
546
549
566
567
565
564
547
550
548
558
544
507
508
502
543
510
509
539
483
491
504
492
493
473
480
431
432
433
414
420
370
371
372
373
374
385
386
392
387
389
394
402
425
426
435
424
422
421
395
403
396
412
391
375
357
390
365
366
360
378
377
376
404
428
427
423
413
405
359
358
388
316
326
272
271
270
296
269
295
268
267
294
308
325
338
347
315
324
314
323
336
337
334
331
335
346
293
302
255
245
253
247
265
239
241
209
214
204
185
203
158
153
233
259
261
219
226
234
187
186
179
169
168
162
163
170
171
181
172
173
182
174
175
176
177
136
137
114
115
116
117
118
130
119
120
121
122
123
124
125
126
127
138
151
157
164
152
139
128
129
140
154
165
166
159
167
160
155
141
131
106
94
92
91
89
83
53
55
46
41
47
39
36
38
40
105
101
100
103
104
102
99
95
98
93
85
84
88
87
49
43
14
15
34
16
17
18
19
20
21
22
4
23
24
35
25
26
27
28
29
30
31
32
6
5
3
2
8
42
48
7
33
51

