weight: 2240
edges: 
1 8
1 9
2 14
3 17
4 22
4 23
5 25
6 31
7 8
7 33
8 7
8 1
8 42
9 1
9 10
10 9
10 11
11 10
11 12
12 11
12 13
13 12
13 14
13 37
14 2
14 13
14 15
15 14
15 34
16 34
16 17
17 3
17 16
17 18
18 17
18 19
19 18
19 20
20 19
20 21
21 20
21 22
22 4
22 21
23 4
23 24
24 23
24 35
25 5
25 35
25 26
26 25
26 27
27 26
27 28
28 27
28 29
29 28
29 30
30 29
30 31
31 6
31 30
31 32
32 31
33 7
33 51
34 16
34 15
35 25
35 24
36 39
37 13
37 44
38 41
39 36
39 47
40 46
41 38
41 46
41 47
42 8
42 48
43 49
44 37
44 50
45 52
46 40
46 41
46 55
47 39
47 41
48 42
49 43
49 56
50 44
50 54
51 33
52 45
52 68
53 83
53 55
54 50
54 57
54 59
55 46
55 53
56 49
56 57
56 86
57 56
57 54
57 58
58 57
59 54
59 69
60 69
60 61
61 60
61 70
62 70
62 63
63 62
63 64
64 63
64 71
65 71
65 66
66 65
66 72
67 72
67 68
67 78
68 52
68 67
69 60
69 59
70 62
70 61
70 73
71 65
71 64
71 77
72 67
72 66
73 70
73 74
74 73
75 76
76 75
76 77
77 76
77 71
77 82
78 67
78 79
79 78
79 80
80 79
80 81
81 80
82 77
83 53
83 92
84 85
84 87
84 88
85 84
85 86
86 85
86 56
86 90
87 84
88 84
89 91
90 86
90 97
91 89
91 92
92 83
92 91
92 94
93 98
94 92
94 106
95 96
95 98
96 95
96 97
96 107
97 96
97 90
98 93
98 95
99 102
100 101
101 100
101 105
102 99
102 113
103 119
103 104
104 103
105 101
105 126
106 94
106 131
107 96
107 132
108 134
108 109
109 108
109 110
110 109
110 111
111 110
111 112
112 111
112 113
113 102
113 112
113 114
113 135
114 113
114 115
115 114
115 116
116 115
116 117
117 116
117 118
118 117
118 130
119 103
119 130
119 120
120 119
120 121
121 120
121 122
122 121
122 123
123 122
123 124
124 123
124 125
125 124
125 126
126 105
126 125
126 127
127 126
127 138
128 139
128 129
129 128
129 140
130 119
130 118
131 106
131 141
132 107
132 133
132 146
133 132
133 134
134 108
134 133
135 113
135 136
135 142
136 135
136 137
137 136
138 127
138 139
138 151
139 128
139 138
140 129
140 141
140 154
141 131
141 140
142 135
142 143
142 144
143 142
143 148
144 142
144 145
144 149
145 144
145 150
146 132
146 147
146 178
147 146
148 143
148 156
149 144
150 145
151 138
151 157
152 157
153 158
154 140
154 155
154 165
155 154
156 148
156 161
157 152
157 151
157 164
158 153
158 203
159 166
159 167
160 167
161 156
161 162
161 180
162 161
162 163
163 162
163 170
164 157
165 154
165 166
166 159
166 165
167 160
167 159
168 169
169 168
169 179
170 163
170 171
171 170
171 181
172 181
172 173
173 172
173 182
174 182
174 175
175 174
175 176
176 175
176 177
177 176
178 146
179 169
179 180
180 179
180 161
180 190
181 172
181 171
182 174
182 173
183 216
183 184
184 183
185 204
186 187
187 186
187 188
188 187
188 189
188 205
189 188
189 190
190 189
190 180
190 191
190 206
191 190
191 192
191 207
192 191
192 208
193 208
193 194
194 193
194 195
195 194
195 196
196 195
196 197
197 196
197 198
198 197
198 199
199 198
199 200
200 199
200 201
201 200
201 202
202 201
202 210
203 158
203 209
204 185
204 214
205 188
205 217
206 190
206 221
207 191
208 193
208 192
209 203
209 239
209 214
210 202
210 211
211 210
211 212
211 218
212 211
212 213
213 212
213 223
214 204
214 209
215 224
216 183
216 225
217 205
217 219
217 220
218 211
218 230
219 217
219 226
220 217
220 227
221 206
221 222
221 228
222 221
222 229
222 238
223 213
223 231
224 215
224 231
224 232
225 216
225 232
225 242
226 219
226 234
227 220
227 235
228 221
228 236
229 222
229 237
230 218
230 240
231 224
231 223
231 252
232 225
232 224
233 255
234 226
235 227
235 243
236 228
237 229
237 244
238 222
239 209
239 247
239 241
240 230
240 248
241 239
242 225
243 235
243 260
244 237
244 246
245 255
245 253
246 244
246 263
247 239
247 253
247 265
248 240
248 249
248 258
249 248
249 250
250 249
250 251
251 250
252 231
252 254
253 247
253 245
254 252
255 233
255 245
255 268
256 257
257 256
257 258
258 257
258 248
258 264
259 271
260 243
260 261
260 274
261 260
262 263
263 262
263 246
264 258
265 247
266 291
267 268
267 294
268 255
268 267
268 269
269 268
269 296
269 295
270 271
270 296
271 259
271 270
271 272
272 271
272 273
273 272
273 274
273 297
274 273
274 260
274 275
274 298
275 274
275 276
276 275
276 277
277 276
277 278
278 277
278 279
278 301
279 278
279 280
280 279
280 281
281 280
281 282
282 281
282 283
283 282
283 284
284 283
284 292
285 292
285 286
286 285
286 287
287 286
287 288
288 287
288 289
289 288
289 290
290 289
291 266
291 306
292 285
292 284
293 294
293 302
294 293
294 267
294 308
295 269
296 269
296 270
297 273
297 309
298 274
298 299
299 298
299 300
300 299
301 278
302 293
303 307
303 304
304 303
304 311
305 312
306 291
306 313
307 303
307 332
308 294
308 314
308 315
308 325
309 297
309 316
309 317
309 318
310 319
310 320
311 304
311 321
312 305
312 321
312 322
313 306
313 322
313 333
314 308
314 323
315 308
315 324
316 309
316 326
317 309
317 327
318 309
318 319
318 328
319 310
319 318
319 329
320 310
320 330
321 312
321 311
321 344
322 313
322 312
323 314
323 336
324 315
325 308
325 338
326 316
327 317
327 339
328 318
328 340
329 319
330 320
331 334
331 335
332 307
332 353
333 313
334 331
334 336
335 331
335 346
336 334
336 323
336 337
337 336
338 325
338 347
339 327
339 354
340 328
340 341
341 340
341 348
342 343
343 342
343 344
344 343
344 321
344 345
345 344
346 335
347 338
348 341
348 349
349 348
349 350
350 349
350 355
351 355
351 352
352 351
352 356
353 332
353 356
354 339
354 361
355 351
355 350
356 353
356 352
357 375
358 359
358 388
359 358
359 376
360 361
360 378
361 360
361 354
361 362
362 361
362 363
362 379
363 362
363 364
364 363
364 365
364 380
365 364
365 366
366 365
367 383
367 368
368 367
368 369
369 368
369 370
369 384
370 369
370 371
371 370
371 372
372 371
372 373
373 372
373 374
374 373
374 385
375 357
375 391
376 359
376 377
376 404
377 376
377 378
378 377
378 360
379 362
379 393
380 364
380 381
381 380
381 382
382 381
382 383
383 367
383 382
384 369
384 401
385 374
385 386
386 385
386 387
386 392
387 386
387 389
388 358
389 387
389 394
390 395
391 375
391 396
392 386
393 379
393 397
393 398
393 399
394 389
394 402
395 390
395 402
395 403
396 391
396 403
396 412
397 393
397 406
398 393
398 407
399 393
399 400
399 408
400 399
400 409
400 410
401 384
401 411
402 395
402 394
402 425
403 396
403 395
404 376
404 405
404 428
405 404
406 397
407 398
407 415
408 399
408 416
409 400
410 400
411 401
411 419
412 396
413 423
414 433
414 420
415 407
415 429
416 408
416 417
417 416
417 418
418 417
418 430
419 411
419 431
419 434
420 414
421 422
422 421
422 424
423 413
423 427
424 422
424 425
425 424
425 402
425 426
426 425
426 435
427 423
427 428
428 427
428 404
429 415
430 418
431 419
431 432
432 431
432 433
433 414
433 432
434 419
434 449
435 426
436 437
436 467
437 436
437 438
438 437
438 439
439 438
439 440
440 439
440 441
441 440
441 442
442 441
442 443
443 442
443 444
444 443
444 445
445 444
445 461
446 447
446 463
447 446
447 448
448 447
448 449
449 448
449 434
449 450
449 464
450 449
450 451
451 450
451 460
452 460
452 453
453 452
453 454
454 453
454 455
455 454
455 456
456 455
456 457
457 456
457 458
458 457
458 465
459 469
460 452
460 451
461 445
461 462
461 474
462 461
462 463
463 462
463 446
464 449
464 470
465 458
465 466
465 477
466 465
466 468
467 436
467 472
468 466
468 469
469 459
469 468
470 464
470 471
471 470
471 476
472 467
472 486
473 483
474 461
474 475
475 474
476 471
476 495
477 465
477 478
477 481
477 484
478 477
479 501
480 486
481 477
481 500
482 489
482 490
483 473
483 490
483 491
484 477
484 485
485 484
485 487
486 480
486 472
486 489
487 485
487 488
488 487
488 501
489 482
489 486
490 483
490 482
490 503
491 483
491 504
492 504
492 493
493 492
494 495
495 494
495 476
496 505
497 498
497 505
498 497
498 506
499 500
499 506
500 499
500 481
501 479
501 488
502 507
503 490
503 511
504 492
504 491
505 496
505 497
506 498
506 499
507 502
507 544
507 508
508 507
509 510
509 539
510 509
510 511
511 510
511 503
511 512
512 511
512 513
513 512
513 514
514 513
514 515
515 514
515 516
516 515
516 517
517 516
517 518
518 517
518 519
519 518
519 520
520 519
520 521
521 520
521 522
522 521
522 523
523 522
523 524
524 523
524 538
525 538
525 526
526 525
526 527
527 526
527 528
528 527
528 529
529 528
529 537
530 537
530 531
531 530
531 532
532 531
532 533
533 532
533 534
534 533
534 535
535 534
535 536
536 535
536 540
537 530
537 529
538 525
538 524
538 555
539 509
540 536
540 541
540 545
541 540
541 542
542 541
542 546
543 547
544 507
544 548
545 540
545 557
546 542
546 549
547 543
547 549
547 550
548 544
548 550
548 558
549 547
549 546
549 566
550 548
550 547
551 559
551 556
552 560
552 553
553 552
554 555
554 562
555 554
555 538
555 563
556 551
557 545
558 548
559 551
559 569
559 568
560 552
560 570
560 569
561 572
561 571
562 554
562 572
562 573
563 555
563 574
564 565
565 564
565 566
566 565
566 549
566 567
567 566
568 559
568 600
569 559
569 560
569 581
570 560
570 582
571 561
571 582
572 561
572 562
572 583
573 562
573 584
574 563
574 575
575 574
575 576
576 575
576 585
577 585
577 578
578 577
578 586
579 586
579 580
580 579
581 569
582 570
582 571
582 591
583 572
584 573
585 577
585 576
586 579
586 578
587 600
587 588
588 587
588 601
589 617
589 590
590 589
591 582
591 592
592 591
592 593
593 592
593 594
594 593
594 595
594 603
595 594
595 604
596 606
596 597
597 596
597 598
598 597
598 599
598 607
599 598
599 608
600 587
600 568
600 627
601 588
601 602
602 601
603 594
603 619
604 595
604 605
605 604
605 606
606 596
606 605
607 598
607 624
608 599
608 609
609 608
609 610
610 609
610 611
611 610
611 612
612 611
612 613
613 612
613 614
613 618
614 613
614 615
615 614
615 620
616 621
617 589
617 622
618 613
619 603
619 623
620 615
620 625
621 616
621 625
621 626
622 617
622 626
622 634
623 619
623 628
624 607
624 631
624 632
625 621
625 620
625 646
626 622
626 621
627 600
627 651
628 623
628 648
629 637
629 630
630 629
631 624
631 640
632 624
632 633
633 632
634 622
635 636
636 635
636 642
636 641
637 629
637 638
638 637
638 639
639 638
639 649
640 631
640 649
640 650
641 636
642 636
642 643
643 642
643 644
644 643
644 645
645 644
645 646
646 645
646 625
646 647
647 646
648 628
648 652
649 639
649 640
650 640
651 627
651 653
652 648
653 651
653 654
654 653
654 655
655 654
655 656
656 655
656 657
657 656
657 658
658 657
658 659
659 658
659 660
660 659
660 661
661 660
661 662
662 661

