0.1 0.2 2673 2699.35 22.0565
260
261
262
263
246
244
237
229
238
256
257
258
264
290
289
288
287
286
285
292
284
283
282
281
280
279
301
278
277
276
275
274
273
272
297
298
299
300
310
320
330
319
329
318
328
340
341
348
349
350
368
355
351
352
356
353
332
307
303
304
305
306
291
266
333
313
322
312
321
311
342
343
344
345
357
375
391
390
412
396
403
395
402
394
389
387
392
386
385
374
373
372
371
370
369
384
401
411
414
420
433
432
431
419
434
450
451
460
452
453
454
455
456
457
458
465
466
468
469
459
421
422
424
425
426
435
479
501
488
487
485
478
477
484
481
500
499
506
498
497
505
496
494
495
476
471
470
464
449
448
447
446
463
462
475
474
461
445
444
443
442
441
440
439
473
483
491
504
492
493
512
513
514
515
516
517
518
519
520
521
522
523
524
538
525
526
527
528
529
537
530
531
532
533
534
535
536
540
557
545
541
542
543
502
508
507
544
558
548
550
547
549
546
564
565
566
567
590
589
617
616
621
626
622
634
647
646
625
620
615
614
618
613
612
580
579
586
578
577
585
576
575
574
563
555
554
562
573
584
572
583
595
604
605
606
630
629
637
638
639
649
650
640
631
624
632
633
607
596
597
598
599
608
609
610
611
635
641
636
642
643
644
645
662
661
660
659
658
657
656
655
654
653
651
627
652
648
628
623
619
603
594
593
592
591
582
571
561
553
552
560
570
581
569
559
568
600
602
601
588
587
556
551
539
509
510
511
503
490
482
489
486
480
472
467
436
437
438
428
427
423
413
404
405
359
358
388
346
335
331
334
336
337
323
314
324
315
308
325
338
347
376
377
378
360
361
362
379
393
397
406
429
415
407
398
408
416
417
418
430
410
400
409
399
380
381
382
383
367
366
365
364
363
354
339
327
317
309
316
326
271
270
296
295
269
268
267
294
293
302
265
247
253
245
255
241
239
204
185
214
209
203
158
153
95
98
93
87
84
88
85
86
90
97
96
107
132
133
134
108
109
110
111
112
102
99
103
104
100
101
105
81
80
79
78
67
72
66
65
71
77
82
76
75
64
63
62
74
73
70
61
60
69
59
54
58
57
56
49
43
42
48
51
33
7
8
1
9
10
11
12
13
37
44
50
34
15
14
2
16
17
3
18
19
20
21
22
4
23
24
35
25
26
5
27
28
29
30
31
6
32
45
52
68
40
38
36
39
47
41
46
55
53
83
89
91
92
94
106
131
141
155
160
167
159
166
165
154
140
129
128
139
152
164
157
151
138
127
126
125
124
123
122
121
120
119
130
118
117
116
115
114
113
137
136
135
144
150
145
149
142
143
148
156
169
179
180
161
162
163
170
171
181
172
173
182
174
175
176
177
212
213
223
231
215
216
183
184
242
225
232
224
254
252
251
250
249
248
240
230
218
211
210
202
201
200
199
198
197
196
195
194
193
208
192
191
207
222
236
228
221
206
190
189
188
205
217
220
227
235
243
234
226
219
186
187
168
147
146
178
233
259
