mst-weight: 2240
improvements: 115
initial-cycle-weight: 3587
final-cycle-weight: 2695
413
423
427
428
404
405
438
437
436
467
472
480
486
489
482
490
503
511
510
509
539
551
556
587
588
601
602
600
568
559
569
581
570
560
552
553
561
571
582
591
592
593
594
603
619
623
628
648
652
627
651
653
654
655
656
657
658
659
660
661
662
645
644
643
642
636
641
635
611
610
609
608
599
598
597
596
607
633
632
624
631
640
650
649
639
638
637
629
630
606
605
604
595
583
572
584
573
562
554
555
563
574
575
576
585
577
578
586
579
580
612
613
618
614
615
620
625
646
647
634
622
626
621
616
617
589
590
567
566
565
564
546
549
547
550
548
558
544
507
508
502
543
542
541
545
557
540
536
535
534
533
532
531
530
537
529
528
527
526
525
538
524
523
522
521
520
519
518
517
516
515
514
513
512
493
492
504
491
483
473
439
440
441
442
443
444
445
461
474
475
462
463
446
447
448
449
464
470
471
476
495
494
496
505
497
498
506
499
500
481
450
451
460
452
453
454
455
456
457
458
465
477
484
485
487
488
501
479
478
466
468
469
459
435
426
425
424
422
421
420
414
433
432
431
419
434
411
401
384
369
370
371
372
373
374
385
386
392
387
389
394
402
395
403
396
412
390
391
375
357
345
344
343
342
311
321
312
322
313
333
266
291
306
305
304
303
307
332
353
356
352
351
355
350
349
330
320
310
319
329
328
318
309
317
327
326
316
297
273
274
298
299
300
275
276
277
278
301
279
280
281
282
283
284
292
285
286
287
288
289
290
264
258
257
256
262
263
246
238
244
237
229
222
221
228
236
261
260
243
235
227
220
217
234
226
219
205
188
189
190
206
207
191
192
208
193
194
195
196
197
198
199
200
201
202
210
211
218
230
240
248
249
250
251
252
254
224
232
225
242
184
183
216
215
231
223
213
212
177
176
175
174
182
173
172
181
171
170
163
162
161
149
144
150
145
137
136
135
113
114
115
116
117
118
130
119
120
121
122
123
124
125
126
127
138
151
157
164
152
139
128
129
140
154
165
166
159
167
160
155
141
131
106
94
92
91
89
83
53
55
46
41
47
39
36
38
40
52
45
32
6
31
30
29
28
27
5
26
25
35
24
23
4
22
21
20
19
18
3
17
16
2
14
15
34
50
44
37
13
12
11
10
9
1
8
7
33
51
48
42
43
49
56
57
58
54
59
69
60
61
70
73
74
62
63
64
75
76
82
77
71
65
66
72
67
68
81
80
79
78
105
101
100
104
103
99
102
97
90
86
85
88
84
87
93
98
95
96
107
132
133
134
108
109
110
111
112
142
143
148
156
180
179
169
168
187
186
233
178
147
146
153
158
203
209
214
204
185
241
239
265
247
253
245
255
293
302
331
335
346
334
336
337
323
314
324
315
308
294
267
268
269
295
296
270
259
272
271
325
338
347
354
339
340
341
348
368
367
383
382
381
380
366
365
364
363
362
379
393
399
409
400
410
430
418
417
416
408
398
407
415
429
406
397
361
360
378
377
376
359
358
388

improvements: 131
initial-cycle-weight: 3678
final-cycle-weight: 2690
103
104
100
101
105
78
79
80
81
68
67
72
66
65
71
77
82
76
75
64
63
62
74
73
70
61
60
69
59
54
58
57
56
49
43
42
48
51
33
7
8
1
9
10
11
12
13
37
44
50
34
15
14
2
16
17
3
18
19
20
21
22
4
23
24
35
25
26
5
27
28
29
30
31
6
32
45
52
40
38
36
39
47
41
46
55
53
83
89
91
92
94
106
131
141
155
160
167
159
166
165
154
140
129
128
139
152
164
157
151
138
127
126
125
124
123
122
121
120
119
130
118
117
116
115
114
113
137
136
135
144
149
145
150
161
162
163
170
171
181
172
173
182
174
175
176
177
212
213
223
231
215
216
183
184
242
225
232
224
254
252
251
250
249
248
240
230
218
211
210
202
201
200
199
198
197
196
195
194
193
208
192
191
207
221
228
236
222
238
229
237
244
260
261
262
263
246
256
257
258
264
290
289
288
287
286
285
292
284
283
282
281
280
279
301
278
277
276
275
274
298
299
300
310
320
330
329
319
328
318
317
327
339
354
363
364
365
366
340
341
348
349
350
355
351
352
356
353
332
307
303
304
305
306
291
266
333
313
322
312
321
311
342
343
344
345
357
375
391
390
412
396
403
395
394
402
425
426
435
479
501
488
487
485
478
477
484
481
500
499
506
498
497
505
496
470
471
476
495
494
493
492
473
483
491
504
512
513
514
515
516
517
518
519
520
521
522
523
524
538
525
526
527
528
529
537
530
531
532
533
534
535
536
540
557
545
541
542
543
502
508
507
544
558
548
550
547
549
546
564
565
566
567
590
589
617
616
621
626
622
634
647
646
625
620
615
614
618
613
612
580
579
586
578
577
585
576
575
574
563
555
554
562
573
584
572
583
595
604
605
606
630
629
637
638
639
649
650
640
631
624
632
633
607
596
597
598
599
608
609
610
611
635
641
636
642
643
644
645
662
661
660
659
658
657
656
655
654
653
651
627
652
648
628
623
619
603
594
593
592
591
582
571
561
553
552
560
570
581
569
559
568
600
602
601
588
587
556
551
539
509
510
511
503
490
482
489
486
480
472
467
436
437
438
439
440
441
442
443
444
445
461
474
475
462
463
446
447
448
464
449
450
451
460
452
453
454
455
456
457
458
465
466
468
469
459
424
422
421
389
387
392
386
385
374
373
372
371
370
414
420
433
432
431
434
419
411
401
384
369
368
367
383
382
381
380
399
409
400
410
430
418
417
416
408
398
407
415
429
406
397
393
379
362
361
360
378
377
405
404
428
427
423
413
376
359
358
388
346
335
331
334
336
337
323
314
324
315
325
338
347
326
316
309
297
273
272
271
270
296
295
269
268
267
294
308
293
302
265
247
253
245
255
241
239
204
185
214
209
203
158
153
146
147
178
233
259
243
235
227
220
217
234
226
219
186
187
188
189
205
206
190
180
179
169
168
156
148
143
142
112
111
110
109
108
134
133
132
107
96
95
98
93
87
84
88
85
86
90
97
102
99

improvements: 130
initial-cycle-weight: 3680
final-cycle-weight: 2685
168
169
179
180
156
148
143
142
112
111
110
109
108
134
133
147
178
146
132
107
96
95
98
93
87
84
88
85
86
90
97
102
99
103
104
100
101
105
78
79
80
81
68
67
72
66
65
71
77
82
76
75
64
63
62
74
73
70
61
60
69
59
54
58
57
56
49
43
42
48
51
33
7
8
1
9
10
11
12
13
37
44
50
34
15
14
2
16
17
3
18
19
20
21
22
4
23
24
35
25
26
5
27
28
29
30
31
6
32
45
52
40
38
36
39
47
41
46
55
53
83
89
91
92
94
106
131
141
155
160
167
159
166
165
154
140
129
128
139
152
164
157
151
138
127
126
125
124
123
122
121
120
119
130
118
117
116
115
114
113
135
136
137
145
150
144
149
161
162
163
170
171
181
172
173
182
174
175
176
177
212
213
223
231
215
216
183
184
242
225
232
224
254
252
251
250
249
248
240
230
218
211
210
202
201
200
199
198
197
196
195
194
193
208
192
191
207
222
238
256
257
258
264
290
289
288
287
286
285
292
284
283
282
281
280
279
301
278
277
276
275
274
298
299
300
310
320
330
329
319
328
318
317
327
339
354
363
364
365
366
340
341
348
349
350
355
351
352
356
353
332
307
303
304
305
306
291
266
333
313
322
312
321
311
342
343
344
345
357
375
391
390
412
396
403
395
394
402
425
426
435
479
501
488
487
485
478
477
484
481
500
499
506
498
497
505
496
470
471
476
495
494
493
492
504
491
483
473
482
490
503
511
512
513
514
515
516
517
518
519
520
521
522
523
524
538
525
526
527
528
529
537
530
531
532
533
534
535
536
540
557
545
541
542
543
502
508
507
544
558
548
550
547
549
546
564
565
566
567
590
589
617
616
621
626
622
634
647
646
625
620
615
614
618
613
612
580
579
586
578
577
585
576
575
574
563
555
554
562
573
584
572
583
595
604
605
606
630
629
637
638
639
649
650
640
631
624
632
633
607
596
597
598
599
608
609
610
611
635
641
636
642
643
644
645
662
661
660
659
658
657
656
655
654
653
651
627
652
648
628
623
619
603
594
593
592
591
582
571
561
553
552
560
570
581
569
559
568
600
602
601
588
587
556
551
539
509
510
489
486
480
472
467
436
437
438
439
440
441
442
443
444
445
461
474
475
462
463
446
447
448
464
449
450
451
460
452
453
454
455
456
457
458
465
466
468
469
459
424
422
421
389
387
392
386
385
374
373
372
371
370
414
420
433
432
431
434
419
411
401
384
369
368
367
383
382
381
380
399
409
400
410
430
418
417
416
408
398
407
415
429
406
397
393
379
362
361
360
378
377
405
404
428
427
423
413
376
359
358
388
346
335
331
334
336
337
323
314
324
315
325
338
347
326
316
309
297
273
272
271
270
296
295
269
268
267
294
308
293
302
265
247
253
245
255
241
239
204
214
209
203
158
153
185
233
259
260
261
262
263
246
244
237
229
236
228
221
206
190
189
188
205
217
220
227
235
243
234
226
219
187
186

improvements: 113
initial-cycle-weight: 3588
final-cycle-weight: 2679
552
553
570
560
581
569
559
568
551
556
587
588
601
602
600
627
651
653
654
655
656
657
658
659
660
661
662
641
635
636
642
643
644
645
646
647
626
622
634
590
589
617
616
621
625
620
615
614
618
613
612
611
610
609
608
599
598
597
596
607
633
632
624
631
640
650
649
639
638
637
629
630
606
605
604
595
594
603
619
623
628
648
652
593
592
591
582
571
561
572
583
584
573
562
554
555
563
574
575
576
585
577
578
586
579
580
557
545
540
541
542
546
564
565
566
567
549
543
547
550
548
558
544
507
508
502
479
501
488
487
485
484
477
478
466
468
469
459
435
426
425
424
422
421
420
414
433
432
431
419
434
411
401
384
369
370
371
372
373
374
385
386
392
387
389
394
402
395
403
396
412
390
391
375
357
345
344
343
342
311
321
312
322
313
333
266
291
306
305
304
303
307
332
353
356
352
351
355
350
349
330
320
310
319
329
328
318
309
317
327
326
316
297
273
274
298
299
300
275
276
277
278
301
279
280
281
282
283
284
292
285
286
287
288
289
290
264
258
257
256
262
263
246
238
244
237
229
222
221
228
236
261
260
243
235
227
220
217
234
226
219
205
188
189
190
206
207
191
192
208
193
194
195
196
197
198
199
200
201
202
210
211
218
230
240
248
249
250
251
252
254
224
232
225
242
184
183
216
215
231
223
213
212
177
176
175
174
182
173
172
181
171
170
163
162
161
149
144
150
145
137
136
135
113
114
115
116
117
118
130
119
120
121
122
123
124
125
126
127
138
151
157
164
152
139
128
129
140
154
165
166
159
167
160
155
141
131
106
94
92
91
89
83
53
55
46
41
47
39
36
38
40
52
45
32
6
31
30
29
28
27
5
26
25
35
24
23
4
22
21
20
19
18
3
17
16
2
14
15
34
50
44
37
13
12
11
10
9
1
8
7
33
51
48
42
43
49
56
57
58
54
59
69
60
61
70
73
74
62
63
64
75
76
82
77
71
65
66
72
67
68
81
80
79
78
105
101
100
104
103
99
102
97
90
86
85
88
84
87
93
98
95
96
107
132
133
134
108
109
110
111
112
142
143
148
156
180
179
169
168
187
186
233
178
147
146
153
158
203
209
214
204
185
241
239
265
247
253
245
255
259
272
271
270
296
295
269
268
267
294
293
302
331
335
346
334
336
337
323
314
324
315
308
325
338
347
354
339
340
341
348
368
367
383
382
381
380
366
365
364
363
362
379
393
399
409
400
410
430
418
417
416
408
398
407
415
429
406
397
361
360
378
377
405
404
376
359
358
388
413
423
427
428
438
437
436
467
472
480
486
489
482
490
503
483
491
504
492
493
473
439
440
441
442
443
444
445
461
474
475
462
463
446
447
448
449
464
470
471
476
495
494
450
451
460
452
453
454
455
456
457
458
465
481
500
499
506
498
497
496
505
536
535
534
533
532
531
530
537
529
528
527
526
525
538
524
523
522
521
520
519
518
517
516
515
514
513
512
511
510
509
539

improvements: 127
initial-cycle-weight: 3670
final-cycle-weight: 2686
168
169
179
180
156
148
143
142
112
111
110
109
108
134
133
132
107
96
95
98
93
87
84
88
85
86
90
97
102
99
103
104
100
101
105
78
79
80
81
68
67
72
66
65
71
77
82
76
75
64
63
62
74
73
70
61
60
69
59
54
58
57
56
49
43
42
48
51
33
7
8
1
9
10
11
12
13
37
44
50
34
15
14
2
16
17
3
18
19
20
21
22
4
23
24
35
25
26
5
27
28
29
30
31
6
32
45
52
40
38
36
39
47
41
46
55
53
83
89
91
92
94
106
131
141
155
160
167
159
166
165
154
140
129
128
139
152
164
157
151
138
127
126
125
124
123
122
121
120
119
130
118
117
116
115
114
113
135
136
137
145
150
144
149
161
162
163
170
171
181
172
173
182
174
175
176
177
212
213
223
231
215
216
183
184
242
225
232
224
254
252
251
250
249
290
289
288
287
286
285
292
284
283
282
281
280
279
301
278
277
276
275
274
298
299
300
310
320
330
329
319
328
318
317
327
339
354
363
364
365
366
340
341
348
349
350
355
351
352
356
353
332
307
303
304
305
306
291
266
333
313
322
312
321
311
342
343
344
345
357
375
391
390
412
396
403
395
394
402
425
426
435
479
501
488
487
485
478
477
484
481
500
499
506
498
497
505
496
470
471
476
495
494
493
492
504
491
483
473
482
490
503
511
512
513
514
515
516
517
518
519
520
521
522
523
524
538
525
526
527
528
529
537
530
531
532
533
534
535
536
540
557
545
541
542
543
502
508
507
544
558
548
550
547
549
546
564
565
566
567
590
589
617
616
621
626
622
634
647
646
625
620
615
614
618
613
612
580
579
586
578
577
585
576
575
574
563
555
554
562
573
584
572
583
595
604
605
606
630
629
637
638
639
649
650
640
631
624
632
633
607
596
597
598
599
608
609
610
611
635
641
636
642
643
644
645
662
661
660
659
658
657
656
655
654
653
651
627
652
648
628
623
619
603
594
593
592
591
582
571
561
553
552
560
570
581
569
559
568
600
602
601
588
587
556
551
539
509
510
489
486
480
472
467
436
437
438
439
440
441
442
443
444
445
461
474
475
462
463
446
447
448
464
449
450
451
460
452
453
454
455
456
457
458
465
466
468
469
459
424
422
421
389
387
392
386
385
374
373
372
371
370
414
420
433
432
431
434
419
411
401
384
369
368
367
383
382
381
380
399
409
400
410
430
418
417
416
408
398
407
415
429
406
397
393
379
362
361
360
378
377
405
404
428
427
423
413
376
359
358
388
346
335
331
334
336
337
323
314
324
315
325
338
347
326
316
309
297
273
272
271
270
296
295
269
268
267
294
308
293
302
265
247
253
245
255
241
239
204
185
214
209
203
158
153
146
147
178
233
259
260
261
262
263
246
244
236
228
221
222
229
237
238
256
257
258
264
248
240
230
218
211
210
202
201
200
199
198
197
196
195
194
193
208
207
192
191
190
206
189
188
205
217
220
227
235
243
234
226
219
187
186

improvements: 125
initial-cycle-weight: 3667
final-cycle-weight: 2688
259
260
261
243
235
227
220
217
234
226
219
186
187
168
169
179
180
156
148
143
142
112
111
110
109
108
134
133
132
107
96
95
98
93
87
84
88
85
86
90
97
102
99
103
104
100
101
105
78
79
80
81
68
67
72
66
65
71
77
82
76
75
64
63
62
74
73
70
61
60
69
59
54
58
57
56
49
43
42
48
51
33
7
8
1
9
10
11
12
13
37
44
50
34
15
14
2
16
17
3
18
19
20
21
22
4
23
24
35
25
26
5
27
28
29
30
31
6
32
45
52
40
38
36
39
47
41
46
55
53
83
89
91
92
94
106
131
141
155
160
167
159
166
165
154
140
129
128
139
152
164
157
151
138
127
126
125
124
123
122
121
120
119
130
118
117
116
115
114
113
135
136
137
145
150
144
149
161
162
163
170
171
181
172
173
182
174
175
176
177
212
213
223
231
215
216
183
184
242
225
232
224
254
252
251
250
249
248
240
230
218
211
210
202
201
200
199
198
197
196
195
194
193
208
192
191
207
206
190
189
188
205
221
228
236
244
237
229
222
238
246
263
262
256
257
258
264
290
289
288
287
286
285
292
284
283
282
281
280
279
301
278
277
276
275
300
299
298
297
274
273
272
271
270
296
295
269
268
267
294
308
325
338
347
326
316
309
318
329
330
320
310
319
328
317
327
339
354
363
364
365
366
340
341
348
349
350
355
351
352
356
353
332
307
303
304
305
306
291
266
333
313
322
312
321
311
342
343
344
345
357
375
391
390
412
396
403
395
394
402
425
426
435
479
501
488
487
485
478
477
484
481
500
499
506
498
497
505
496
470
471
476
495
494
493
492
504
491
483
473
482
490
503
511
512
513
514
515
516
517
518
519
520
521
522
523
524
538
525
526
527
528
529
537
530
531
532
533
534
535
536
540
557
545
541
542
543
502
508
507
544
558
548
550
547
549
546
564
565
566
567
590
589
617
616
621
626
622
634
647
646
625
620
615
614
618
613
612
580
579
586
578
577
585
576
575
574
563
555
554
562
573
584
572
583
595
604
605
606
630
629
637
638
639
649
650
640
631
624
632
633
607
596
597
598
599
608
609
610
611
635
641
636
642
643
644
645
662
661
660
659
658
657
656
655
654
653
651
627
652
648
628
623
619
603
594
593
592
591
582
571
561
553
552
560
570
581
569
559
568
600
602
601
588
587
556
551
539
509
510
489
486
480
472
467
436
437
438
439
440
441
442
443
444
445
461
474
475
462
463
446
447
448
464
449
450
451
460
452
453
454
455
456
457
458
465
466
468
469
459
424
422
421
389
387
392
386
385
374
373
372
371
370
414
420
433
432
431
434
419
411
401
384
369
368
367
383
382
381
380
399
409
400
410
430
418
417
416
408
398
407
415
429
406
397
393
379
362
361
360
378
377
405
404
428
427
423
413
376
359
358
388
346
335
331
334
336
337
323
314
324
315
293
302
265
247
253
245
255
241
239
204
185
214
209
203
158
153
146
147
178
233

improvements: 118
initial-cycle-weight: 3596
final-cycle-weight: 2694
505
497
498
506
499
500
481
477
484
485
487
488
501
479
478
459
469
468
466
465
458
457
456
455
454
453
452
460
451
450
449
434
419
431
432
433
420
414
411
401
384
369
370
371
372
373
374
385
386
392
387
389
421
422
424
435
426
425
402
394
395
403
396
412
390
391
375
357
345
344
343
342
311
321
312
322
313
333
266
291
306
305
304
303
307
332
353
356
352
351
355
350
349
330
320
310
319
329
328
318
309
317
327
326
316
297
273
274
298
299
300
275
276
277
278
301
279
280
281
282
283
284
292
285
286
287
288
289
290
264
258
257
256
262
263
246
238
244
237
229
222
221
228
236
261
260
243
235
227
220
217
234
226
219
205
188
189
190
206
207
191
192
208
193
194
195
196
197
198
199
200
201
202
210
211
218
230
240
248
249
250
251
252
254
224
232
225
242
184
183
216
215
231
223
213
212
177
176
175
174
182
173
172
181
171
170
163
162
161
149
144
150
145
137
136
135
113
114
115
116
117
118
130
119
120
121
122
123
124
125
126
127
138
151
157
164
152
139
128
129
140
154
165
166
159
167
160
155
141
131
106
94
92
91
89
83
53
55
46
41
47
39
36
38
40
52
45
32
6
31
30
29
28
27
5
26
25
35
24
23
4
22
21
20
19
18
3
17
16
2
14
15
34
50
44
37
13
12
11
10
9
1
8
7
33
51
48
42
43
49
56
57
58
54
59
69
60
61
70
73
74
62
63
64
75
76
82
77
71
65
66
72
67
68
81
80
79
78
105
101
100
104
103
99
102
97
90
86
85
88
84
87
93
98
95
96
107
132
133
134
108
109
110
111
112
142
143
148
156
180
179
169
168
187
186
233
178
147
146
153
158
203
209
214
204
185
241
239
265
247
253
245
255
293
302
331
335
346
334
336
337
323
314
324
315
308
294
267
268
269
295
296
270
259
272
271
325
338
347
354
339
340
341
348
368
367
383
382
381
380
366
365
364
363
362
379
393
399
409
400
410
430
418
417
416
408
398
407
415
429
406
397
361
360
378
377
405
404
376
359
358
388
413
423
427
428
438
437
436
467
472
480
486
489
482
490
503
511
510
509
539
551
556
587
588
601
602
600
568
559
569
581
570
560
552
553
561
571
582
591
592
593
594
603
619
623
628
648
652
627
651
653
654
655
656
657
658
659
660
661
662
645
644
643
642
636
641
635
611
610
609
608
599
598
597
596
607
633
632
624
631
640
650
649
639
638
637
629
630
606
605
604
595
583
572
584
573
562
554
555
563
574
575
576
585
577
578
586
579
580
612
613
618
614
615
620
625
646
647
634
622
626
621
616
617
589
590
567
566
565
564
546
549
547
550
548
558
544
507
508
502
543
542
541
545
557
540
536
535
534
533
532
531
530
537
529
528
527
526
525
538
524
523
522
521
520
519
518
517
516
515
514
513
512
493
492
504
491
483
473
439
440
441
442
443
444
445
461
474
475
462
463
446
447
448
464
470
471
476
495
494
496

improvements: 123
initial-cycle-weight: 3681
final-cycle-weight: 2687
146
147
178
233
259
260
261
243
235
227
220
217
234
226
219
186
187
168
169
179
180
156
148
143
142
112
111
110
109
108
134
133
132
107
96
95
98
93
87
84
88
85
86
90
97
102
99
103
104
100
101
105
78
79
80
81
68
67
72
66
65
71
77
82
76
75
64
63
62
74
73
70
61
60
69
59
54
58
57
56
49
43
42
48
51
33
7
8
1
9
10
11
12
13
37
44
50
34
15
14
2
16
17
3
18
19
20
21
22
4
23
24
35
25
26
5
27
28
29
30
31
6
32
45
52
40
38
36
39
47
41
46
55
53
83
89
91
92
94
106
131
141
155
160
167
159
166
165
154
140
129
128
139
152
164
157
151
138
127
126
125
124
123
122
121
120
119
130
118
117
116
115
114
113
135
136
137
145
150
144
149
161
162
163
170
171
181
172
173
182
174
175
176
177
212
213
223
231
215
216
183
184
242
225
232
224
254
252
251
250
249
248
240
230
218
211
210
202
201
200
199
198
197
196
195
194
193
208
192
191
207
206
190
189
188
205
221
228
236
244
237
229
222
238
246
263
262
256
257
258
264
290
289
288
287
286
285
292
284
283
282
281
280
279
301
278
277
276
275
274
298
299
300
310
320
330
329
319
328
318
317
327
339
354
363
364
365
366
340
341
348
349
350
355
351
352
356
353
332
307
303
304
305
306
291
266
333
313
322
312
321
311
342
343
344
345
357
375
391
390
412
396
403
395
394
402
425
426
435
479
501
488
487
485
478
477
484
481
500
499
506
498
497
505
496
470
471
476
495
494
493
492
473
483
491
504
512
513
514
515
516
517
518
519
520
521
522
523
524
538
525
526
527
528
529
537
530
531
532
533
534
535
536
540
557
545
541
542
543
502
508
507
544
558
548
550
547
549
546
564
565
566
567
590
589
617
616
621
626
622
634
647
646
625
620
615
614
618
613
612
580
579
586
578
577
585
576
575
574
563
555
554
562
573
584
572
583
595
604
605
606
630
629
637
638
639
649
650
640
631
624
632
633
607
596
597
598
599
608
609
610
611
635
641
636
642
643
644
645
662
661
660
659
658
657
656
655
654
653
651
627
652
648
628
623
619
603
594
593
592
591
582
571
561
553
552
560
570
581
569
559
568
600
602
601
588
587
556
551
539
509
510
511
503
490
482
489
486
480
472
467
436
437
438
439
440
441
442
443
444
445
461
474
475
462
463
446
447
448
464
449
450
451
460
452
453
454
455
456
457
458
465
466
468
469
459
424
422
421
389
387
392
386
385
374
373
372
371
370
414
420
433
432
431
434
419
411
401
384
369
368
367
383
382
381
380
399
409
400
410
430
418
417
416
408
398
407
415
429
406
397
393
379
362
361
360
378
377
405
404
428
427
423
413
376
359
358
388
346
335
331
334
336
337
323
314
324
315
293
302
267
294
308
325
338
347
326
316
309
297
273
272
271
270
296
295
269
268
255
245
253
247
265
239
241
185
204
214
209
203
158
153

improvements: 125
initial-cycle-weight: 3665
final-cycle-weight: 2687
219
226
234
217
220
227
235
243
260
261
259
233
178
147
146
153
158
203
209
214
185
204
239
241
255
245
253
247
265
302
293
308
294
267
268
269
295
296
270
271
272
273
274
297
309
316
326
347
338
325
315
324
314
323
337
336
334
331
335
346
388
358
359
376
413
423
427
428
404
405
377
378
360
361
362
379
393
397
406
429
415
407
398
408
416
417
418
430
410
400
409
399
380
381
382
383
367
368
369
384
401
411
419
434
431
432
433
420
414
370
371
372
373
374
385
386
392
387
389
421
422
424
459
469
468
466
465
458
457
456
455
454
453
452
460
451
450
449
464
448
447
446
463
462
475
474
461
445
444
443
442
441
440
439
438
437
436
467
472
480
486
489
510
509
539
551
556
587
588
601
602
600
568
559
569
581
570
560
552
553
561
571
582
591
592
593
594
603
619
623
628
648
652
627
651
653
654
655
656
657
658
659
660
661
662
645
644
643
642
636
641
635
611
610
609
608
599
598
597
596
607
633
632
624
631
640
650
649
639
638
637
629
630
606
605
604
595
583
572
584
573
562
554
555
563
574
575
576
585
577
578
586
579
580
612
613
618
614
615
620
625
646
647
634
622
626
621
616
617
589
590
567
566
565
564
546
549
547
550
548
558
544
507
508
502
543
542
541
545
557
540
536
535
534
533
532
531
530
537
529
528
527
526
525
538
524
523
522
521
520
519
518
517
516
515
514
513
512
511
503
490
482
473
483
491
504
492
493
494
495
476
471
470
496
505
497
498
506
499
500
481
477
478
484
485
487
488
501
479
435
426
425
402
394
395
403
396
412
390
391
375
357
345
344
343
342
311
321
312
322
313
333
266
291
306
305
304
303
307
332
353
356
352
351
355
350
349
348
341
340
366
365
364
363
354
339
327
317
318
328
319
329
330
320
310
300
299
298
275
276
277
278
301
279
280
281
282
283
284
292
285
286
287
288
289
290
264
258
257
256
262
263
246
238
222
229
237
244
236
228
221
206
205
188
189
190
191
192
207
208
193
194
195
196
197
198
199
200
201
202
210
211
218
230
240
248
249
250
251
252
254
224
232
225
242
184
183
216
215
231
223
213
212
177
176
175
174
182
173
172
181
171
170
163
162
161
150
145
149
144
135
136
137
113
114
115
116
117
118
130
119
120
121
122
123
124
125
126
127
138
151
157
164
152
139
128
129
140
154
165
166
159
167
160
155
141
131
106
94
92
91
89
83
53
55
46
41
47
39
36
38
40
52
45
32
6
31
30
29
28
27
5
26
25
35
24
23
4
22
21
20
19
18
3
17
16
2
14
15
34
50
44
37
13
12
11
10
9
1
8
7
33
51
48
42
43
49
56
57
58
54
59
69
60
61
70
73
74
62
63
64
75
76
82
77
71
65
66
72
67
68
81
80
79
78
105
101
100
104
103
99
102
97
90
86
85
88
84
87
93
98
95
96
107
132
133
134
108
109
110
111
112
142
143
148
156
180
179
169
168
187
186

improvements: 115
initial-cycle-weight: 3586
final-cycle-weight: 2695
413
423
427
428
436
467
472
480
486
489
482
490
503
511
510
509
539
551
556
587
588
601
602
600
568
559
569
581
570
560
552
553
561
571
582
591
592
593
594
603
619
623
628
648
652
627
651
653
654
655
656
657
658
659
660
661
662
645
644
643
642
636
641
635
611
610
609
608
599
598
597
596
607
633
632
624
631
640
650
649
639
638
637
629
630
606
605
604
595
583
572
584
573
562
554
555
563
574
575
576
585
577
578
586
579
580
612
613
618
614
615
620
625
646
647
634
622
626
621
616
617
589
590
567
566
565
564
546
549
547
550
548
558
544
507
508
502
543
542
541
545
557
540
536
535
534
533
532
531
530
537
529
528
527
526
525
538
524
523
522
521
520
519
518
517
516
515
514
513
512
493
492
504
491
483
473
437
438
439
440
441
442
443
444
445
461
474
475
462
463
446
447
448
449
464
470
471
476
495
494
496
505
497
498
506
499
500
481
450
451
460
452
453
454
455
456
457
458
465
477
484
485
487
488
501
479
478
466
468
469
459
435
426
425
424
422
421
420
414
433
432
431
419
434
411
401
384
369
370
371
372
373
374
385
386
392
387
389
394
402
395
403
396
412
390
391
375
357
345
344
343
342
311
321
312
322
313
333
266
291
306
305
304
303
307
332
353
356
352
351
355
350
349
330
320
310
319
329
328
318
309
317
327
326
316
297
273
274
298
299
300
275
276
277
278
301
279
280
281
282
283
284
292
285
286
287
288
289
290
264
258
257
256
262
263
246
238
244
237
229
222
221
228
236
261
260
243
235
227
220
217
234
226
219
205
188
189
190
206
207
191
192
208
193
194
195
196
197
198
199
200
201
202
210
211
218
230
240
248
249
250
251
252
254
224
232
225
242
184
183
216
215
231
223
213
212
177
176
175
174
182
173
172
181
171
170
163
162
161
149
144
150
145
137
136
135
113
114
115
116
117
118
130
119
120
121
122
123
124
125
126
127
138
151
157
164
152
139
128
129
140
154
165
166
159
167
160
155
141
131
106
94
92
91
89
83
53
55
46
41
47
39
36
38
40
52
45
32
6
31
30
29
28
27
5
26
25
35
24
23
4
22
21
20
19
18
3
17
16
2
14
15
34
50
44
37
13
12
11
10
9
1
8
7
33
51
48
42
43
49
56
57
58
54
59
69
60
61
70
73
74
62
63
64
75
76
82
77
71
65
66
72
67
68
81
80
79
78
105
101
100
104
103
99
102
97
90
86
85
88
84
87
93
98
95
96
107
132
133
134
108
109
110
111
112
142
143
148
156
180
179
169
168
187
186
233
178
147
146
153
158
203
209
214
204
185
241
239
265
247
253
245
255
293
302
331
335
346
334
336
337
323
314
324
315
308
294
267
268
269
295
296
270
259
272
271
325
338
347
354
339
340
341
348
368
367
383
382
381
380
366
365
364
363
362
379
393
399
409
400
410
430
418
417
416
408
398
407
415
429
406
397
361
360
378
377
405
404
376
359
358
388

improvements: 114
initial-cycle-weight: 3580
final-cycle-weight: 2703
551
556
587
588
601
602
600
568
559
569
581
570
560
552
553
561
571
582
591
592
593
594
603
619
623
628
648
652
627
651
653
654
655
656
657
658
659
660
661
662
645
644
643
642
636
641
635
611
610
609
608
599
598
597
596
607
633
632
624
631
640
650
649
639
638
637
629
630
606
605
604
595
583
572
584
573
562
554
555
563
574
575
576
585
577
578
586
579
580
612
613
618
614
615
620
625
646
647
634
622
626
621
616
617
589
590
567
566
565
564
546
549
547
550
548
558
544
507
508
502
543
542
541
545
557
540
536
535
534
533
532
531
530
537
529
528
527
526
525
538
524
523
522
521
520
519
518
517
516
515
514
513
512
511
510
503
490
483
491
504
492
493
473
482
437
438
439
440
441
442
443
444
445
461
474
475
462
463
446
447
448
449
464
470
471
476
495
494
496
505
497
498
506
499
500
481
450
451
460
452
453
454
455
456
457
458
465
477
484
485
487
488
501
479
478
466
468
469
459
435
426
425
424
422
421
420
414
433
432
431
419
434
411
401
384
369
370
371
372
373
374
385
386
392
387
389
394
402
395
403
396
412
390
391
375
357
345
344
343
342
311
321
312
322
313
333
266
291
306
305
304
303
307
332
353
356
352
351
355
350
349
330
320
310
319
329
328
318
309
317
327
326
316
297
273
274
298
299
300
275
276
277
278
301
279
280
281
282
283
284
292
285
286
287
288
289
290
264
258
257
256
262
263
246
238
244
237
229
222
221
228
236
261
260
243
235
227
220
217
234
226
219
205
188
189
190
206
207
191
192
208
193
194
195
196
197
198
199
200
201
202
210
211
218
230
240
248
249
250
251
252
254
224
232
225
242
184
183
216
215
231
223
213
212
177
176
175
174
182
173
172
181
171
170
163
162
161
150
145
149
144
135
136
137
113
114
115
116
117
118
130
119
120
121
122
123
124
125
126
127
138
151
157
164
152
139
128
129
140
154
165
166
159
167
160
155
141
131
106
94
92
91
89
83
53
55
46
41
47
39
36
38
40
52
45
32
6
31
30
29
28
27
5
26
25
35
24
23
4
22
21
20
19
18
3
17
16
2
14
15
34
50
44
37
13
12
11
10
9
1
8
7
33
51
48
42
43
49
56
57
58
54
59
69
60
61
70
73
74
62
63
64
75
76
82
77
71
65
66
72
67
68
81
80
79
78
105
101
100
104
103
99
102
97
90
86
85
88
84
87
93
98
95
96
107
132
133
134
108
109
110
111
112
142
143
148
156
180
179
169
168
187
186
233
178
147
146
153
158
203
209
214
204
185
241
239
265
247
253
245
255
293
302
331
335
346
334
336
337
323
314
324
315
308
294
267
268
269
295
296
270
259
272
271
325
338
347
354
339
340
341
348
368
367
383
382
381
380
366
365
364
363
362
379
393
399
409
400
410
430
418
417
416
408
398
407
415
429
406
397
361
360
378
377
405
404
376
359
358
388
413
423
427
428
436
467
472
480
486
489
509
539

improvements: 117
initial-cycle-weight: 3587
final-cycle-weight: 2684
570
560
581
569
559
568
600
587
588
601
602
627
651
653
654
655
656
657
658
659
660
661
662
641
635
636
642
643
644
645
646
647
626
622
634
590
589
617
616
621
625
620
615
614
618
613
612
611
610
609
608
599
598
597
596
607
633
632
624
631
640
650
649
639
638
637
629
630
606
605
604
595
594
603
619
623
628
648
652
593
592
591
582
571
561
572
583
584
573
562
554
555
563
574
575
576
585
577
578
586
579
580
564
565
566
567
558
548
550
544
507
508
502
543
547
549
546
542
541
545
557
540
536
535
534
533
532
531
530
537
529
528
527
526
525
538
524
523
522
521
520
519
518
517
516
515
514
513
512
493
492
504
491
483
473
439
440
441
442
443
444
445
461
474
475
462
463
446
447
448
449
464
470
471
476
495
494
496
505
497
498
506
499
500
481
450
451
460
452
453
454
455
456
457
458
465
477
484
485
487
488
501
479
478
466
468
469
459
435
426
425
424
422
421
420
414
433
432
431
419
434
411
401
384
369
370
371
372
373
374
385
386
392
387
389
394
402
395
403
396
412
390
391
375
357
345
344
343
342
311
321
312
322
313
333
266
291
306
305
304
303
307
332
353
356
352
351
355
350
349
330
320
310
319
329
328
318
309
317
327
326
316
297
273
274
298
299
300
275
276
277
278
301
279
280
281
282
283
284
292
285
286
287
288
289
290
264
258
257
256
262
263
246
238
244
237
229
222
221
228
236
261
260
243
235
227
220
217
234
226
219
205
188
189
190
206
207
191
192
208
193
194
195
196
197
198
199
200
201
202
210
211
218
230
240
248
249
250
251
252
254
224
232
225
242
184
183
216
215
231
223
213
212
177
176
175
174
182
173
172
181
171
170
163
162
161
149
144
150
145
137
136
135
113
114
115
116
117
118
130
119
120
121
122
123
124
125
126
127
138
151
157
164
152
139
128
129
140
154
165
166
159
167
160
155
141
131
106
94
92
91
89
83
53
55
46
41
47
39
36
38
40
52
45
32
6
31
30
29
28
27
5
26
25
35
24
23
4
22
21
20
19
18
3
17
16
2
14
15
34
50
44
37
13
12
11
10
9
1
8
7
33
51
48
42
43
49
56
57
58
54
59
69
60
61
70
73
74
62
63
64
75
76
82
77
71
65
66
72
67
68
81
80
79
78
105
101
100
104
103
99
102
97
90
86
85
88
84
87
93
98
95
96
107
132
133
134
108
109
110
111
112
142
143
148
156
180
179
169
168
187
186
233
178
147
146
153
158
203
209
214
204
185
241
239
265
247
253
245
255
293
302
331
335
346
334
336
337
323
314
324
315
308
294
267
268
269
295
296
270
259
272
271
325
338
347
354
339
340
341
348
368
367
383
382
381
380
366
365
364
363
362
379
393
399
409
400
410
430
418
417
416
408
398
407
415
429
406
397
361
360
378
377
405
404
376
359
358
388
413
423
427
428
438
437
436
467
472
480
486
489
482
490
503
511
510
509
539
556
551
552
553

improvements: 123
initial-cycle-weight: 3667
final-cycle-weight: 2676
413
423
427
428
438
437
436
467
472
480
486
489
482
490
503
511
510
509
539
551
556
587
588
601
602
600
568
559
569
581
570
560
552
553
561
571
582
591
592
593
594
603
619
623
628
648
652
627
651
653
654
655
656
657
658
659
660
661
662
645
644
643
642
636
641
635
611
610
609
608
599
598
597
596
607
633
632
624
631
640
650
649
639
638
637
629
630
606
605
604
595
583
572
584
573
562
554
555
563
574
575
576
585
577
578
586
579
580
612
613
618
614
615
620
625
646
647
634
622
626
621
616
617
589
590
567
566
565
564
546
549
547
550
548
558
544
507
508
502
543
542
541
545
557
540
536
535
534
533
532
531
530
537
529
528
527
526
525
538
524
523
522
521
520
519
518
517
516
515
514
513
512
493
492
504
491
483
473
439
440
441
442
443
444
445
461
474
475
462
463
446
447
448
449
464
470
471
476
495
494
496
505
497
498
506
499
500
481
477
478
484
485
487
488
501
479
435
426
425
424
422
421
459
469
468
466
465
458
457
456
455
454
453
452
460
451
450
434
401
411
419
431
432
433
420
414
384
369
370
371
372
373
374
385
386
392
387
389
394
402
395
403
396
412
390
391
375
357
345
344
343
342
311
321
312
322
313
333
266
291
306
305
304
303
307
332
353
356
352
351
355
350
349
330
320
310
319
329
328
318
309
317
327
326
316
297
273
274
298
299
300
275
276
277
278
301
279
280
281
282
283
284
292
285
286
287
288
289
290
264
258
257
256
262
263
246
238
244
237
229
222
221
228
236
261
260
243
235
227
220
217
234
226
219
205
188
189
190
206
207
191
192
208
193
194
195
196
197
198
199
200
201
202
210
211
218
230
240
248
249
250
251
252
254
224
232
225
242
184
183
216
215
231
223
213
212
177
176
175
174
182
173
172
181
171
170
163
162
161
149
144
150
145
137
136
135
113
114
115
116
117
118
130
119
120
121
122
123
124
125
126
127
138
151
157
164
152
139
128
129
140
154
165
166
159
167
160
155
141
131
106
94
92
91
89
83
53
55
46
41
47
39
36
38
40
52
45
32
6
31
30
29
28
27
5
26
25
35
24
23
4
22
21
20
19
18
3
17
16
2
14
15
34
50
44
37
13
12
11
10
9
1
8
7
33
51
48
42
43
49
56
57
58
54
59
69
60
61
70
73
74
62
63
64
75
76
82
77
71
65
66
72
67
68
81
80
79
78
105
101
100
104
103
99
102
97
90
86
85
88
84
87
93
98
95
96
107
132
133
134
108
109
110
111
112
142
143
148
156
180
179
169
168
187
186
233
178
147
146
153
158
203
209
214
204
185
241
239
265
247
253
245
255
293
302
331
335
346
334
336
337
323
314
324
315
308
294
267
268
269
295
296
270
259
272
271
325
338
347
354
339
340
341
348
368
367
383
382
381
380
366
365
364
363
362
379
393
399
409
400
410
430
418
417
416
408
398
407
415
429
406
397
361
360
378
377
405
404
376
359
358
388

improvements: 120
initial-cycle-weight: 3583
final-cycle-weight: 2671
556
551
552
553
570
560
581
569
559
568
600
587
588
601
602
627
651
653
654
655
656
657
658
659
660
661
662
641
635
636
642
643
644
645
646
647
626
622
634
590
589
617
616
621
625
620
615
614
618
613
612
611
610
609
608
599
598
597
596
607
633
632
624
631
640
650
649
639
638
637
629
630
606
605
604
595
594
603
619
623
628
648
652
593
592
591
582
571
561
572
583
584
573
562
554
555
563
574
575
576
585
577
578
586
579
580
557
531
532
533
534
535
536
540
545
541
542
564
565
566
567
558
548
550
547
549
546
543
544
507
508
502
479
501
488
487
485
484
477
478
466
468
469
459
435
426
425
424
422
421
420
414
433
432
431
419
434
411
401
384
369
370
371
372
373
374
385
386
392
387
389
394
402
395
403
396
412
390
391
375
357
345
344
343
342
311
321
312
322
313
333
266
291
306
305
304
303
307
332
353
356
352
351
355
350
349
330
320
310
319
329
328
318
309
317
327
326
316
297
273
274
298
299
300
275
276
277
278
301
279
280
281
282
283
284
292
285
286
287
288
289
290
264
258
257
256
262
263
246
238
244
237
229
222
221
228
236
261
260
243
235
227
220
217
234
226
219
205
188
189
190
206
207
191
192
208
193
194
195
196
197
198
199
200
201
202
210
211
218
230
240
248
249
250
251
252
254
224
232
225
242
184
183
216
215
231
223
213
212
177
176
175
174
182
173
172
181
171
170
163
162
161
149
144
150
145
137
136
135
113
114
115
116
117
118
130
119
120
121
122
123
124
125
126
127
138
151
157
164
152
139
128
129
140
154
165
166
159
167
160
155
141
131
106
94
92
91
89
83
53
55
46
41
47
39
36
38
40
52
45
32
6
31
30
29
28
27
5
26
25
35
24
23
4
22
21
20
19
18
3
17
16
2
14
15
34
50
44
37
13
12
11
10
9
1
8
7
33
51
48
42
43
49
56
57
58
54
59
69
60
61
70
73
74
62
63
64
75
76
82
77
71
65
66
72
67
68
81
80
79
78
105
101
100
104
103
99
102
97
90
86
85
88
84
87
93
98
95
96
107
132
133
134
108
109
110
111
112
142
143
148
156
180
179
169
168
187
186
233
178
147
146
153
158
203
209
214
204
185
241
239
265
247
253
245
255
259
272
271
270
296
295
269
268
267
294
293
302
331
335
346
334
336
337
323
314
324
315
308
325
338
347
354
339
340
341
348
368
367
383
382
381
380
366
365
364
363
362
379
393
399
409
400
410
430
418
417
416
408
398
407
415
429
406
397
361
360
378
377
405
404
376
359
358
388
413
423
427
428
438
437
436
467
472
480
486
489
482
490
503
483
491
504
492
493
473
439
440
441
442
443
444
445
461
474
475
462
463
446
447
448
449
464
470
471
476
495
494
450
451
460
452
453
454
455
456
457
458
465
481
500
499
506
498
497
505
496
530
537
529
528
527
526
525
538
524
523
522
521
520
519
518
517
516
515
514
513
512
511
510
509
539

improvements: 140
initial-cycle-weight: 3667
final-cycle-weight: 2698
46
55
89
91
105
101
100
104
103
99
102
57
58
54
59
69
60
61
70
73
74
62
63
64
75
76
82
77
71
65
66
72
78
79
80
81
67
68
52
45
32
6
31
30
29
28
27
5
26
25
35
24
23
4
22
21
20
19
18
3
17
16
2
14
15
34
50
44
37
13
12
11
10
9
1
8
7
33
51
48
42
43
49
56
86
90
97
85
88
84
87
93
98
95
96
107
132
133
134
108
109
110
111
112
135
142
143
148
156
180
179
169
168
186
187
188
189
205
219
226
234
217
220
227
235
243
260
261
259
233
178
147
146
153
158
203
209
214
185
204
239
241
255
245
253
247
265
302
293
308
294
267
268
269
295
296
270
271
272
273
274
297
309
316
326
347
338
325
315
324
314
323
337
336
334
331
335
346
388
358
359
376
413
423
427
428
404
405
377
378
360
361
362
379
393
397
406
429
415
407
398
408
416
417
418
430
410
400
409
399
380
381
382
383
367
368
369
384
401
411
419
434
431
432
433
420
414
370
371
372
373
374
385
386
392
387
389
421
422
424
459
469
468
466
465
458
457
456
455
454
453
452
460
451
450
449
464
448
447
446
463
462
475
474
461
445
444
443
442
441
440
439
438
437
436
467
472
480
486
489
482
490
503
511
510
509
539
551
556
587
588
601
602
600
568
559
569
581
570
560
552
553
561
571
582
591
592
593
594
603
619
623
628
648
652
627
651
653
654
655
656
657
658
659
660
661
662
645
644
643
642
636
641
635
611
610
609
608
599
598
597
596
607
633
632
624
631
640
650
649
639
638
637
629
630
606
605
604
595
583
572
584
573
562
554
555
563
574
575
576
585
577
578
586
579
580
612
613
618
614
615
620
625
646
647
634
622
626
621
616
617
589
590
567
566
565
564
546
549
547
550
548
558
544
507
508
502
543
542
541
545
557
540
536
535
534
533
532
531
530
537
529
528
527
526
525
538
524
523
522
521
520
519
518
517
516
515
514
513
512
483
473
491
504
492
493
494
495
476
471
470
496
505
497
498
506
499
500
481
477
478
484
485
487
488
501
479
435
426
425
402
394
395
403
396
412
390
391
375
357
345
344
343
342
311
321
312
322
313
333
266
291
306
305
304
303
307
332
353
356
352
351
355
350
349
348
341
340
366
365
364
363
354
339
327
317
318
328
319
329
330
320
310
300
299
298
275
276
277
278
301
279
280
281
282
283
284
292
285
286
287
288
289
290
264
258
257
256
262
263
246
238
222
229
237
244
236
228
221
206
190
191
192
207
208
193
194
195
196
197
198
199
200
201
202
210
211
218
230
240
248
249
250
251
252
254
224
232
225
242
184
183
216
215
231
223
213
212
177
176
175
174
182
173
172
181
171
170
163
162
161
150
145
149
144
136
137
113
114
115
116
117
118
130
119
120
121
122
123
124
125
126
127
138
151
157
164
152
139
128
129
140
154
165
166
159
167
160
155
141
131
106
94
92
83
53
41
47
39
36
38
40

improvements: 113
initial-cycle-weight: 3589
final-cycle-weight: 2703
556
551
552
553
570
560
581
569
559
568
587
588
601
602
600
627
651
653
654
655
656
657
658
659
660
661
662
641
635
636
642
643
644
645
646
647
625
620
615
614
618
613
612
611
610
609
608
599
598
597
596
607
633
632
624
631
640
650
649
639
638
637
629
630
606
605
604
595
594
603
619
623
628
648
652
593
592
591
582
571
561
572
583
584
573
562
554
555
563
574
575
576
585
577
578
586
579
580
564
565
616
621
626
622
634
617
589
590
567
566
547
550
548
558
544
507
508
502
543
549
546
542
541
545
557
540
536
535
534
533
532
531
530
537
529
528
527
526
525
538
524
523
522
521
520
519
518
517
516
515
514
513
512
493
492
504
491
483
473
439
440
441
442
443
444
445
461
474
475
462
463
446
447
448
449
464
470
471
476
495
494
496
505
497
498
506
499
500
481
450
451
460
452
453
454
455
456
457
458
465
477
484
485
487
488
501
479
478
466
468
469
459
435
426
425
424
422
421
420
414
433
432
431
419
434
411
401
384
369
370
371
372
373
374
385
386
392
387
389
394
402
395
403
396
412
390
391
375
357
345
344
343
342
311
321
312
322
313
333
266
291
306
305
304
303
307
332
353
356
352
351
355
350
349
330
320
310
319
329
328
318
309
317
327
326
316
297
273
274
298
299
300
275
276
277
278
301
279
280
281
282
283
284
292
285
286
287
288
289
290
264
258
257
256
262
263
246
238
244
237
229
222
221
228
236
261
260
243
235
227
220
217
234
226
219
205
188
189
190
206
207
191
192
208
193
194
195
196
197
198
199
200
201
202
210
211
218
230
240
248
249
250
251
252
254
224
232
225
242
184
183
216
215
231
223
213
212
177
176
175
174
182
173
172
181
171
170
163
162
161
149
144
150
145
137
136
135
113
114
115
116
117
118
130
119
120
121
122
123
124
125
126
127
138
151
157
164
152
139
128
129
140
154
165
166
159
167
160
155
141
131
106
94
92
91
89
83
53
55
46
41
47
39
36
38
40
52
45
32
6
31
30
29
28
27
5
26
25
35
24
23
4
22
21
20
19
18
3
17
16
2
14
15
34
50
44
37
13
12
11
10
9
1
8
7
33
51
48
42
43
49
56
57
58
54
59
69
60
61
70
73
74
62
63
64
75
76
82
77
71
65
66
72
67
68
81
80
79
78
105
101
100
104
103
99
102
97
90
86
85
88
84
87
93
98
95
96
107
132
133
134
108
109
110
111
112
142
143
148
156
180
179
169
168
187
186
233
178
147
146
153
158
203
209
214
204
185
241
239
265
247
253
245
255
293
302
331
335
346
334
336
337
323
314
324
315
308
294
267
268
269
295
296
270
259
272
271
325
338
347
354
339
340
341
348
368
367
383
382
381
380
366
365
364
363
362
379
393
399
409
400
410
430
418
417
416
408
398
407
415
429
406
397
361
360
378
377
405
404
376
359
358
388
413
423
427
428
438
437
436
467
472
480
486
489
482
490
503
511
510
509
539

improvements: 125
initial-cycle-weight: 3664
final-cycle-weight: 2688
259
260
261
243
235
227
220
217
234
226
219
186
187
168
169
179
180
156
148
143
142
112
111
110
109
108
134
133
132
107
96
95
98
93
87
84
88
85
86
90
97
102
99
103
104
100
101
105
78
79
80
81
68
67
72
66
65
71
77
82
76
75
64
63
62
74
73
70
61
60
69
59
54
58
57
56
49
43
42
48
51
33
7
8
1
9
10
11
12
13
37
44
50
34
15
14
2
16
17
3
18
19
20
21
22
4
23
24
35
25
26
5
27
28
29
30
31
6
32
45
52
40
38
36
39
47
41
46
55
53
83
89
91
92
94
106
131
141
155
160
167
159
166
165
154
140
129
128
139
152
164
157
151
138
127
126
125
124
123
122
121
120
119
130
118
117
116
115
114
113
135
136
137
145
150
144
149
161
162
163
170
171
181
172
173
182
174
175
176
177
212
213
223
231
215
216
183
184
242
225
232
224
254
252
251
250
249
248
240
230
218
211
210
202
201
200
199
198
197
196
195
194
193
208
192
191
207
206
190
189
188
205
221
228
236
244
237
229
222
238
246
263
262
256
257
258
264
290
289
288
287
286
285
292
284
283
282
281
280
279
301
278
277
276
275
300
299
298
297
274
273
272
271
270
296
295
269
268
267
294
308
325
338
347
326
316
309
318
329
330
320
310
319
328
317
327
339
354
363
364
365
366
340
341
348
349
350
355
351
352
356
353
332
307
303
304
305
306
291
266
333
313
322
312
321
311
342
343
344
345
357
375
391
390
412
396
403
395
394
402
425
426
435
479
501
488
487
485
478
477
484
481
500
499
506
498
497
505
496
470
471
476
495
494
493
492
504
491
483
473
482
490
503
511
512
513
514
515
516
517
518
519
520
521
522
523
524
538
525
526
527
528
529
537
530
531
532
533
534
535
536
540
557
545
541
542
543
502
508
507
544
558
548
550
547
549
546
564
565
566
567
590
589
617
616
621
626
622
634
647
646
625
620
615
614
618
613
612
580
579
586
578
577
585
576
575
574
563
555
554
562
573
584
572
583
595
604
605
606
630
629
637
638
639
649
650
640
631
624
632
633
607
596
597
598
599
608
609
610
611
635
641
636
642
643
644
645
662
661
660
659
658
657
656
655
654
653
651
627
652
648
628
623
619
603
594
593
592
591
582
571
561
553
552
560
570
581
569
559
568
600
602
601
588
587
556
551
539
509
510
489
486
480
472
467
436
437
438
439
440
441
442
443
444
445
461
474
475
462
463
446
447
448
464
449
450
451
460
452
453
454
455
456
457
458
465
466
468
469
459
424
422
421
389
387
392
386
385
374
373
372
371
370
414
420
433
432
431
434
419
411
401
384
369
368
367
383
382
381
380
399
409
400
410
430
418
417
416
408
398
407
415
429
406
397
393
379
362
361
360
378
377
405
404
428
427
423
413
376
359
358
388
346
335
331
334
336
337
323
314
324
315
293
302
265
247
253
245
255
241
239
204
185
214
209
203
158
153
146
147
178
233

improvements: 114
initial-cycle-weight: 3575
final-cycle-weight: 2692
542
541
545
557
540
536
535
534
533
532
531
530
537
529
528
527
526
525
538
524
523
522
521
520
519
518
517
516
515
514
513
512
493
492
504
491
483
473
439
440
441
442
443
444
445
461
474
475
462
463
446
447
448
449
464
470
471
476
495
494
496
505
497
498
506
499
500
481
450
451
460
452
453
454
455
456
457
458
465
477
484
485
487
488
501
479
478
466
468
469
459
435
426
425
424
422
421
420
414
433
432
431
419
434
411
401
384
369
370
371
372
373
374
385
386
392
387
389
394
402
395
403
396
412
390
391
375
357
345
344
343
342
311
321
312
322
313
333
266
291
306
305
304
303
307
332
353
356
352
351
355
350
349
330
320
310
319
329
328
318
309
317
327
326
316
297
273
274
298
299
300
275
276
277
278
301
279
280
281
282
283
284
292
285
286
287
288
289
290
264
258
257
256
262
263
246
238
244
237
229
222
221
228
236
261
260
243
235
227
220
217
234
226
219
205
188
189
190
206
207
191
192
208
193
194
195
196
197
198
199
200
201
202
210
211
218
230
240
248
249
250
251
252
254
224
232
225
242
184
183
216
215
231
223
213
212
177
176
175
174
182
173
172
181
171
170
163
162
161
149
144
150
145
137
136
135
113
114
115
116
117
118
130
119
120
121
122
123
124
125
126
127
138
151
157
164
152
139
128
129
140
154
165
166
159
167
160
155
141
131
106
94
92
91
89
83
53
55
46
41
47
39
36
38
40
52
45
32
6
31
30
29
28
27
5
26
25
35
24
23
4
22
21
20
19
18
3
17
16
2
14
15
34
50
44
37
13
12
11
10
9
1
8
7
33
51
48
42
43
49
56
57
58
54
59
69
60
61
70
73
74
62
63
64
75
76
82
77
71
65
66
72
67
68
81
80
79
78
105
101
100
104
103
99
102
97
90
86
85
88
84
87
93
98
95
96
107
132
133
134
108
109
110
111
112
142
143
148
156
180
179
169
168
187
186
233
178
147
146
153
158
203
209
214
204
185
241
239
265
247
253
245
255
293
302
331
335
346
334
336
337
323
314
324
315
308
294
267
268
269
295
296
270
259
272
271
325
338
347
354
339
340
341
348
368
367
383
382
381
380
366
365
364
363
362
379
393
399
409
400
410
430
418
417
416
408
398
407
415
429
406
397
361
360
378
377
405
404
376
359
358
388
413
423
427
428
438
437
436
467
472
480
486
489
482
490
503
511
510
509
539
556
551
559
568
600
587
588
601
602
627
651
653
654
655
656
657
658
659
660
661
662
645
644
643
642
636
641
635
611
610
609
608
599
598
597
596
607
633
632
624
631
640
650
649
639
638
637
629
630
606
605
604
595
594
603
619
623
628
648
652
593
592
591
582
570
581
569
560
552
553
571
561
572
583
584
573
562
554
555
563
574
575
576
585
577
578
586
579
580
612
613
618
614
615
620
625
646
647
634
622
626
621
616
617
589
590
567
566
565
564
546
549
547
550
548
558
544
507
508
502
543

improvements: 139
initial-cycle-weight: 3686
final-cycle-weight: 2722
71
64
63
62
74
73
70
61
60
69
59
54
57
58
50
44
43
49
56
86
90
97
96
95
98
93
88
85
84
87
51
48
42
33
7
8
1
9
10
11
12
13
37
14
2
15
34
16
17
3
18
19
20
21
22
4
23
24
35
25
26
5
27
28
29
6
32
31
30
65
66
72
78
79
80
81
67
68
52
45
40
38
36
39
47
41
46
55
53
83
89
91
92
94
106
131
141
155
160
167
159
166
165
154
140
129
128
139
152
164
157
151
138
127
126
125
124
123
122
121
120
119
130
118
117
116
115
114
137
136
144
149
145
150
161
162
163
170
171
181
172
173
182
174
175
176
177
212
213
223
231
215
216
183
184
242
225
232
224
254
252
251
250
249
248
240
230
218
211
210
202
201
200
199
198
197
196
195
194
193
208
192
191
207
221
228
236
222
238
229
237
244
260
261
262
263
246
256
257
258
264
290
289
288
287
286
285
292
284
283
282
281
280
279
301
278
277
276
275
274
298
299
300
310
320
330
329
319
328
318
317
327
339
354
363
364
365
366
340
341
348
349
350
355
351
352
356
353
332
307
303
304
305
306
291
266
333
313
322
312
321
311
342
343
344
345
357
375
391
390
412
396
403
395
394
402
425
426
435
479
501
488
487
485
478
477
484
481
500
499
506
498
497
505
496
470
471
476
495
494
493
492
504
491
473
483
512
513
514
515
516
517
518
519
520
521
522
523
524
538
525
526
527
528
529
537
530
531
532
533
534
535
536
540
557
545
541
542
543
502
508
507
544
558
548
550
547
549
546
564
565
566
567
590
589
617
616
621
626
622
634
647
646
625
620
615
614
618
613
612
580
579
586
578
577
585
576
575
574
563
555
554
562
573
584
572
583
595
604
605
606
630
629
637
638
639
649
650
640
631
624
632
633
607
596
597
598
599
608
609
610
611
635
641
636
642
643
644
645
662
661
660
659
658
657
656
655
654
653
651
627
652
648
628
623
619
603
594
593
592
591
582
571
561
553
552
560
570
581
569
559
568
600
602
601
588
587
556
551
539
509
510
511
503
490
482
489
486
480
472
467
436
437
438
439
440
441
442
443
444
445
461
474
475
462
463
446
447
448
464
449
450
451
460
452
453
454
455
456
457
458
465
466
468
469
459
424
422
421
389
387
392
386
385
374
373
372
371
370
414
420
433
432
431
434
419
411
401
384
369
368
367
383
382
381
380
399
409
400
410
430
418
417
416
408
398
407
415
429
406
397
393
379
362
361
360
378
377
405
404
428
427
423
413
376
359
358
388
346
335
331
334
336
337
323
314
324
315
325
338
347
326
316
309
297
273
272
271
270
296
295
269
268
267
294
308
293
302
265
247
253
245
255
241
239
204
185
214
209
203
158
153
146
107
132
133
134
147
178
233
259
243
235
227
220
217
234
226
219
186
187
188
189
205
206
190
180
179
169
168
156
148
143
142
135
113
112
111
110
109
108
102
99
103
104
100
105
101
82
77
76
75

improvements: 127
initial-cycle-weight: 3669
final-cycle-weight: 2668
413
423
427
428
404
405
429
415
406
397
398
407
416
417
418
430
410
400
409
408
399
393
379
380
381
382
383
367
368
369
384
401
411
419
434
431
432
433
420
414
370
371
372
373
374
385
386
392
387
389
421
422
424
459
469
468
466
465
458
457
456
455
454
453
452
460
451
450
449
464
448
447
446
463
462
475
474
461
445
444
443
442
441
440
439
438
437
436
467
472
480
486
489
510
509
539
551
556
587
588
601
602
600
568
559
569
581
570
560
552
553
561
571
582
591
592
593
594
603
619
623
628
648
652
627
651
653
654
655
656
657
658
659
660
661
662
645
644
643
642
636
641
635
611
610
609
608
599
598
597
596
607
633
632
624
631
640
650
649
639
638
637
629
630
606
605
604
595
583
572
584
573
562
554
555
563
574
575
576
585
577
578
586
579
580
612
613
618
614
615
620
625
646
647
634
622
626
621
616
617
589
590
567
566
565
564
546
549
547
550
548
558
544
507
508
502
543
542
541
545
557
540
536
535
534
533
532
531
530
537
529
528
527
526
525
538
524
523
522
521
520
519
518
517
516
515
514
513
512
511
503
490
482
473
483
491
504
492
493
494
495
476
471
470
496
505
497
498
506
499
500
481
477
478
484
485
487
488
501
479
435
426
425
402
394
395
403
396
412
390
391
375
357
345
344
343
342
311
321
312
322
313
333
266
291
306
305
304
303
307
332
353
356
352
351
355
350
349
348
341
340
330
320
310
319
329
318
328
327
317
326
316
309
297
273
274
298
299
300
275
276
277
278
301
279
280
281
282
283
284
292
285
286
287
288
289
290
264
258
257
256
262
263
246
238
244
237
229
222
221
228
236
261
260
243
235
227
220
217
234
226
219
205
188
189
190
206
207
191
192
208
193
194
195
196
197
198
199
200
201
202
210
211
218
230
240
248
249
250
251
252
254
224
232
225
242
184
183
216
215
231
223
213
212
177
176
175
174
182
173
172
181
171
170
163
162
161
150
145
149
144
135
136
137
113
114
115
116
117
118
130
119
120
121
122
123
124
125
126
127
138
151
157
164
152
139
128
129
140
154
165
166
159
167
160
155
141
131
106
94
92
91
89
83
53
55
46
41
47
39
36
38
40
52
45
32
6
31
30
29
28
27
5
26
25
35
24
23
4
22
21
20
19
18
3
17
16
2
14
15
34
50
44
37
13
12
11
10
9
1
8
7
33
51
48
42
43
49
56
57
58
54
59
69
60
61
70
73
74
62
63
64
75
76
82
77
71
65
66
72
67
68
81
80
79
78
105
101
100
104
103
99
102
97
90
86
85
88
84
87
93
98
95
96
107
132
133
134
108
109
110
111
112
142
143
148
156
180
179
169
168
187
186
233
178
147
146
153
158
203
209
214
204
185
241
239
265
247
253
245
255
259
272
271
270
296
295
269
268
267
294
293
302
331
335
346
334
336
337
323
314
324
315
308
325
338
347
354
339
366
365
364
363
362
361
360
378
377
376
359
358
388

improvements: 117
initial-cycle-weight: 3587
final-cycle-weight: 2693
413
423
427
428
438
437
436
467
472
480
486
489
482
490
503
511
510
509
539
551
556
587
588
601
602
600
568
559
569
581
570
560
552
553
561
571
582
591
592
593
594
603
619
623
628
648
652
627
651
653
654
655
656
657
658
659
660
661
662
645
644
643
642
636
641
635
611
610
609
608
599
598
597
596
607
633
632
624
631
640
650
649
639
638
637
629
630
606
605
604
595
583
572
584
573
562
554
555
563
574
575
576
585
577
578
586
579
580
612
613
618
614
615
620
625
646
647
634
622
626
621
616
617
589
590
567
566
565
564
546
549
547
550
548
558
544
507
508
502
543
542
541
545
557
540
536
535
534
533
532
531
530
537
529
528
527
526
525
538
524
523
522
521
520
519
518
517
516
515
514
513
512
493
492
504
491
483
473
439
440
441
442
443
444
445
461
474
475
462
463
446
447
448
449
464
470
471
476
495
494
496
505
497
498
506
499
500
481
450
451
460
452
453
454
455
456
457
458
465
477
484
485
487
488
501
479
478
466
468
469
459
435
426
425
424
422
421
420
414
433
432
431
419
434
411
401
384
369
370
371
372
373
374
385
386
392
387
389
394
402
395
403
396
412
390
391
375
357
345
344
343
342
311
321
312
322
313
333
266
291
306
305
304
303
307
332
353
356
352
351
355
350
349
330
320
310
319
329
328
318
309
317
327
326
316
297
273
274
298
299
300
275
276
277
278
301
279
280
281
282
283
284
292
285
286
287
288
289
290
264
258
257
256
262
263
246
238
244
237
229
222
221
228
236
261
260
243
235
227
220
217
234
226
219
205
188
189
190
206
207
191
192
208
193
194
195
196
197
198
199
200
201
202
210
211
218
230
240
248
249
250
251
252
254
224
232
225
242
184
183
216
215
231
223
213
212
177
176
175
174
182
173
172
181
171
170
163
162
161
149
144
150
145
137
136
135
113
114
115
116
117
118
130
119
120
121
122
123
124
125
126
127
138
151
157
164
152
139
128
129
140
154
165
166
159
167
160
155
141
131
106
94
92
91
89
83
53
55
46
41
47
39
36
38
40
52
45
32
6
31
30
29
28
27
5
26
25
35
24
23
4
22
21
20
19
18
3
17
16
2
14
15
34
50
44
37
13
12
11
10
9
1
8
7
33
51
48
42
43
49
56
57
58
54
59
69
60
61
70
73
74
62
63
64
75
76
82
77
71
65
66
72
67
68
81
80
79
78
105
101
100
104
103
99
102
97
90
86
85
88
84
87
93
98
95
96
107
132
133
134
108
109
110
111
112
142
143
148
156
180
179
169
168
187
186
233
178
147
146
153
158
203
209
214
204
185
241
239
265
247
253
245
255
293
302
331
335
346
334
336
337
323
314
324
315
308
294
267
268
269
295
296
270
259
272
271
325
338
347
354
339
340
341
348
368
367
383
382
381
380
366
365
364
363
362
379
393
399
409
400
410
430
418
417
416
408
398
407
415
429
406
397
361
360
378
377
405
404
376
359
358
388

improvements: 132
initial-cycle-weight: 3685
final-cycle-weight: 2742
4
5
6
32
31
30
29
28
27
26
25
35
24
23
22
21
20
19
18
17
16
34
37
44
50
54
59
69
60
61
70
62
63
64
71
65
66
72
78
79
80
81
67
68
52
45
40
38
36
39
47
41
46
55
53
83
89
91
92
94
106
131
141
155
160
167
159
166
165
154
140
129
128
139
152
164
157
151
138
127
126
125
124
123
122
121
120
119
130
118
117
116
115
114
137
136
144
149
145
150
162
163
170
171
181
172
173
182
174
175
176
177
212
213
223
231
215
216
183
184
242
225
232
224
254
252
251
250
249
290
289
288
287
286
285
292
284
283
282
281
280
279
301
278
277
276
275
274
298
299
300
310
320
330
329
319
328
318
317
327
339
354
363
364
365
366
340
341
348
349
350
355
351
352
356
353
332
307
303
304
305
306
291
266
333
313
322
312
321
311
342
343
344
345
357
375
391
390
412
396
403
395
394
402
425
426
435
479
501
488
487
485
478
477
484
481
500
499
506
498
497
505
496
470
471
476
495
494
493
492
504
491
483
473
482
490
503
511
512
513
514
515
516
517
518
519
520
521
522
523
524
538
525
526
527
528
529
537
530
531
532
533
534
535
536
540
557
545
541
542
543
502
508
507
544
558
548
550
547
549
546
564
565
566
567
590
589
617
616
621
626
622
634
647
646
625
620
615
614
618
613
612
580
579
586
578
577
585
576
575
574
563
555
554
562
573
584
572
583
595
604
605
606
630
629
637
638
639
649
650
640
631
624
632
633
607
596
597
598
599
608
609
610
611
635
641
636
642
643
644
645
662
661
660
659
658
657
656
655
654
653
651
627
652
648
628
623
619
603
594
593
592
591
582
571
561
553
552
560
570
581
569
559
568
600
602
601
588
587
556
551
539
509
510
489
486
480
472
467
436
437
438
439
440
441
442
443
444
445
461
474
475
462
463
446
447
448
464
449
450
451
460
452
453
454
455
456
457
458
465
466
468
469
459
424
422
421
389
387
392
386
385
374
373
372
371
370
414
420
433
432
431
434
419
411
401
384
369
368
367
383
382
381
380
399
409
400
410
430
418
417
416
408
398
407
415
429
406
397
393
379
362
361
360
378
377
405
404
428
427
423
413
376
359
358
388
346
335
331
334
336
337
323
314
324
315
325
338
347
326
316
309
297
273
272
271
270
296
295
269
268
267
294
308
293
302
265
247
253
245
255
241
239
209
203
158
153
185
204
214
233
259
260
261
236
228
221
222
229
237
244
238
246
263
262
256
257
258
264
248
240
230
218
211
210
202
201
200
199
198
197
196
195
194
193
208
192
191
207
206
190
189
188
205
217
220
227
235
243
234
226
219
187
186
168
169
179
180
161
156
148
143
142
147
178
146
107
132
133
134
108
109
110
111
112
135
113
102
99
103
104
100
105
101
82
77
76
75
74
73
58
57
56
86
90
97
96
95
98
93
88
85
84
87
51
48
42
33
7
8
1
9
43
49
10
11
12
13
14
15
2
3

improvements: 120
initial-cycle-weight: 3675
final-cycle-weight: 2661
413
423
427
428
438
437
436
467
472
480
486
489
482
490
503
511
510
509
539
551
556
587
588
601
602
600
568
559
569
581
570
560
552
553
561
571
582
591
592
593
594
603
619
623
628
648
652
627
651
653
654
655
656
657
658
659
660
661
662
645
644
643
642
636
641
635
611
610
609
608
599
598
597
596
607
633
632
624
631
640
650
649
639
638
637
629
630
606
605
604
595
583
572
584
573
562
554
555
563
574
575
576
585
577
578
586
579
580
612
613
618
614
615
620
625
646
647
634
622
626
621
616
617
589
590
567
566
565
564
546
549
547
550
548
558
544
507
508
502
543
542
541
545
557
540
536
535
534
533
532
531
530
537
529
528
527
526
525
538
524
523
522
521
520
519
518
517
516
515
514
513
512
493
492
504
491
483
473
439
440
441
442
443
444
445
461
474
475
462
463
446
447
448
434
401
411
419
431
432
433
414
420
421
422
424
459
469
468
466
465
458
457
456
455
454
453
452
460
451
450
449
464
470
471
476
495
494
496
505
497
498
506
499
500
481
477
478
484
485
487
488
501
479
435
426
425
402
394
395
403
396
412
357
375
391
390
389
387
392
386
385
374
373
372
371
370
384
369
368
367
383
382
381
380
366
365
364
363
362
379
393
399
409
400
410
430
418
417
416
408
398
407
415
429
406
397
361
354
339
327
317
326
316
309
297
273
274
298
299
300
310
320
330
329
319
318
328
340
341
348
349
350
355
351
352
356
353
332
342
343
344
345
321
311
312
322
313
333
266
291
306
305
304
303
307
290
289
288
287
286
285
292
284
283
282
281
280
279
301
278
277
276
275
260
261
262
263
246
238
244
237
229
222
221
228
236
243
235
227
220
217
234
226
219
205
188
189
190
206
207
191
192
208
193
194
195
196
197
198
199
200
201
202
210
211
218
230
240
256
257
258
264
248
249
250
251
252
254
224
232
225
242
184
183
216
215
231
223
213
212
177
176
175
174
182
173
172
181
171
170
163
162
161
150
145
149
144
135
136
137
113
114
115
116
117
118
130
119
120
121
122
123
124
125
126
127
138
151
157
164
152
139
128
129
140
154
165
166
159
167
160
155
141
131
106
94
92
91
89
83
53
55
46
41
47
39
36
38
40
52
45
32
6
31
30
29
28
27
5
26
25
35
24
23
4
22
21
20
19
18
3
17
16
2
14
15
34
50
44
37
13
12
11
10
9
1
8
7
33
51
48
42
43
49
56
57
58
54
59
69
60
61
70
73
74
62
63
64
75
76
82
77
71
65
66
72
67
68
81
80
79
78
105
101
100
104
103
99
102
97
90
86
85
88
84
87
93
98
95
96
107
132
133
134
108
109
110
111
112
142
143
148
156
180
179
169
168
187
186
233
178
147
146
153
158
203
209
214
204
185
241
239
265
247
253
245
255
259
272
271
270
296
295
269
268
267
294
293
302
331
335
346
334
336
337
323
314
324
315
308
325
338
347
360
378
377
405
404
376
359
358
388

improvements: 124
initial-cycle-weight: 3670
final-cycle-weight: 2687
234
226
219
217
220
227
235
243
260
261
262
263
246
256
257
258
264
248
240
230
218
211
210
202
201
200
199
198
197
196
195
194
193
208
192
191
207
222
238
229
237
244
236
228
221
206
190
189
188
205
187
186
168
169
179
180
156
148
143
142
112
111
110
109
108
134
133
132
107
96
95
98
93
87
84
88
85
86
90
97
102
99
103
104
100
101
105
78
79
80
81
68
67
72
66
65
71
77
82
76
75
64
63
62
74
73
70
61
60
69
59
54
58
57
56
49
43
42
48
51
33
7
8
1
9
10
11
12
13
37
44
50
34
15
14
2
16
17
3
18
19
20
21
22
4
23
24
35
25
26
5
27
28
29
30
31
6
32
45
52
40
38
36
39
47
41
46
55
53
83
89
91
92
94
106
131
141
155
160
167
159
166
165
154
140
129
128
139
152
164
157
151
138
127
126
125
124
123
122
121
120
119
130
118
117
116
115
114
113
135
136
137
145
150
144
149
161
162
163
170
171
181
172
173
182
174
175
176
177
212
213
223
231
215
216
183
184
242
225
232
224
254
252
251
250
249
290
289
288
287
286
285
292
284
283
282
281
280
279
278
301
277
276
275
274
298
299
300
310
320
330
329
319
328
318
317
327
339
354
363
364
365
366
340
341
348
349
350
355
351
352
356
353
332
307
303
304
305
306
291
266
333
313
322
312
321
311
342
343
344
345
357
375
391
390
412
396
403
395
394
402
425
426
435
479
501
488
487
485
478
477
484
481
500
499
506
498
497
505
496
470
471
476
495
494
493
492
504
491
483
473
482
490
503
511
512
513
514
515
516
517
518
519
520
521
522
523
524
538
525
526
527
528
529
537
530
531
532
533
534
535
536
540
557
545
541
542
543
502
508
507
544
558
548
550
547
549
546
564
565
566
567
590
589
617
616
621
626
622
634
647
646
625
620
615
614
618
613
612
580
579
586
578
577
585
576
575
574
563
555
554
562
573
584
572
583
595
604
605
606
630
629
637
638
639
649
650
640
631
624
632
633
607
596
597
598
599
608
609
610
611
635
641
636
642
643
644
645
662
661
660
659
658
657
656
655
654
653
651
627
652
648
628
623
619
603
594
593
592
591
582
571
561
553
552
560
570
581
569
559
568
600
602
601
588
587
556
551
539
509
510
489
486
480
472
467
436
437
438
439
440
441
442
443
444
445
461
474
475
462
463
446
447
448
464
449
450
451
460
452
453
454
455
456
457
458
465
466
468
469
459
424
422
421
389
387
392
386
385
374
373
372
371
370
414
420
433
432
431
434
419
411
401
384
369
368
367
383
382
381
380
399
409
400
410
430
418
417
416
408
398
407
415
429
406
397
393
379
362
361
360
378
377
405
404
428
427
423
413
376
359
358
388
346
335
331
334
336
337
323
314
324
315
325
338
347
326
316
309
297
273
272
271
270
296
295
269
268
267
294
308
293
302
265
247
253
245
255
241
239
204
185
214
209
203
158
153
146
147
178
233
259

improvements: 119
initial-cycle-weight: 3651
final-cycle-weight: 2687
501
488
487
485
484
477
481
500
499
506
498
497
505
496
494
495
476
471
470
464
448
447
446
463
462
475
474
461
445
444
443
442
441
440
439
473
483
491
504
492
493
512
513
514
515
516
517
518
519
520
521
522
523
524
538
525
526
527
528
529
537
530
531
532
533
534
535
536
540
557
545
541
542
543
502
508
507
544
558
548
550
547
549
546
564
565
566
567
590
589
617
616
621
626
622
634
647
646
625
620
615
614
618
613
612
580
579
586
578
577
585
576
575
574
563
555
554
562
573
584
572
583
595
604
605
606
630
629
637
638
639
649
650
640
631
624
632
633
607
596
597
598
599
608
609
610
611
635
641
636
642
643
644
645
662
661
660
659
658
657
656
655
654
653
651
627
652
648
628
623
619
603
594
593
592
591
582
571
561
553
552
560
570
581
569
559
568
600
602
601
588
587
556
551
539
509
510
511
503
490
482
489
486
480
472
467
436
437
438
428
427
423
413
388
358
359
376
404
405
377
378
360
361
397
406
398
407
415
429
416
417
418
430
410
400
409
408
399
393
379
362
363
364
365
366
380
381
382
383
367
368
341
340
339
354
347
338
325
308
315
324
314
323
337
336
334
346
335
331
302
293
294
267
268
269
295
296
270
271
272
259
255
245
253
247
265
239
241
185
204
214
209
203
158
153
146
147
178
233
186
187
168
169
179
180
156
148
143
142
112
111
110
109
108
134
133
132
107
96
95
98
93
87
84
88
85
86
90
97
102
99
103
104
100
101
105
78
79
80
81
68
67
72
66
65
71
77
82
76
75
64
63
62
74
73
70
61
60
69
59
54
58
57
56
49
43
42
48
51
33
7
8
1
9
10
11
12
13
37
44
50
34
15
14
2
16
17
3
18
19
20
21
22
4
23
24
35
25
26
5
27
28
29
30
31
6
32
45
52
40
38
36
39
47
41
46
55
53
83
89
91
92
94
106
131
141
155
160
167
159
166
165
154
140
129
128
139
152
164
157
151
138
127
126
125
124
123
122
121
120
119
130
118
117
116
115
114
113
137
136
135
144
149
145
150
161
162
163
170
171
181
172
173
182
174
175
176
177
212
213
223
231
215
216
183
184
242
225
232
224
254
252
251
250
249
248
240
230
218
211
210
202
201
200
199
198
197
196
195
194
193
208
192
191
207
206
190
189
188
205
219
226
234
217
220
227
235
243
260
261
236
228
221
222
229
237
244
238
246
263
262
256
257
258
264
290
289
288
287
286
285
292
284
283
282
281
280
279
301
278
277
276
275
300
299
298
274
273
297
316
326
327
317
309
318
328
329
319
310
320
330
348
349
350
355
351
352
356
353
332
307
303
304
305
306
291
266
333
313
322
312
321
311
342
343
344
345
357
375
391
390
412
396
403
395
394
402
425
426
435
424
422
421
389
387
392
386
385
374
373
372
371
370
369
384
401
411
414
420
433
432
431
419
434
449
450
451
460
452
453
454
455
456
457
458
465
466
468
469
459
478
479

